Time	Node	AppId	SeqNo	Type	DelayS	DelayUS	RetxCount	HopCount
1.03135	0	1	0	LastDelay	0.0313512	31351.2	1	6
1.03135	0	1	0	FullDelay	0.0313512	31351.2	1	6
1.04155	0	1	1	LastDelay	0.0347207	34720.7	1	6
1.04155	0	1	1	FullDelay	0.0347207	34720.7	1	6
1.05494	0	1	2	LastDelay	0.0412872	41287.2	1	6
1.05494	0	1	2	FullDelay	0.0412872	41287.2	1	6
1.06703	0	1	3	LastDelay	0.0465474	46547.4	1	6
1.06703	0	1	3	FullDelay	0.0465474	46547.4	1	6
1.0854	0	1	4	LastDelay	0.0580982	58098.2	1	6
1.0854	0	1	4	FullDelay	0.0580982	58098.2	1	6
1.09572	0	1	5	LastDelay	0.0615818	61581.8	1	6
1.09572	0	1	5	FullDelay	0.0615818	61581.8	1	6
1.1059	0	1	6	LastDelay	0.0649373	64937.3	1	6
1.1059	0	1	6	FullDelay	0.0649373	64937.3	1	6
1.12136	0	1	7	LastDelay	0.0735689	73568.9	1	6
1.12136	0	1	7	FullDelay	0.0735689	73568.9	1	6
1.14305	0	1	9	LastDelay	0.0816062	81606.2	1	6
1.14305	0	1	9	FullDelay	0.0816062	81606.2	1	6
1.15397	0	1	10	LastDelay	0.0857059	85705.9	1	6
1.15397	0	1	10	FullDelay	0.0857059	85705.9	1	6
1.16307	0	1	11	LastDelay	0.0879773	87977.3	1	6
1.16307	0	1	11	FullDelay	0.0879773	87977.3	1	6
1.17385	0	1	12	LastDelay	0.0919308	91930.8	1	6
1.17385	0	1	12	FullDelay	0.0919308	91930.8	1	6
1.18743	0	1	13	LastDelay	0.0986852	98685.2	1	6
1.18743	0	1	13	FullDelay	0.0986852	98685.2	1	6
1.19655	0	1	14	LastDelay	0.100977	100977	1	6
1.19655	0	1	14	FullDelay	0.100977	100977	1	6
1.20835	0	1	15	LastDelay	0.105949	105949	1	6
1.20835	0	1	15	FullDelay	0.105949	105949	1	6
1.23621	0	1	17	LastDelay	0.120161	120161	1	6
1.23621	0	1	17	FullDelay	0.120161	120161	1	6
1.25715	0	1	19	LastDelay	0.127439	127439	1	6
1.25715	0	1	19	FullDelay	0.127439	127439	1	6
1.26934	0	1	20	LastDelay	0.132809	132809	1	6
1.26934	0	1	20	FullDelay	0.132809	132809	1	6
1.30523	0	1	23	LastDelay	0.148216	148216	1	6
1.30523	0	1	23	FullDelay	0.148216	148216	1	6
1.31441	0	1	24	LastDelay	0.150568	150568	1	6
1.31441	0	1	24	FullDelay	0.150568	150568	1	6
1.32349	0	1	25	LastDelay	0.152819	152819	1	6
1.32349	0	1	25	FullDelay	0.152819	152819	1	6
1.33254	0	1	26	LastDelay	0.15505	155050	1	6
1.33254	0	1	26	FullDelay	0.15505	155050	1	6
1.34957	0	1	27	LastDelay	0.165247	165247	1	6
1.34957	0	1	27	FullDelay	0.165247	165247	1	6
1.35867	0	1	28	LastDelay	0.167518	167518	1	6
1.35867	0	1	28	FullDelay	0.167518	167518	1	6
1.36784	0	1	29	LastDelay	0.16987	169870	1	6
1.36784	0	1	29	FullDelay	0.16987	169870	1	6
1.37692	0	1	30	LastDelay	0.172121	172121	1	6
1.37692	0	1	30	FullDelay	0.172121	172121	1	6
1.38616	0	1	31	LastDelay	0.174532	174532	1	6
1.38616	0	1	31	FullDelay	0.174532	174532	1	6
1.39542	0	1	32	LastDelay	0.176964	176964	1	6
1.39542	0	1	32	FullDelay	0.176964	176964	1	6
1.42827	0	1	33	LastDelay	0.202992	202992	1	6
1.42827	0	1	33	FullDelay	0.202992	202992	1	6
1.44236	0	1	34	LastDelay	0.210257	210257	1	6
1.44236	0	1	34	FullDelay	0.210257	210257	1	6
1.45306	0	1	35	LastDelay	0.214128	214128	1	6
1.45306	0	1	35	FullDelay	0.214128	214128	1	6
1.46356	0	1	36	LastDelay	0.217801	217801	1	6
1.46356	0	1	36	FullDelay	0.217801	217801	1	6
1.47432	0	1	37	LastDelay	0.221729	221729	1	6
1.47432	0	1	37	FullDelay	0.221729	221729	1	6
1.48341	0	1	38	LastDelay	0.224001	224001	1	6
1.48341	0	1	38	FullDelay	0.224001	224001	1	6
1.49249	0	1	39	LastDelay	0.226252	226252	1	6
1.49249	0	1	39	FullDelay	0.226252	226252	1	6
1.51353	0	1	41	LastDelay	0.233633	233633	1	6
1.51353	0	1	41	FullDelay	0.233633	233633	1	6
1.52426	0	1	42	LastDelay	0.237544	237544	1	6
1.52426	0	1	42	FullDelay	0.237544	237544	1	6
1.535	0	1	43	LastDelay	0.241455	241455	1	6
1.535	0	1	43	FullDelay	0.241455	241455	1	6
1.54808	0	1	44	LastDelay	0.247705	247705	1	6
1.54808	0	1	44	FullDelay	0.247705	247705	1	6
1.56559	0	1	45	LastDelay	0.258388	258388	1	6
1.56559	0	1	45	FullDelay	0.258388	258388	1	6
1.5756	0	1	46	LastDelay	0.261578	261578	1	6
1.5756	0	1	46	FullDelay	0.261578	261578	1	6
1.58705	0	1	47	LastDelay	0.266198	266198	1	6
1.58705	0	1	47	FullDelay	0.266198	266198	1	6
1.59953	0	1	48	LastDelay	0.271854	271854	1	6
1.59953	0	1	48	FullDelay	0.271854	271854	1	6
1.6112	0	1	49	LastDelay	0.27669	276690	1	6
1.6112	0	1	49	FullDelay	0.27669	276690	1	6
1.62495	0	1	50	LastDelay	0.283619	283619	1	6
1.62495	0	1	50	FullDelay	0.283619	283619	1	6
1.64821	0	1	51	LastDelay	0.300051	300051	1	6
1.64821	0	1	51	FullDelay	0.300051	300051	1	6
1.65821	0	1	52	LastDelay	0.303221	303221	1	6
1.65821	0	1	52	FullDelay	0.303221	303221	1	6
1.66743	0	1	53	LastDelay	0.305612	305612	1	6
1.66743	0	1	53	FullDelay	0.305612	305612	1	6
1.67889	0	1	54	LastDelay	0.310253	310253	1	6
1.67889	0	1	54	FullDelay	0.310253	310253	1	6
1.68913	0	1	55	LastDelay	0.313667	313667	1	6
1.68913	0	1	55	FullDelay	0.313667	313667	1	6
1.6999	0	1	56	LastDelay	0.31761	317610	1	6
1.6999	0	1	56	FullDelay	0.31761	317610	1	6
1.71394	0	1	8	LastDelay	0.311167	311167	1	2
1.71394	0	1	8	FullDelay	0.659327	659327	2	2
1.7262	0	1	57	LastDelay	0.337082	337082	1	6
1.7262	0	1	57	FullDelay	0.337082	337082	1	6
1.74149	0	1	58	LastDelay	0.345541	345541	1	6
1.74149	0	1	58	FullDelay	0.345541	345541	1	6
1.75171	0	1	59	LastDelay	0.342109	342109	1	6
1.75171	0	1	59	FullDelay	0.342109	342109	1	6
1.76464	0	1	60	LastDelay	0.348217	348217	1	6
1.76464	0	1	60	FullDelay	0.348217	348217	1	6
1.77474	0	1	61	LastDelay	0.351487	351487	1	6
1.77474	0	1	61	FullDelay	0.351487	351487	1	6
1.78414	0	1	62	LastDelay	0.354063	354063	1	6
1.78414	0	1	62	FullDelay	0.354063	354063	1	6
1.7934	0	1	63	LastDelay	0.356494	356494	1	6
1.7934	0	1	63	FullDelay	0.356494	356494	1	6
1.80706	0	1	64	LastDelay	0.363326	363326	1	6
1.80706	0	1	64	FullDelay	0.363326	363326	1	6
1.81722	0	1	65	LastDelay	0.366656	366656	1	6
1.81722	0	1	65	FullDelay	0.366656	366656	1	6
1.82754	0	1	66	LastDelay	0.37015	370150	1	6
1.82754	0	1	66	FullDelay	0.37015	370150	1	6
1.83841	0	1	67	LastDelay	0.374198	374198	1	6
1.83841	0	1	67	FullDelay	0.374198	374198	1	6
1.85004	0	1	68	LastDelay	0.379	379000	1	6
1.85004	0	1	68	FullDelay	0.379	379000	1	6
1.85948	0	1	69	LastDelay	0.381615	381615	1	6
1.85948	0	1	69	FullDelay	0.381615	381615	1	6
1.87315	0	1	16	LastDelay	0.367982	367982	1	2
1.87315	0	1	16	FullDelay	0.763928	763928	2	2
1.88225	0	1	70	LastDelay	0.39756	397560	1	6
1.88225	0	1	70	FullDelay	0.39756	397560	1	6
1.89333	0	1	18	LastDelay	0.381332	381332	1	2
1.89333	0	1	18	FullDelay	0.770452	770452	2	2
1.90738	0	1	71	LastDelay	0.415855	415855	1	6
1.90738	0	1	71	FullDelay	0.415855	415855	1	6
1.91659	0	1	72	LastDelay	0.418247	418247	1	6
1.91659	0	1	72	FullDelay	0.418247	418247	1	6
1.93724	0	1	74	LastDelay	0.411582	411582	1	6
1.93724	0	1	74	FullDelay	0.411582	411582	1	6
1.9519	0	1	75	LastDelay	0.419424	419424	1	6
1.9519	0	1	75	FullDelay	0.419424	419424	1	6
1.96194	0	1	76	LastDelay	0.422634	422634	1	6
1.96194	0	1	76	FullDelay	0.422634	422634	1	6
1.98399	0	1	22	LastDelay	0.424204	424204	1	2
1.98399	0	1	22	FullDelay	0.833804	833804	2	2
1.99403	0	1	77	LastDelay	0.447893	447893	1	6
1.99403	0	1	77	FullDelay	0.447893	447893	1	6
2.00595	0	1	78	LastDelay	0.43934	439340	1	6
2.00595	0	1	78	FullDelay	0.43934	439340	1	6
2.01917	0	1	79	LastDelay	0.445733	445733	1	6
2.01917	0	1	79	FullDelay	0.445733	445733	1	6
2.03052	0	1	80	LastDelay	0.450249	450249	1	6
2.03052	0	1	80	FullDelay	0.450249	450249	1	6
2.04076	0	1	81	LastDelay	0.453664	453664	1	6
2.04076	0	1	81	FullDelay	0.453664	453664	1	6
2.07315	0	1	84	LastDelay	0.465574	465574	1	6
2.07315	0	1	84	FullDelay	0.465574	465574	1	6
2.08404	0	1	85	LastDelay	0.469641	469641	1	6
2.08404	0	1	85	FullDelay	0.469641	469641	1	6
2.09418	0	1	86	LastDelay	0.47295	472950	1	6
2.09418	0	1	86	FullDelay	0.47295	472950	1	6
2.1033	0	1	87	LastDelay	0.475242	475242	1	6
2.1033	0	1	87	FullDelay	0.475242	475242	1	6
2.11325	0	1	88	LastDelay	0.478371	478371	1	6
2.11325	0	1	88	FullDelay	0.478371	478371	1	6
2.12646	0	1	89	LastDelay	0.484754	484754	1	6
2.12646	0	1	89	FullDelay	0.484754	484754	1	6
2.13572	0	1	90	LastDelay	0.487186	487186	1	6
2.13572	0	1	90	FullDelay	0.487186	487186	1	6
2.14551	0	1	91	LastDelay	0.49015	490150	1	6
2.14551	0	1	91	FullDelay	0.49015	490150	1	6
2.15776	0	1	92	LastDelay	0.49557	495570	1	6
2.15776	0	1	92	FullDelay	0.49557	495570	1	6
2.16926	0	1	93	LastDelay	0.50025	500250	1	6
2.16926	0	1	93	FullDelay	0.50025	500250	1	6
2.18799	0	1	94	LastDelay	0.512146	512146	1	6
2.18799	0	1	94	FullDelay	0.512146	512146	1	6
2.19708	0	1	95	LastDelay	0.514418	514418	1	6
2.19708	0	1	95	FullDelay	0.514418	514418	1	6
2.20614	0	1	96	LastDelay	0.516649	516649	1	6
2.20614	0	1	96	FullDelay	0.516649	516649	1	6
2.21528	0	1	97	LastDelay	0.51896	518960	1	6
2.21528	0	1	97	FullDelay	0.51896	518960	1	6
2.22716	0	1	98	LastDelay	0.524011	524011	1	6
2.22716	0	1	98	FullDelay	0.524011	524011	1	6
2.23872	0	1	99	LastDelay	0.528743	528743	1	6
2.23872	0	1	99	FullDelay	0.528743	528743	1	6
2.24781	0	1	100	LastDelay	0.531014	531014	1	6
2.24781	0	1	100	FullDelay	0.531014	531014	1	6
2.26157	0	1	101	LastDelay	0.537939	537939	1	6
2.26157	0	1	101	FullDelay	0.537939	537939	1	6
2.27137	0	1	102	LastDelay	0.540919	540919	1	6
2.27137	0	1	102	FullDelay	0.540919	540919	1	6
2.29481	0	1	103	LastDelay	0.557535	557535	1	6
2.29481	0	1	103	FullDelay	0.557535	557535	1	6
2.30501	0	1	104	LastDelay	0.560901	560901	1	6
2.30501	0	1	104	FullDelay	0.560901	560901	1	6
2.31522	0	1	105	LastDelay	0.564291	564291	1	6
2.31522	0	1	105	FullDelay	0.564291	564291	1	6
2.32742	0	1	106	LastDelay	0.569658	569658	1	6
2.32742	0	1	106	FullDelay	0.569658	569658	1	6
2.3365	0	1	107	LastDelay	0.571909	571909	1	6
2.3365	0	1	107	FullDelay	0.571909	571909	1	6
2.34769	0	1	108	LastDelay	0.576277	576277	1	6
2.34769	0	1	108	FullDelay	0.576277	576277	1	6
2.35938	0	1	109	LastDelay	0.581145	581145	1	6
2.35938	0	1	109	FullDelay	0.581145	581145	1	6
2.3693	0	1	110	LastDelay	0.584235	584235	1	6
2.3693	0	1	110	FullDelay	0.584235	584235	1	6
2.38038	0	1	111	LastDelay	0.588483	588483	1	6
2.38038	0	1	111	FullDelay	0.588483	588483	1	6
2.39361	0	1	40	LastDelay	0.588061	588061	1	2
2.39361	0	1	40	FullDelay	1.12054	1.12054e+06	2	2
2.40889	0	1	112	LastDelay	0.610169	610169	1	6
2.40889	0	1	112	FullDelay	0.610169	610169	1	6
2.42213	0	1	113	LastDelay	0.609759	609759	1	6
2.42213	0	1	113	FullDelay	0.609759	609759	1	6
2.43154	0	1	114	LastDelay	0.612339	612339	1	6
2.43154	0	1	114	FullDelay	0.612339	612339	1	6
2.46116	0	1	115	LastDelay	0.635138	635138	1	6
2.46116	0	1	115	FullDelay	0.635138	635138	1	6
2.4715	0	1	116	LastDelay	0.638645	638645	1	6
2.4715	0	1	116	FullDelay	0.638645	638645	1	6
2.48264	0	1	117	LastDelay	0.642961	642961	1	6
2.48264	0	1	117	FullDelay	0.642961	642961	1	6
2.50343	0	1	119	LastDelay	0.650098	650098	1	6
2.50343	0	1	119	FullDelay	0.650098	650098	1	6
2.51355	0	1	120	LastDelay	0.653388	653388	1	6
2.51355	0	1	120	FullDelay	0.653388	653388	1	6
2.53378	0	1	122	LastDelay	0.659964	659964	1	6
2.53378	0	1	122	FullDelay	0.659964	659964	1	6
2.54383	0	1	123	LastDelay	0.663194	663194	1	6
2.54383	0	1	123	FullDelay	0.663194	663194	1	6
2.56408	0	1	125	LastDelay	0.669791	669791	1	6
2.56408	0	1	125	FullDelay	0.669791	669791	1	6
2.57439	0	1	126	LastDelay	0.673269	673269	1	6
2.57439	0	1	126	FullDelay	0.673269	673269	1	6
2.58502	0	1	127	LastDelay	0.677076	677076	1	6
2.58502	0	1	127	FullDelay	0.677076	677076	1	6
2.59532	0	1	128	LastDelay	0.680546	680546	1	6
2.59532	0	1	128	FullDelay	0.680546	680546	1	6
2.61308	0	1	129	LastDelay	0.691483	691483	1	6
2.61308	0	1	129	FullDelay	0.691483	691483	1	6
2.62226	0	1	130	LastDelay	0.693834	693834	1	6
2.62226	0	1	130	FullDelay	0.693834	693834	1	6
2.63314	0	1	131	LastDelay	0.697882	697882	1	6
2.63314	0	1	131	FullDelay	0.697882	697882	1	6
2.66547	0	1	133	LastDelay	0.71656	716560	1	6
2.66547	0	1	133	FullDelay	0.71656	716560	1	6
2.67574	0	1	134	LastDelay	0.720003	720003	1	6
2.67574	0	1	134	FullDelay	0.720003	720003	1	6
2.68479	0	1	135	LastDelay	0.722234	722234	1	6
2.68479	0	1	135	FullDelay	0.722234	722234	1	6
2.70443	0	1	136	LastDelay	0.735045	735045	1	6
2.70443	0	1	136	FullDelay	0.735045	735045	1	6
2.7208	0	1	137	LastDelay	0.744585	744585	1	6
2.7208	0	1	137	FullDelay	0.744585	744585	1	6
2.73193	0	1	138	LastDelay	0.748894	748894	1	6
2.73193	0	1	138	FullDelay	0.748894	748894	1	6
2.74129	0	1	139	LastDelay	0.751425	751425	1	6
2.74129	0	1	139	FullDelay	0.751425	751425	1	6
2.75037	0	1	140	LastDelay	0.753677	753677	1	6
2.75037	0	1	140	FullDelay	0.753677	753677	1	6
2.76254	0	1	141	LastDelay	0.759016	759016	1	6
2.76254	0	1	141	FullDelay	0.759016	759016	1	6
2.77233	0	1	142	LastDelay	0.761987	761987	1	6
2.77233	0	1	142	FullDelay	0.761987	761987	1	6
2.79166	0	1	144	LastDelay	0.767665	767665	1	6
2.79166	0	1	144	FullDelay	0.767665	767665	1	6
2.81284	0	1	146	LastDelay	0.775183	775183	1	6
2.81284	0	1	146	FullDelay	0.775183	775183	1	6
2.82201	0	1	147	LastDelay	0.777534	777534	1	6
2.82201	0	1	147	FullDelay	0.777534	777534	1	6
2.83437	0	1	148	LastDelay	0.783061	783061	1	6
2.83437	0	1	148	FullDelay	0.783061	783061	1	6
2.84357	0	1	149	LastDelay	0.785432	785432	1	6
2.84357	0	1	149	FullDelay	0.785432	785432	1	6
2.85362	0	1	150	LastDelay	0.788662	788662	1	6
2.85362	0	1	150	FullDelay	0.788662	788662	1	6
2.87027	0	1	151	LastDelay	0.798481	798481	1	6
2.87027	0	1	151	FullDelay	0.798481	798481	1	6
2.88152	0	1	152	LastDelay	0.80291	802910	1	6
2.88152	0	1	152	FullDelay	0.80291	802910	1	6
2.89164	0	1	153	LastDelay	0.8062	806200	1	6
2.89164	0	1	153	FullDelay	0.8062	806200	1	6
2.9007	0	1	154	LastDelay	0.808432	808432	1	6
2.9007	0	1	154	FullDelay	0.808432	808432	1	6
2.91501	0	1	155	LastDelay	0.815915	815915	1	6
2.91501	0	1	155	FullDelay	0.815915	815915	1	6
2.92413	0	1	156	LastDelay	0.818206	818206	1	6
2.92413	0	1	156	FullDelay	0.818206	818206	1	6
2.94145	0	1	157	LastDelay	0.828705	828705	1	6
2.94145	0	1	157	FullDelay	0.828705	828705	1	6
2.95549	0	1	73	LastDelay	0.801787	801787	1	2
2.95549	0	1	73	FullDelay	1.43667	1.43667e+06	2	2
2.96639	0	1	158	LastDelay	0.846815	846815	1	6
2.96639	0	1	158	FullDelay	0.846815	846815	1	6
2.9764	0	1	159	LastDelay	0.850002	850002	1	6
2.9764	0	1	159	FullDelay	0.850002	850002	1	6
2.98548	0	1	160	LastDelay	0.852253	852253	1	6
2.98548	0	1	160	FullDelay	0.852253	852253	1	6
3.00421	0	1	161	LastDelay	0.864152	864152	1	6
3.00421	0	1	161	FullDelay	0.864152	864152	1	6
3.01348	0	1	162	LastDelay	0.866599	866599	1	6
3.01348	0	1	162	FullDelay	0.866599	866599	1	6
3.03545	0	1	21	LastDelay	0.833952	833952	1	2
3.03545	0	1	21	FullDelay	1.89209	1.89209e+06	3	2
3.04452	0	1	164	LastDelay	0.877164	877164	1	6
3.04452	0	1	164	FullDelay	0.877164	877164	1	6
3.05364	0	1	165	LastDelay	0.879455	879455	1	6
3.05364	0	1	165	FullDelay	0.879455	879455	1	6
3.06686	0	1	166	LastDelay	0.885848	885848	1	6
3.06686	0	1	166	FullDelay	0.885848	885848	1	6
3.07863	0	1	167	LastDelay	0.890788	890788	1	6
3.07863	0	1	167	FullDelay	0.890788	890788	1	6
3.08779	0	1	168	LastDelay	0.893119	893119	1	6
3.08779	0	1	168	FullDelay	0.893119	893119	1	6
3.09772	0	1	169	LastDelay	0.889403	889403	1	6
3.09772	0	1	169	FullDelay	0.889403	889403	1	6
3.10709	0	1	170	LastDelay	0.891946	891946	1	6
3.10709	0	1	170	FullDelay	0.891946	891946	1	6
3.1226	0	1	171	LastDelay	0.900628	900628	1	6
3.1226	0	1	171	FullDelay	0.900628	900628	1	6
3.13536	0	1	172	LastDelay	0.906565	906565	1	6
3.13536	0	1	172	FullDelay	0.906565	906565	1	6
3.14624	0	1	173	LastDelay	0.910613	910613	1	6
3.14624	0	1	173	FullDelay	0.910613	910613	1	6
3.15536	0	1	174	LastDelay	0.912904	912904	1	6
3.15536	0	1	174	FullDelay	0.912904	912904	1	6
3.17877	0	1	83	LastDelay	0.915841	915841	1	2
3.17877	0	1	83	FullDelay	1.57803	1.57803e+06	2	2
3.18903	0	1	175	LastDelay	0.939747	939747	1	6
3.18903	0	1	175	FullDelay	0.939747	939747	1	6
3.21602	0	1	177	LastDelay	0.939435	939435	1	6
3.21602	0	1	177	FullDelay	0.939435	939435	1	6
3.22615	0	1	178	LastDelay	0.942742	942742	1	6
3.22615	0	1	178	FullDelay	0.942742	942742	1	6
3.23555	0	1	179	LastDelay	0.945309	945309	1	6
3.23555	0	1	179	FullDelay	0.945309	945309	1	6
3.24551	0	1	180	LastDelay	0.948439	948439	1	6
3.24551	0	1	180	FullDelay	0.948439	948439	1	6
3.25604	0	1	181	LastDelay	0.95215	952150	1	6
3.25604	0	1	181	FullDelay	0.95215	952150	1	6
3.28178	0	1	183	LastDelay	0.964229	964229	1	6
3.28178	0	1	183	FullDelay	0.964229	964229	1	6
3.29203	0	1	184	LastDelay	0.967659	967659	1	6
3.29203	0	1	184	FullDelay	0.967659	967659	1	6
3.30128	0	1	185	LastDelay	0.970083	970083	1	6
3.30128	0	1	185	FullDelay	0.970083	970083	1	6
3.3129	0	1	186	LastDelay	0.974877	974877	1	6
3.3129	0	1	186	FullDelay	0.974877	974877	1	6
3.32331	0	1	187	LastDelay	0.978459	978459	1	6
3.32331	0	1	187	FullDelay	0.978459	978459	1	6
3.34111	0	1	188	LastDelay	0.989431	989431	1	6
3.34111	0	1	188	FullDelay	0.989431	989431	1	6
3.35039	0	1	189	LastDelay	0.991882	991882	1	6
3.35039	0	1	189	FullDelay	0.991882	991882	1	6
3.35949	0	1	190	LastDelay	0.994154	994154	1	6
3.35949	0	1	190	FullDelay	0.994154	994154	1	6
3.36962	0	1	191	LastDelay	0.997464	997464	1	6
3.36962	0	1	191	FullDelay	0.997464	997464	1	6
3.37971	0	1	192	LastDelay	1.00073	1.00073e+06	1	6
3.37971	0	1	192	FullDelay	1.00073	1.00073e+06	1	6
3.39654	0	1	193	LastDelay	1.01073	1.01073e+06	1	6
3.39654	0	1	193	FullDelay	1.01073	1.01073e+06	1	6
3.41057	0	1	194	LastDelay	1.01793	1.01793e+06	1	6
3.41057	0	1	194	FullDelay	1.01793	1.01793e+06	1	6
3.41973	0	1	195	LastDelay	1.02027	1.02027e+06	1	6
3.41973	0	1	195	FullDelay	1.02027	1.02027e+06	1	6
3.43199	0	1	196	LastDelay	1.0257	1.0257e+06	1	6
3.43199	0	1	196	FullDelay	1.0257	1.0257e+06	1	6
3.45021	0	1	198	LastDelay	1.03026	1.03026e+06	1	6
3.45021	0	1	198	FullDelay	1.03026	1.03026e+06	1	6
3.45934	0	1	199	LastDelay	1.03257	1.03257e+06	1	6
3.45934	0	1	199	FullDelay	1.03257	1.03257e+06	1	6
3.46992	0	1	200	LastDelay	1.03632	1.03632e+06	1	6
3.46992	0	1	200	FullDelay	1.03632	1.03632e+06	1	6
3.48191	0	1	201	LastDelay	1.04149	1.04149e+06	1	6
3.48191	0	1	201	FullDelay	1.04149	1.04149e+06	1	6
3.49119	0	1	202	LastDelay	1.04394	1.04394e+06	1	6
3.49119	0	1	202	FullDelay	1.04394	1.04394e+06	1	6
3.5026	0	1	203	LastDelay	1.04852	1.04852e+06	1	6
3.5026	0	1	203	FullDelay	1.04852	1.04852e+06	1	6
3.51359	0	1	204	LastDelay	1.05269	1.05269e+06	1	6
3.51359	0	1	204	FullDelay	1.05269	1.05269e+06	1	6
3.52277	0	1	205	LastDelay	1.05504	1.05504e+06	1	6
3.52277	0	1	205	FullDelay	1.05504	1.05504e+06	1	6
3.53419	0	1	206	LastDelay	1.05963	1.05963e+06	1	6
3.53419	0	1	206	FullDelay	1.05963	1.05963e+06	1	6
3.54743	0	1	207	LastDelay	1.06604	1.06604e+06	1	6
3.54743	0	1	207	FullDelay	1.06604	1.06604e+06	1	6
3.56164	0	1	208	LastDelay	1.07343	1.07343e+06	1	6
3.56164	0	1	208	FullDelay	1.07343	1.07343e+06	1	6
3.57305	0	1	209	LastDelay	1.07801	1.07801e+06	1	6
3.57305	0	1	209	FullDelay	1.07801	1.07801e+06	1	6
3.5841	0	1	210	LastDelay	1.08224	1.08224e+06	1	6
3.5841	0	1	210	FullDelay	1.08224	1.08224e+06	1	6
3.61435	0	1	212	LastDelay	1.09883	1.09883e+06	1	6
3.61435	0	1	212	FullDelay	1.09883	1.09883e+06	1	6
3.63456	0	1	214	LastDelay	1.10538	1.10538e+06	1	6
3.63456	0	1	214	FullDelay	1.10538	1.10538e+06	1	6
3.64452	0	1	215	LastDelay	1.10852	1.10852e+06	1	6
3.64452	0	1	215	FullDelay	1.10852	1.10852e+06	1	6
3.6537	0	1	216	LastDelay	1.11087	1.11087e+06	1	6
3.6537	0	1	216	FullDelay	1.11087	1.11087e+06	1	6
3.66297	0	1	217	LastDelay	1.11331	1.11331e+06	1	6
3.66297	0	1	217	FullDelay	1.11331	1.11331e+06	1	6
3.67743	0	1	218	LastDelay	1.12095	1.12095e+06	1	6
3.67743	0	1	218	FullDelay	1.12095	1.12095e+06	1	6
3.69089	0	1	219	LastDelay	1.12758	1.12758e+06	1	6
3.69089	0	1	219	FullDelay	1.12758	1.12758e+06	1	6
3.70032	0	1	220	LastDelay	1.13019	1.13019e+06	1	6
3.70032	0	1	220	FullDelay	1.13019	1.13019e+06	1	6
3.70956	0	1	221	LastDelay	1.1326	1.1326e+06	1	6
3.70956	0	1	221	FullDelay	1.1326	1.1326e+06	1	6
3.72725	0	1	222	LastDelay	1.14346	1.14346e+06	1	6
3.72725	0	1	222	FullDelay	1.14346	1.14346e+06	1	6
3.73833	0	1	223	LastDelay	1.14772	1.14772e+06	1	6
3.73833	0	1	223	FullDelay	1.14772	1.14772e+06	1	6
3.74849	0	1	224	LastDelay	1.15105	1.15105e+06	1	6
3.74849	0	1	224	FullDelay	1.15105	1.15105e+06	1	6
3.75925	0	1	225	LastDelay	1.15498	1.15498e+06	1	6
3.75925	0	1	225	FullDelay	1.15498	1.15498e+06	1	6
3.76955	0	1	226	LastDelay	1.15845	1.15845e+06	1	6
3.76955	0	1	226	FullDelay	1.15845	1.15845e+06	1	6
3.77917	0	1	227	LastDelay	1.16125	1.16125e+06	1	6
3.77917	0	1	227	FullDelay	1.16125	1.16125e+06	1	6
3.79992	0	1	229	LastDelay	1.16834	1.16834e+06	1	6
3.79992	0	1	229	FullDelay	1.16834	1.16834e+06	1	6
3.80899	0	1	230	LastDelay	1.17059	1.17059e+06	1	6
3.80899	0	1	230	FullDelay	1.17059	1.17059e+06	1	6
3.82168	0	1	231	LastDelay	1.17646	1.17646e+06	1	6
3.82168	0	1	231	FullDelay	1.17646	1.17646e+06	1	6
3.83557	0	1	232	LastDelay	1.18352	1.18352e+06	1	6
3.83557	0	1	232	FullDelay	1.18352	1.18352e+06	1	6
3.85387	0	1	234	LastDelay	1.18816	1.18816e+06	1	6
3.85387	0	1	234	FullDelay	1.18816	1.18816e+06	1	6
3.8632	0	1	235	LastDelay	1.19067	1.19067e+06	1	6
3.8632	0	1	235	FullDelay	1.19067	1.19067e+06	1	6
3.87382	0	1	236	LastDelay	1.19446	1.19446e+06	1	6
3.87382	0	1	236	FullDelay	1.19446	1.19446e+06	1	6
3.88323	0	1	237	LastDelay	1.19704	1.19704e+06	1	6
3.88323	0	1	237	FullDelay	1.19704	1.19704e+06	1	6
3.90022	0	1	238	LastDelay	1.20721	1.20721e+06	1	6
3.90022	0	1	238	FullDelay	1.20721	1.20721e+06	1	6
3.91031	0	1	239	LastDelay	1.21047	1.21047e+06	1	6
3.91031	0	1	239	FullDelay	1.21047	1.21047e+06	1	6
3.92145	0	1	240	LastDelay	1.21479	1.21479e+06	1	6
3.92145	0	1	240	FullDelay	1.21479	1.21479e+06	1	6
3.93408	0	1	241	LastDelay	1.22058	1.22058e+06	1	6
3.93408	0	1	241	FullDelay	1.22058	1.22058e+06	1	6
3.95244	0	1	242	LastDelay	1.23212	1.23212e+06	1	6
3.95244	0	1	242	FullDelay	1.23212	1.23212e+06	1	6
3.96362	0	1	243	LastDelay	1.23647	1.23647e+06	1	6
3.96362	0	1	243	FullDelay	1.23647	1.23647e+06	1	6
3.98278	0	1	245	LastDelay	1.24198	1.24198e+06	1	6
3.98278	0	1	245	FullDelay	1.24198	1.24198e+06	1	6
4.00209	0	1	247	LastDelay	1.24764	1.24764e+06	1	6
4.00209	0	1	247	FullDelay	1.24764	1.24764e+06	1	6
4.01208	0	1	248	LastDelay	1.2508	1.2508e+06	1	6
4.01208	0	1	248	FullDelay	1.2508	1.2508e+06	1	6
4.03794	0	1	250	LastDelay	1.26301	1.26301e+06	1	6
4.03794	0	1	250	FullDelay	1.26301	1.26301e+06	1	6
4.04704	0	1	251	LastDelay	1.26528	1.26528e+06	1	6
4.04704	0	1	251	FullDelay	1.26528	1.26528e+06	1	6
4.05618	0	1	252	LastDelay	1.26759	1.26759e+06	1	6
4.05618	0	1	252	FullDelay	1.26759	1.26759e+06	1	6
4.06977	0	1	118	LastDelay	1.26753	1.26753e+06	1	2
4.06977	0	1	118	FullDelay	2.22326	2.22326e+06	2	2
4.08338	0	1	121	LastDelay	1.27431	1.27431e+06	1	2
4.08338	0	1	121	FullDelay	2.21639	2.21639e+06	2	2
4.10051	0	1	253	LastDelay	1.30509	1.30509e+06	1	6
4.10051	0	1	253	FullDelay	1.30509	1.30509e+06	1	6
4.10963	0	1	254	LastDelay	1.29373	1.29373e+06	1	6
4.10963	0	1	254	FullDelay	1.29373	1.29373e+06	1	6
4.11894	0	1	255	LastDelay	1.29622	1.29622e+06	1	6
4.11894	0	1	255	FullDelay	1.29622	1.29622e+06	1	6
4.12817	0	1	256	LastDelay	1.29862	1.29862e+06	1	6
4.12817	0	1	256	FullDelay	1.29862	1.29862e+06	1	6
4.14761	0	1	124	LastDelay	1.29758	1.29758e+06	1	2
4.14761	0	1	124	FullDelay	2.26014	2.26014e+06	2	2
4.15768	0	1	258	LastDelay	1.31448	1.31448e+06	1	6
4.15768	0	1	258	FullDelay	1.31448	1.31448e+06	1	6
4.17258	0	1	259	LastDelay	1.31572	1.31572e+06	1	6
4.17258	0	1	259	FullDelay	1.31572	1.31572e+06	1	6
4.20644	0	1	262	LastDelay	1.32911	1.32911e+06	1	6
4.20644	0	1	262	FullDelay	1.32911	1.32911e+06	1	6
4.21557	0	1	263	LastDelay	1.33141	1.33141e+06	1	6
4.21557	0	1	263	FullDelay	1.33141	1.33141e+06	1	6
4.22655	0	1	132	LastDelay	1.32191	1.32191e+06	1	2
4.22655	0	1	132	FullDelay	2.28447	2.28447e+06	2	2
4.23671	0	1	264	LastDelay	1.34572	1.34572e+06	1	6
4.23671	0	1	264	FullDelay	1.34572	1.34572e+06	1	6
4.24579	0	1	265	LastDelay	1.34798	1.34798e+06	1	6
4.24579	0	1	265	FullDelay	1.34798	1.34798e+06	1	6
4.2592	0	1	266	LastDelay	1.34774	1.34774e+06	1	6
4.2592	0	1	266	FullDelay	1.34774	1.34774e+06	1	6
4.26835	0	1	267	LastDelay	1.35006	1.35006e+06	1	6
4.26835	0	1	267	FullDelay	1.35006	1.35006e+06	1	6
4.2788	0	1	268	LastDelay	1.35368	1.35368e+06	1	6
4.2788	0	1	268	FullDelay	1.35368	1.35368e+06	1	6
4.28877	0	1	269	LastDelay	1.35683	1.35683e+06	1	6
4.28877	0	1	269	FullDelay	1.35683	1.35683e+06	1	6
4.30176	0	1	270	LastDelay	1.36299	1.36299e+06	1	6
4.30176	0	1	270	FullDelay	1.36299	1.36299e+06	1	6
4.31771	0	1	271	LastDelay	1.37211	1.37211e+06	1	6
4.31771	0	1	271	FullDelay	1.37211	1.37211e+06	1	6
4.32992	0	1	272	LastDelay	1.37749	1.37749e+06	1	6
4.32992	0	1	272	FullDelay	1.37749	1.37749e+06	1	6
4.34009	0	1	273	LastDelay	1.38084	1.38084e+06	1	6
4.34009	0	1	273	FullDelay	1.38084	1.38084e+06	1	6
4.35052	0	1	274	LastDelay	1.38444	1.38444e+06	1	6
4.35052	0	1	274	FullDelay	1.38444	1.38444e+06	1	6
4.36136	0	1	275	LastDelay	1.38845	1.38845e+06	1	6
4.36136	0	1	275	FullDelay	1.38845	1.38845e+06	1	6
4.37155	0	1	276	LastDelay	1.39182	1.39182e+06	1	6
4.37155	0	1	276	FullDelay	1.39182	1.39182e+06	1	6
4.38182	0	1	277	LastDelay	1.39527	1.39527e+06	1	6
4.38182	0	1	277	FullDelay	1.39527	1.39527e+06	1	6
4.39739	0	1	278	LastDelay	1.404	1.404e+06	1	6
4.39739	0	1	278	FullDelay	1.404	1.404e+06	1	6
4.40758	0	1	279	LastDelay	1.40737	1.40737e+06	1	6
4.40758	0	1	279	FullDelay	1.40737	1.40737e+06	1	6
4.41699	0	1	280	LastDelay	1.40995	1.40995e+06	1	6
4.41699	0	1	280	FullDelay	1.40995	1.40995e+06	1	6
4.43014	0	1	281	LastDelay	1.41627	1.41627e+06	1	6
4.43014	0	1	281	FullDelay	1.41627	1.41627e+06	1	6
4.44969	0	1	283	LastDelay	1.42217	1.42217e+06	1	6
4.44969	0	1	283	FullDelay	1.42217	1.42217e+06	1	6
4.4615	0	1	284	LastDelay	1.42715	1.42715e+06	1	6
4.4615	0	1	284	FullDelay	1.42715	1.42715e+06	1	6
4.47525	0	1	143	LastDelay	1.42042	1.42042e+06	1	2
4.47525	0	1	143	FullDelay	2.45807	2.45807e+06	2	2
4.4874	0	1	285	LastDelay	1.44623	1.44623e+06	1	6
4.4874	0	1	285	FullDelay	1.44623	1.44623e+06	1	6
4.49654	0	1	286	LastDelay	1.44855	1.44855e+06	1	6
4.49654	0	1	286	FullDelay	1.44855	1.44855e+06	1	6
4.51405	0	1	145	LastDelay	1.41143	1.41143e+06	1	2
4.51405	0	1	145	FullDelay	2.48322	2.48322e+06	2	2
4.52458	0	1	287	LastDelay	1.46293	1.46293e+06	1	6
4.52458	0	1	287	FullDelay	1.46293	1.46293e+06	1	6
4.5395	0	1	288	LastDelay	1.47102	1.47102e+06	1	6
4.5395	0	1	288	FullDelay	1.47102	1.47102e+06	1	6
4.54889	0	1	289	LastDelay	1.47358	1.47358e+06	1	6
4.54889	0	1	289	FullDelay	1.47358	1.47358e+06	1	6
4.55928	0	1	290	LastDelay	1.47715	1.47715e+06	1	6
4.55928	0	1	290	FullDelay	1.47715	1.47715e+06	1	6
4.56837	0	1	291	LastDelay	1.47941	1.47941e+06	1	6
4.56837	0	1	291	FullDelay	1.47941	1.47941e+06	1	6
4.57743	0	1	292	LastDelay	1.48165	1.48165e+06	1	6
4.57743	0	1	292	FullDelay	1.48165	1.48165e+06	1	6
4.58652	0	1	293	LastDelay	1.47708	1.47708e+06	1	6
4.58652	0	1	293	FullDelay	1.47708	1.47708e+06	1	6
4.60013	0	1	294	LastDelay	1.48386	1.48386e+06	1	6
4.60013	0	1	294	FullDelay	1.48386	1.48386e+06	1	6
4.6102	0	1	295	LastDelay	1.48711	1.48711e+06	1	6
4.6102	0	1	295	FullDelay	1.48711	1.48711e+06	1	6
4.62164	0	1	296	LastDelay	1.49172	1.49172e+06	1	6
4.62164	0	1	296	FullDelay	1.49172	1.49172e+06	1	6
4.63363	0	1	297	LastDelay	1.49688	1.49688e+06	1	6
4.63363	0	1	297	FullDelay	1.49688	1.49688e+06	1	6
4.644	0	1	298	LastDelay	1.50042	1.50042e+06	1	6
4.644	0	1	298	FullDelay	1.50042	1.50042e+06	1	6
4.66378	0	1	299	LastDelay	1.51338	1.51338e+06	1	6
4.66378	0	1	299	FullDelay	1.51338	1.51338e+06	1	6
4.67288	0	1	300	LastDelay	1.51566	1.51566e+06	1	6
4.67288	0	1	300	FullDelay	1.51566	1.51566e+06	1	6
4.68382	0	1	301	LastDelay	1.51977	1.51977e+06	1	6
4.68382	0	1	301	FullDelay	1.51977	1.51977e+06	1	6
4.69291	0	1	302	LastDelay	1.52203	1.52203e+06	1	6
4.69291	0	1	302	FullDelay	1.52203	1.52203e+06	1	6
4.70349	0	1	303	LastDelay	1.52579	1.52579e+06	1	6
4.70349	0	1	303	FullDelay	1.52579	1.52579e+06	1	6
4.71435	0	1	304	LastDelay	1.52982	1.52982e+06	1	6
4.71435	0	1	304	FullDelay	1.52982	1.52982e+06	1	6
4.72348	0	1	305	LastDelay	1.53212	1.53212e+06	1	6
4.72348	0	1	305	FullDelay	1.53212	1.53212e+06	1	6
4.74712	0	1	307	LastDelay	1.54211	1.54211e+06	1	6
4.74712	0	1	307	FullDelay	1.54211	1.54211e+06	1	6
4.75821	0	1	308	LastDelay	1.54637	1.54637e+06	1	6
4.75821	0	1	308	FullDelay	1.54637	1.54637e+06	1	6
4.77133	0	1	309	LastDelay	1.55266	1.55266e+06	1	6
4.77133	0	1	309	FullDelay	1.55266	1.55266e+06	1	6
4.7878	0	1	310	LastDelay	1.56231	1.56231e+06	1	6
4.7878	0	1	310	FullDelay	1.56231	1.56231e+06	1	6
4.79736	0	1	311	LastDelay	1.56504	1.56504e+06	1	6
4.79736	0	1	311	FullDelay	1.56504	1.56504e+06	1	6
4.80715	0	1	312	LastDelay	1.568	1.568e+06	1	6
4.80715	0	1	312	FullDelay	1.568	1.568e+06	1	6
4.81838	0	1	313	LastDelay	1.5724	1.5724e+06	1	6
4.81838	0	1	313	FullDelay	1.5724	1.5724e+06	1	6
4.82774	0	1	314	LastDelay	1.57494	1.57494e+06	1	6
4.82774	0	1	314	FullDelay	1.57494	1.57494e+06	1	6
4.83771	0	1	315	LastDelay	1.57809	1.57809e+06	1	6
4.83771	0	1	315	FullDelay	1.57809	1.57809e+06	1	6
4.84908	0	1	316	LastDelay	1.58263	1.58263e+06	1	6
4.84908	0	1	316	FullDelay	1.58263	1.58263e+06	1	6
4.86057	0	1	317	LastDelay	1.58729	1.58729e+06	1	6
4.86057	0	1	317	FullDelay	1.58729	1.58729e+06	1	6
4.8765	0	1	318	LastDelay	1.59639	1.59639e+06	1	6
4.8765	0	1	318	FullDelay	1.59639	1.59639e+06	1	6
4.88611	0	1	319	LastDelay	1.59917	1.59917e+06	1	6
4.88611	0	1	319	FullDelay	1.59917	1.59917e+06	1	6
4.89722	0	1	320	LastDelay	1.60346	1.60346e+06	1	6
4.89722	0	1	320	FullDelay	1.60346	1.60346e+06	1	6
4.92402	0	1	321	LastDelay	1.61661	1.61661e+06	1	6
4.92402	0	1	321	FullDelay	1.61661	1.61661e+06	1	6
4.94638	0	1	322	LastDelay	1.63214	1.63214e+06	1	6
4.94638	0	1	322	FullDelay	1.63214	1.63214e+06	1	6
4.95545	0	1	323	LastDelay	1.63438	1.63438e+06	1	6
4.95545	0	1	323	FullDelay	1.63438	1.63438e+06	1	6
4.96453	0	1	324	LastDelay	1.63664	1.63664e+06	1	6
4.96453	0	1	324	FullDelay	1.63664	1.63664e+06	1	6
4.9737	0	1	325	LastDelay	1.63898	1.63898e+06	1	6
4.9737	0	1	325	FullDelay	1.63898	1.63898e+06	1	6
4.98302	0	1	326	LastDelay	1.64147	1.64147e+06	1	6
4.98302	0	1	326	FullDelay	1.64147	1.64147e+06	1	6
4.99297	0	1	327	LastDelay	1.6446	1.6446e+06	1	6
4.99297	0	1	327	FullDelay	1.6446	1.6446e+06	1	6
5.00206	0	1	328	LastDelay	1.64686	1.64686e+06	1	6
5.00206	0	1	328	FullDelay	1.64686	1.64686e+06	1	6
5.01194	0	1	329	LastDelay	1.64992	1.64992e+06	1	6
5.01194	0	1	329	FullDelay	1.64992	1.64992e+06	1	6
5.02215	0	1	330	LastDelay	1.6533	1.6533e+06	1	6
5.02215	0	1	330	FullDelay	1.6533	1.6533e+06	1	6
5.03217	0	1	331	LastDelay	1.65649	1.65649e+06	1	6
5.03217	0	1	331	FullDelay	1.65649	1.65649e+06	1	6
5.04633	0	1	82	LastDelay	1.64335	1.64335e+06	1	2
5.04633	0	1	82	FullDelay	3.45242	3.45242e+06	3	2
5.06338	0	1	332	LastDelay	1.68087	1.68087e+06	1	6
5.06338	0	1	332	FullDelay	1.68087	1.68087e+06	1	6
5.0727	0	1	333	LastDelay	1.68337	1.68337e+06	1	6
5.0727	0	1	333	FullDelay	1.68337	1.68337e+06	1	6
5.08285	0	1	334	LastDelay	1.68669	1.68669e+06	1	6
5.08285	0	1	334	FullDelay	1.68669	1.68669e+06	1	6
5.09314	0	1	335	LastDelay	1.68333	1.68333e+06	1	6
5.09314	0	1	335	FullDelay	1.68333	1.68333e+06	1	6
5.10242	0	1	336	LastDelay	1.68578	1.68578e+06	1	6
5.10242	0	1	336	FullDelay	1.68578	1.68578e+06	1	6
5.11223	0	1	337	LastDelay	1.68876	1.68876e+06	1	6
5.11223	0	1	337	FullDelay	1.68876	1.68876e+06	1	6
5.12203	0	1	338	LastDelay	1.69174	1.69174e+06	1	6
5.12203	0	1	338	FullDelay	1.69174	1.69174e+06	1	6
5.14338	0	1	176	LastDelay	1.6926	1.6926e+06	1	2
5.14338	0	1	176	FullDelay	2.87362	2.87362e+06	2	2
5.15439	0	1	340	LastDelay	1.71044	1.71044e+06	1	6
5.15439	0	1	340	FullDelay	1.71044	1.71044e+06	1	6
5.16726	0	1	341	LastDelay	1.70966	1.70966e+06	1	6
5.16726	0	1	341	FullDelay	1.70966	1.70966e+06	1	6
5.17768	0	1	342	LastDelay	1.71326	1.71326e+06	1	6
5.17768	0	1	342	FullDelay	1.71326	1.71326e+06	1	6
5.18864	0	1	343	LastDelay	1.71739	1.71739e+06	1	6
5.18864	0	1	343	FullDelay	1.71739	1.71739e+06	1	6
5.20354	0	1	182	LastDelay	1.69815	1.69815e+06	1	2
5.20354	0	1	182	FullDelay	2.89282	2.89282e+06	2	2
5.22208	0	1	344	LastDelay	1.744	1.744e+06	1	6
5.22208	0	1	344	FullDelay	1.744	1.744e+06	1	6
5.23122	0	1	345	LastDelay	1.74632	1.74632e+06	1	6
5.23122	0	1	345	FullDelay	1.74632	1.74632e+06	1	6
5.25196	0	1	347	LastDelay	1.7534	1.7534e+06	1	6
5.25196	0	1	347	FullDelay	1.7534	1.7534e+06	1	6
5.26134	0	1	348	LastDelay	1.74913	1.74913e+06	1	6
5.26134	0	1	348	FullDelay	1.74913	1.74913e+06	1	6
5.27078	0	1	349	LastDelay	1.75174	1.75174e+06	1	6
5.27078	0	1	349	FullDelay	1.75174	1.75174e+06	1	6
5.27987	0	1	350	LastDelay	1.754	1.754e+06	1	6
5.27987	0	1	350	FullDelay	1.754	1.754e+06	1	6
5.28897	0	1	351	LastDelay	1.75628	1.75628e+06	1	6
5.28897	0	1	351	FullDelay	1.75628	1.75628e+06	1	6
5.30022	0	1	352	LastDelay	1.7607	1.7607e+06	1	6
5.30022	0	1	352	FullDelay	1.7607	1.7607e+06	1	6
5.31846	0	1	353	LastDelay	1.77211	1.77211e+06	1	6
5.31846	0	1	353	FullDelay	1.77211	1.77211e+06	1	6
5.3278	0	1	354	LastDelay	1.77463	1.77463e+06	1	6
5.3278	0	1	354	FullDelay	1.77463	1.77463e+06	1	6
5.33811	0	1	355	LastDelay	1.77811	1.77811e+06	1	6
5.33811	0	1	355	FullDelay	1.77811	1.77811e+06	1	6
5.34924	0	1	356	LastDelay	1.78242	1.78242e+06	1	6
5.34924	0	1	356	FullDelay	1.78242	1.78242e+06	1	6
5.35854	0	1	357	LastDelay	1.78489	1.78489e+06	1	6
5.35854	0	1	357	FullDelay	1.78489	1.78489e+06	1	6
5.368	0	1	358	LastDelay	1.78752	1.78752e+06	1	6
5.368	0	1	358	FullDelay	1.78752	1.78752e+06	1	6
5.37804	0	1	359	LastDelay	1.79073	1.79073e+06	1	6
5.37804	0	1	359	FullDelay	1.79073	1.79073e+06	1	6
5.39333	0	1	360	LastDelay	1.7992	1.7992e+06	1	6
5.39333	0	1	360	FullDelay	1.7992	1.7992e+06	1	6
5.40391	0	1	361	LastDelay	1.80295	1.80295e+06	1	6
5.40391	0	1	361	FullDelay	1.80295	1.80295e+06	1	6
5.42578	0	1	363	LastDelay	1.81117	1.81117e+06	1	6
5.42578	0	1	363	FullDelay	1.81117	1.81117e+06	1	6
5.43695	0	1	364	LastDelay	1.81551	1.81551e+06	1	6
5.43695	0	1	364	FullDelay	1.81551	1.81551e+06	1	6
5.45393	0	1	365	LastDelay	1.82567	1.82567e+06	1	6
5.45393	0	1	365	FullDelay	1.82567	1.82567e+06	1	6
5.47388	0	1	367	LastDelay	1.83196	1.83196e+06	1	6
5.47388	0	1	367	FullDelay	1.83196	1.83196e+06	1	6
5.48389	0	1	368	LastDelay	1.83514	1.83514e+06	1	6
5.48389	0	1	368	FullDelay	1.83514	1.83514e+06	1	6
5.49654	0	1	369	LastDelay	1.84097	1.84097e+06	1	6
5.49654	0	1	369	FullDelay	1.84097	1.84097e+06	1	6
5.50679	0	1	370	LastDelay	1.84439	1.84439e+06	1	6
5.50679	0	1	370	FullDelay	1.84439	1.84439e+06	1	6
5.52052	0	1	371	LastDelay	1.85129	1.85129e+06	1	6
5.52052	0	1	371	FullDelay	1.85129	1.85129e+06	1	6
5.53063	0	1	372	LastDelay	1.85458	1.85458e+06	1	6
5.53063	0	1	372	FullDelay	1.85458	1.85458e+06	1	6
5.54198	0	1	373	LastDelay	1.8591	1.8591e+06	1	6
5.54198	0	1	373	FullDelay	1.8591	1.8591e+06	1	6
5.55406	0	1	374	LastDelay	1.86435	1.86435e+06	1	6
5.55406	0	1	374	FullDelay	1.86435	1.86435e+06	1	6
5.56587	0	1	197	LastDelay	1.86251	1.86251e+06	1	2
5.56587	0	1	197	FullDelay	3.15275	3.15275e+06	2	2
5.5759	0	1	375	LastDelay	1.87936	1.87936e+06	1	6
5.5759	0	1	375	FullDelay	1.87936	1.87936e+06	1	6
5.58601	0	1	376	LastDelay	1.87582	1.87582e+06	1	6
5.58601	0	1	376	FullDelay	1.87582	1.87582e+06	1	6
5.59789	0	1	377	LastDelay	1.88088	1.88088e+06	1	6
5.59789	0	1	377	FullDelay	1.88088	1.88088e+06	1	6
5.60977	0	1	378	LastDelay	1.88593	1.88593e+06	1	6
5.60977	0	1	378	FullDelay	1.88593	1.88593e+06	1	6
5.62044	0	1	379	LastDelay	1.88978	1.88978e+06	1	6
5.62044	0	1	379	FullDelay	1.88978	1.88978e+06	1	6
5.63565	0	1	380	LastDelay	1.89816	1.89816e+06	1	6
5.63565	0	1	380	FullDelay	1.89816	1.89816e+06	1	6
5.64757	0	1	381	LastDelay	1.90325	1.90325e+06	1	6
5.64757	0	1	381	FullDelay	1.90325	1.90325e+06	1	6
5.66823	0	1	383	LastDelay	1.91025	1.91025e+06	1	6
5.66823	0	1	383	FullDelay	1.91025	1.91025e+06	1	6
5.67865	0	1	384	LastDelay	1.91385	1.91385e+06	1	6
5.67865	0	1	384	FullDelay	1.91385	1.91385e+06	1	6
5.69077	0	1	385	LastDelay	1.91914	1.91914e+06	1	6
5.69077	0	1	385	FullDelay	1.91914	1.91914e+06	1	6
5.70269	0	1	386	LastDelay	1.92424	1.92424e+06	1	6
5.70269	0	1	386	FullDelay	1.92424	1.92424e+06	1	6
5.72291	0	1	387	LastDelay	1.93763	1.93763e+06	1	6
5.72291	0	1	387	FullDelay	1.93763	1.93763e+06	1	6
5.73201	0	1	388	LastDelay	1.93991	1.93991e+06	1	6
5.73201	0	1	388	FullDelay	1.93991	1.93991e+06	1	6
5.75125	0	1	390	LastDelay	1.94549	1.94549e+06	1	6
5.75125	0	1	390	FullDelay	1.94549	1.94549e+06	1	6
5.76239	0	1	391	LastDelay	1.9498	1.9498e+06	1	6
5.76239	0	1	391	FullDelay	1.9498	1.9498e+06	1	6
5.77147	0	1	392	LastDelay	1.95206	1.95206e+06	1	6
5.77147	0	1	392	FullDelay	1.95206	1.95206e+06	1	6
5.78231	0	1	393	LastDelay	1.95607	1.95607e+06	1	6
5.78231	0	1	393	FullDelay	1.95607	1.95607e+06	1	6
5.80433	0	1	211	LastDelay	1.95079	1.95079e+06	1	2
5.80433	0	1	211	FullDelay	3.29564	3.29564e+06	2	2
5.81438	0	1	395	LastDelay	1.97449	1.97449e+06	1	6
5.81438	0	1	395	FullDelay	1.97449	1.97449e+06	1	6
5.82447	0	1	396	LastDelay	1.97775	1.97775e+06	1	6
5.82447	0	1	396	FullDelay	1.97775	1.97775e+06	1	6
5.83512	0	1	213	LastDelay	1.97475	1.97475e+06	1	2
5.83512	0	1	213	FullDelay	3.31278	3.31278e+06	2	2
5.84774	0	1	397	LastDelay	1.98054	1.98054e+06	1	6
5.84774	0	1	397	FullDelay	1.98054	1.98054e+06	1	6
5.86373	0	1	398	LastDelay	1.98971	1.98971e+06	1	6
5.86373	0	1	398	FullDelay	1.98971	1.98971e+06	1	6
5.8728	0	1	399	LastDelay	1.99195	1.99195e+06	1	6
5.8728	0	1	399	FullDelay	1.99195	1.99195e+06	1	6
5.8838	0	1	400	LastDelay	1.99612	1.99612e+06	1	6
5.8838	0	1	400	FullDelay	1.99612	1.99612e+06	1	6
41.207	0	1	5838	LastDelay	0.0593724	59372.4	1	6
41.207	0	1	5838	FullDelay	0.0593724	59372.4	1	6
41.237	0	1	5839	LastDelay	0.0825834	82583.4	1	6
41.237	0	1	5839	FullDelay	0.0825834	82583.4	1	6
41.2496	0	1	5840	LastDelay	0.0883564	88356.4	1	6
41.2496	0	1	5840	FullDelay	0.0883564	88356.4	1	6
41.2708	0	1	5841	LastDelay	0.102647	102647	1	6
41.2708	0	1	5841	FullDelay	0.102647	102647	1	6
41.3049	0	1	5842	LastDelay	0.129989	129989	1	6
41.3049	0	1	5842	FullDelay	0.129989	129989	1	6
41.3615	0	1	5843	LastDelay	0.179748	179748	1	6
41.3615	0	1	5843	FullDelay	0.179748	179748	1	6
41.3714	0	1	5844	LastDelay	0.182854	182854	1	6
41.3714	0	1	5844	FullDelay	0.182854	182854	1	6
41.3846	0	1	5845	LastDelay	0.189179	189179	1	6
41.3846	0	1	5845	FullDelay	0.189179	189179	1	6
41.4019	0	1	5846	LastDelay	0.199689	199689	1	6
41.4019	0	1	5846	FullDelay	0.199689	199689	1	6
41.4473	0	1	5847	LastDelay	0.238221	238221	1	6
41.4473	0	1	5847	FullDelay	0.238221	238221	1	6
41.5123	0	1	5850	LastDelay	0.282711	282711	1	6
41.5123	0	1	5850	FullDelay	0.282711	282711	1	6
41.5472	0	1	5851	LastDelay	0.310787	310787	1	6
41.5472	0	1	5851	FullDelay	0.310787	310787	1	6
41.5693	0	1	5852	LastDelay	0.326064	326064	1	6
41.5693	0	1	5852	FullDelay	0.326064	326064	1	6
41.5887	0	1	163	LastDelay	0.338675	338675	1	4
41.5887	0	1	163	FullDelay	39.4282	3.94282e+07	4	4
41.6028	0	1	228	LastDelay	0.345922	345922	1	4
41.6028	0	1	228	FullDelay	38.978	3.8978e+07	3	4
41.6128	0	1	233	LastDelay	0.34916	349160	1	4
41.6128	0	1	233	FullDelay	38.954	3.8954e+07	3	4
41.622	0	1	244	LastDelay	0.351492	351492	1	4
41.622	0	1	244	FullDelay	38.888	3.8888e+07	3	4
41.6566	0	1	246	LastDelay	0.3793	379300	1	4
41.6566	0	1	246	FullDelay	38.909	3.8909e+07	3	4
41.6668	0	1	249	LastDelay	0.382685	382685	1	4
41.6668	0	1	249	FullDelay	38.8987	3.88987e+07	3	4
41.6988	0	1	257	LastDelay	0.407827	407827	1	4
41.6988	0	1	257	FullDelay	38.8624	3.88624e+07	3	4
41.7396	0	1	260	LastDelay	0.441746	441746	1	4
41.7396	0	1	260	FullDelay	38.8759	3.88759e+07	3	4
41.7497	0	1	261	LastDelay	0.445092	445092	1	4
41.7497	0	1	261	FullDelay	38.8792	3.88792e+07	3	4
41.7688	0	1	282	LastDelay	0.457344	457344	1	4
41.7688	0	1	282	FullDelay	38.7481	3.87481e+07	3	4
41.7781	0	1	306	LastDelay	0.459784	459784	1	4
41.7781	0	1	306	FullDelay	38.5799	3.85799e+07	3	4
41.791	0	1	339	LastDelay	0.465908	465908	1	4
41.791	0	1	339	FullDelay	38.3539	3.83539e+07	3	4
41.8103	0	1	346	LastDelay	0.47832	478320	1	4
41.8103	0	1	346	FullDelay	38.3185	3.83185e+07	3	4
41.8498	0	1	362	LastDelay	0.511044	511044	1	4
41.8498	0	1	362	FullDelay	38.242	3.8242e+07	3	4
41.8852	0	1	366	LastDelay	0.539629	539629	1	4
41.8852	0	1	366	FullDelay	38.2501	3.82501e+07	3	4
41.9077	0	1	382	LastDelay	0.555288	555288	1	4
41.9077	0	1	382	FullDelay	38.1566	3.81566e+07	3	4
41.9412	0	1	389	LastDelay	0.581933	581933	1	4
41.9412	0	1	389	FullDelay	38.1422	3.81422e+07	3	4
41.9503	0	1	394	LastDelay	0.584192	584192	1	4
41.9503	0	1	394	FullDelay	38.1172	3.81172e+07	3	4
41.9632	0	1	401	LastDelay	0.590291	590291	1	4
41.9632	0	1	401	FullDelay	38.0687	3.80687e+07	3	4
41.9723	0	1	402	LastDelay	0.59255	592550	1	4
41.9723	0	1	402	FullDelay	38.0709	3.80709e+07	3	4
41.9847	0	1	403	LastDelay	0.598176	598176	1	4
41.9847	0	1	403	FullDelay	38.0766	3.80766e+07	2	4
41.9978	0	1	404	LastDelay	0.604437	604437	1	4
41.9978	0	1	404	FullDelay	38.0828	3.80828e+07	2	4
42.026	0	1	406	LastDelay	0.618975	618975	1	4
42.026	0	1	406	FullDelay	38.0974	3.80974e+07	2	4
42.0668	0	1	407	LastDelay	0.652962	652962	1	4
42.0668	0	1	407	FullDelay	38.1314	3.81314e+07	2	4
42.1601	0	1	410	LastDelay	0.725755	725755	1	4
42.1601	0	1	410	FullDelay	38.2042	3.82042e+07	2	4
42.1692	0	1	411	LastDelay	0.728035	728035	1	4
42.1692	0	1	411	FullDelay	38.2064	3.82064e+07	2	4
42.1882	0	1	412	LastDelay	0.740227	740227	1	4
42.1882	0	1	412	FullDelay	38.2186	3.82186e+07	2	4
42.2074	0	1	413	LastDelay	0.752539	752539	1	4
42.2074	0	1	413	FullDelay	38.2309	3.82309e+07	2	4
42.2183	0	1	414	LastDelay	0.75665	756650	1	4
42.2183	0	1	414	FullDelay	38.235	3.8235e+07	2	4
42.2275	0	1	415	LastDelay	0.759009	759009	1	4
42.2275	0	1	415	FullDelay	38.2374	3.82374e+07	2	4
42.2492	0	1	416	LastDelay	0.773876	773876	1	4
42.2492	0	1	416	FullDelay	38.2523	3.82523e+07	2	4
42.2601	0	1	417	LastDelay	0.77793	777930	1	4
42.2601	0	1	417	FullDelay	38.2495	3.82495e+07	2	4
42.3012	0	1	419	LastDelay	0.805392	805392	1	4
42.3012	0	1	419	FullDelay	38.277	3.8277e+07	2	4
42.3103	0	1	420	LastDelay	0.807652	807652	1	4
42.3103	0	1	420	FullDelay	38.2792	3.82792e+07	2	4
42.3213	0	1	421	LastDelay	0.811824	811824	1	4
42.3213	0	1	421	FullDelay	38.2834	3.82834e+07	2	4
42.3559	0	1	423	LastDelay	0.832846	832846	1	4
42.3559	0	1	423	FullDelay	38.3044	3.83044e+07	2	4
42.375	0	1	424	LastDelay	0.845118	845118	1	4
42.375	0	1	424	FullDelay	38.3167	3.83167e+07	2	4
42.4171	0	1	426	LastDelay	0.873503	873503	1	4
42.4171	0	1	426	FullDelay	38.3451	3.83451e+07	2	4
42.4303	0	1	427	LastDelay	0.879915	879915	1	4
42.4303	0	1	427	FullDelay	38.3515	3.83515e+07	2	4
42.475	0	1	428	LastDelay	0.917793	917793	1	4
42.475	0	1	428	FullDelay	38.3894	3.83894e+07	2	4
42.4955	0	1	429	LastDelay	0.9315	931500	1	4
42.4955	0	1	429	FullDelay	38.4031	3.84031e+07	2	4
42.5178	0	1	430	LastDelay	0.946958	946958	1	4
42.5178	0	1	430	FullDelay	38.4185	3.84185e+07	2	4
42.5371	0	1	431	LastDelay	0.959437	959437	1	4
42.5371	0	1	431	FullDelay	38.4242	3.84242e+07	2	4
42.5481	0	1	432	LastDelay	0.963589	963589	1	4
42.5481	0	1	432	FullDelay	38.4283	3.84283e+07	2	4
42.6233	0	1	434	LastDelay	1.02511	1.02511e+06	1	4
42.6233	0	1	434	FullDelay	38.4899	3.84899e+07	2	4
42.6427	0	1	435	LastDelay	1.03772	1.03772e+06	1	4
42.6427	0	1	435	FullDelay	38.5025	3.85025e+07	2	4
42.6556	0	1	436	LastDelay	1.04377	1.04377e+06	1	4
42.6556	0	1	436	FullDelay	38.5085	3.85085e+07	2	4
42.6811	0	1	437	LastDelay	1.06242	1.06242e+06	1	4
42.6811	0	1	437	FullDelay	38.5272	3.85272e+07	2	4
42.6922	0	1	438	LastDelay	1.06673	1.06673e+06	1	4
42.6922	0	1	438	FullDelay	38.5315	3.85315e+07	2	4
42.7104	0	1	439	LastDelay	1.07813	1.07813e+06	1	4
42.7104	0	1	439	FullDelay	38.5429	3.85429e+07	2	4
42.7359	0	1	440	LastDelay	1.09673	1.09673e+06	1	4
42.7359	0	1	440	FullDelay	38.5615	3.85615e+07	2	4
42.745	0	1	441	LastDelay	1.09901	1.09901e+06	1	4
42.745	0	1	441	FullDelay	38.5637	3.85637e+07	2	4
42.7656	0	1	442	LastDelay	1.11283	1.11283e+06	1	4
42.7656	0	1	442	FullDelay	38.5776	3.85776e+07	2	4
42.8084	0	1	444	LastDelay	1.14194	1.14194e+06	1	4
42.8084	0	1	444	FullDelay	38.6067	3.86067e+07	2	4
42.8176	0	1	445	LastDelay	1.14428	1.14428e+06	1	4
42.8176	0	1	445	FullDelay	38.609	3.8609e+07	2	4
42.8366	0	1	446	LastDelay	1.15649	1.15649e+06	1	4
42.8366	0	1	446	FullDelay	38.6212	3.86212e+07	2	4
42.8676	0	1	447	LastDelay	1.18071	1.18071e+06	1	4
42.8676	0	1	447	FullDelay	38.6455	3.86455e+07	2	4
42.8896	0	1	448	LastDelay	1.19588	1.19588e+06	1	4
42.8896	0	1	448	FullDelay	38.6606	3.86606e+07	2	4
42.9	0	1	449	LastDelay	1.19938	1.19938e+06	1	4
42.9	0	1	449	FullDelay	38.6641	3.86641e+07	2	4
42.9116	0	1	450	LastDelay	1.20416	1.20416e+06	1	4
42.9116	0	1	450	FullDelay	38.6689	3.86689e+07	2	4
42.957	0	1	452	LastDelay	1.23598	1.23598e+06	1	4
42.957	0	1	452	FullDelay	38.7007	3.87007e+07	2	4
42.967	0	1	453	LastDelay	1.2391	1.2391e+06	1	4
42.967	0	1	453	FullDelay	38.7038	3.87038e+07	2	4
43.0064	0	1	454	LastDelay	1.2717	1.2717e+06	1	4
43.0064	0	1	454	FullDelay	38.7364	3.87364e+07	2	4
43.0203	0	1	455	LastDelay	1.27879	1.27879e+06	1	4
43.0203	0	1	455	FullDelay	38.7435	3.87435e+07	2	4
43.0491	0	1	457	LastDelay	1.29391	1.29391e+06	1	4
43.0491	0	1	457	FullDelay	38.7587	3.87587e+07	2	4
43.1103	0	1	460	LastDelay	1.3346	1.3346e+06	1	4
43.1103	0	1	460	FullDelay	38.7789	3.87789e+07	2	4
43.1294	0	1	461	LastDelay	1.34686	1.34686e+06	1	4
43.1294	0	1	461	FullDelay	38.7911	3.87911e+07	2	4
43.1612	0	1	462	LastDelay	1.37192	1.37192e+06	1	4
43.1612	0	1	462	FullDelay	38.8162	3.88162e+07	2	4
43.1705	0	1	463	LastDelay	1.37438	1.37438e+06	1	4
43.1705	0	1	463	FullDelay	38.8186	3.88186e+07	2	4
43.1823	0	1	464	LastDelay	1.37934	1.37934e+06	1	4
43.1823	0	1	464	FullDelay	38.8236	3.88236e+07	2	4
43.2162	0	1	465	LastDelay	1.40638	1.40638e+06	1	4
43.2162	0	1	465	FullDelay	38.8506	3.88506e+07	2	4
43.24	0	1	466	LastDelay	1.42337	1.42337e+06	1	4
43.24	0	1	466	FullDelay	38.8676	3.88676e+07	2	4
43.2508	0	1	467	LastDelay	1.42735	1.42735e+06	1	4
43.2508	0	1	467	FullDelay	38.8716	3.88716e+07	2	4
43.2637	0	1	468	LastDelay	1.43345	1.43345e+06	1	4
43.2637	0	1	468	FullDelay	38.8777	3.88777e+07	2	4
43.3022	0	1	469	LastDelay	1.46512	1.46512e+06	1	4
43.3022	0	1	469	FullDelay	38.9094	3.89094e+07	2	4
43.327	0	1	470	LastDelay	1.48303	1.48303e+06	1	4
43.327	0	1	470	FullDelay	38.9273	3.89273e+07	2	4
43.3405	0	1	471	LastDelay	1.48972	1.48972e+06	1	4
43.3405	0	1	471	FullDelay	38.9203	3.89203e+07	2	4
43.3505	0	1	472	LastDelay	1.49295	1.49295e+06	1	4
43.3505	0	1	472	FullDelay	38.9236	3.89236e+07	2	4
43.3632	0	1	473	LastDelay	1.49876	1.49876e+06	1	4
43.3632	0	1	473	FullDelay	38.9294	3.89294e+07	2	4
43.3832	0	1	474	LastDelay	1.51198	1.51198e+06	1	4
43.3832	0	1	474	FullDelay	38.9426	3.89426e+07	2	4
43.4248	0	1	475	LastDelay	1.54671	1.54671e+06	1	4
43.4248	0	1	475	FullDelay	38.9773	3.89773e+07	2	4
43.4373	0	1	476	LastDelay	1.55239	1.55239e+06	1	4
43.4373	0	1	476	FullDelay	38.9762	3.89762e+07	2	4
43.4555	0	1	477	LastDelay	1.56375	1.56375e+06	1	4
43.4555	0	1	477	FullDelay	38.9875	3.89875e+07	2	4
43.4696	0	1	478	LastDelay	1.57102	1.57102e+06	1	4
43.4696	0	1	478	FullDelay	38.9948	3.89948e+07	2	4
43.4996	0	1	479	LastDelay	1.59421	1.59421e+06	1	4
43.4996	0	1	479	FullDelay	39.018	3.9018e+07	2	4
43.5089	0	1	480	LastDelay	1.59665	1.59665e+06	1	4
43.5089	0	1	480	FullDelay	39.0204	3.90204e+07	2	4
43.5205	0	1	481	LastDelay	1.60143	1.60143e+06	1	4
43.5205	0	1	481	FullDelay	39.0252	3.90252e+07	2	4
43.5464	0	1	483	LastDelay	1.61371	1.61371e+06	1	4
43.5464	0	1	483	FullDelay	39.0375	3.90375e+07	2	4
43.5962	0	1	485	LastDelay	1.64991	1.64991e+06	1	4
43.5962	0	1	485	FullDelay	39.0737	3.90737e+07	2	4
43.6257	0	1	487	LastDelay	1.6657	1.6657e+06	1	4
43.6257	0	1	487	FullDelay	39.0895	3.90895e+07	2	4
43.6349	0	1	488	LastDelay	1.66808	1.66808e+06	1	4
43.6349	0	1	488	FullDelay	39.0919	3.90919e+07	2	4
43.6495	0	1	489	LastDelay	1.67588	1.67588e+06	1	4
43.6495	0	1	489	FullDelay	39.0997	3.90997e+07	2	4
43.661	0	1	490	LastDelay	1.68049	1.68049e+06	1	4
43.661	0	1	490	FullDelay	39.1043	3.91043e+07	2	4
43.6825	0	1	491	LastDelay	1.69517	1.69517e+06	1	4
43.6825	0	1	491	FullDelay	39.119	3.9119e+07	2	4
43.7107	0	1	492	LastDelay	1.71661	1.71661e+06	1	4
43.7107	0	1	492	FullDelay	39.1404	3.91404e+07	2	4
43.7399	0	1	493	LastDelay	1.73895	1.73895e+06	1	4
43.7399	0	1	493	FullDelay	39.1627	3.91627e+07	2	4
43.7491	0	1	494	LastDelay	1.74131	1.74131e+06	1	4
43.7491	0	1	494	FullDelay	39.1651	3.91651e+07	2	4
43.7637	0	1	495	LastDelay	1.74909	1.74909e+06	1	4
43.7637	0	1	495	FullDelay	39.1729	3.91729e+07	2	4
43.7963	0	1	497	LastDelay	1.76805	1.76805e+06	1	4
43.7963	0	1	497	FullDelay	39.1918	3.91918e+07	2	4
43.8268	0	1	498	LastDelay	1.79167	1.79167e+06	1	4
43.8268	0	1	498	FullDelay	39.2155	3.92155e+07	2	4
43.8358	0	1	499	LastDelay	1.79391	1.79391e+06	1	4
43.8358	0	1	499	FullDelay	39.2177	3.92177e+07	2	4
43.8449	0	1	500	LastDelay	1.79621	1.79621e+06	1	4
43.8449	0	1	500	FullDelay	39.22	3.922e+07	2	4
43.893	0	1	501	LastDelay	1.83738	1.83738e+06	1	4
43.893	0	1	501	FullDelay	39.2612	3.92612e+07	2	4
43.9231	0	1	502	LastDelay	1.86073	1.86073e+06	1	4
43.9231	0	1	502	FullDelay	39.2845	3.92845e+07	2	4
43.9362	0	1	503	LastDelay	1.86703	1.86703e+06	1	4
43.9362	0	1	503	FullDelay	39.2908	3.92908e+07	2	4
44.0022	0	1	505	LastDelay	1.91929	1.91929e+06	1	4
44.0022	0	1	505	FullDelay	39.3362	3.93362e+07	2	4
44.0113	0	1	506	LastDelay	1.92155	1.92155e+06	1	4
44.0113	0	1	506	FullDelay	39.3385	3.93385e+07	2	4
44.0322	0	1	507	LastDelay	1.93572	1.93572e+06	1	4
44.0322	0	1	507	FullDelay	39.3527	3.93527e+07	2	4
44.045	0	1	508	LastDelay	1.94164	1.94164e+06	1	4
44.045	0	1	508	FullDelay	39.3586	3.93586e+07	2	4
44.0624	0	1	509	LastDelay	1.95224	1.95224e+06	1	4
44.0624	0	1	509	FullDelay	39.3692	3.93692e+07	2	4
44.0715	0	1	510	LastDelay	1.9545	1.9545e+06	1	4
44.0715	0	1	510	FullDelay	39.3715	3.93715e+07	2	4
44.1142	0	1	511	LastDelay	1.99041	1.99041e+06	1	4
44.1142	0	1	511	FullDelay	39.4074	3.94074e+07	2	4
44.1251	0	1	512	LastDelay	1.99445	1.99445e+06	1	4
44.1251	0	1	512	FullDelay	39.4114	3.94114e+07	2	4
114.082	0	1	11340	LastDelay	0.0390465	39046.5	1	6
114.082	0	1	11340	FullDelay	0.0390465	39046.5	1	6
114.104	0	1	11341	LastDelay	0.0545974	54597.4	1	6
114.104	0	1	11341	FullDelay	0.0545974	54597.4	1	6
114.113	0	1	11342	LastDelay	0.0568367	56836.7	1	6
114.113	0	1	11342	FullDelay	0.0568367	56836.7	1	6
114.169	0	1	11343	LastDelay	0.105999	105999	1	6
114.169	0	1	11343	FullDelay	0.105999	105999	1	6
114.192	0	1	11344	LastDelay	0.121705	121705	1	6
114.192	0	1	11344	FullDelay	0.121705	121705	1	6
114.204	0	1	11345	LastDelay	0.127291	127291	1	6
114.204	0	1	11345	FullDelay	0.127291	127291	1	6
114.258	0	1	11346	LastDelay	0.174678	174678	1	6
114.258	0	1	11346	FullDelay	0.174678	174678	1	6
114.286	0	1	11347	LastDelay	0.194977	194977	1	6
114.286	0	1	11347	FullDelay	0.194977	194977	1	6
114.297	0	1	11348	LastDelay	0.199977	199977	1	6
114.297	0	1	11348	FullDelay	0.199977	199977	1	6
114.31	0	1	405	LastDelay	0.205865	205865	1	6
114.31	0	1	405	FullDelay	110.388	1.10388e+08	3	6
114.353	0	1	418	LastDelay	0.228733	228733	1	6
114.353	0	1	418	FullDelay	110.336	1.10336e+08	3	6
114.487	0	1	443	LastDelay	0.334522	334522	1	6
114.487	0	1	443	FullDelay	110.292	1.10292e+08	3	6
114.498	0	1	451	LastDelay	0.339161	339161	1	6
114.498	0	1	451	FullDelay	110.248	1.10248e+08	3	6
114.508	0	1	456	LastDelay	0.342427	342427	1	6
114.508	0	1	456	FullDelay	110.224	1.10224e+08	3	6
114.536	0	1	458	LastDelay	0.363925	363925	1	6
114.536	0	1	458	FullDelay	110.239	1.10239e+08	3	6
114.561	0	1	459	LastDelay	0.38146	381460	1	6
114.561	0	1	459	FullDelay	110.236	1.10236e+08	3	6
114.571	0	1	482	LastDelay	0.384806	384806	1	6
114.571	0	1	482	FullDelay	110.069	1.10069e+08	3	6
114.589	0	1	484	LastDelay	0.396352	396352	1	6
114.589	0	1	484	FullDelay	110.074	1.10074e+08	3	6
114.612	0	1	486	LastDelay	0.412496	412496	1	6
114.612	0	1	486	FullDelay	110.083	1.10083e+08	3	6
114.622	0	1	496	LastDelay	0.415722	415722	1	6
114.622	0	1	496	FullDelay	110.025	1.10025e+08	3	6
114.668	0	1	504	LastDelay	0.454922	454922	1	6
114.668	0	1	504	FullDelay	110.009	1.10009e+08	3	6
114.689	0	1	513	LastDelay	0.468387	468387	1	6
114.689	0	1	513	FullDelay	109.968	1.09968e+08	3	6
114.717	0	1	514	LastDelay	0.490012	490012	1	6
114.717	0	1	514	FullDelay	109.99	1.0999e+08	3	6
114.729	0	1	515	LastDelay	0.495156	495156	1	6
114.729	0	1	515	FullDelay	109.995	1.09995e+08	3	6
114.758	0	1	516	LastDelay	0.517512	517512	1	6
114.758	0	1	516	FullDelay	110.017	1.10017e+08	3	6
114.803	0	1	518	LastDelay	0.548323	548323	1	6
114.803	0	1	518	FullDelay	110.048	1.10048e+08	3	6
114.834	0	1	519	LastDelay	0.572916	572916	1	6
114.834	0	1	519	FullDelay	110.073	1.10073e+08	3	6
114.849	0	1	520	LastDelay	0.581054	581054	1	6
114.849	0	1	520	FullDelay	110.081	1.10081e+08	3	6
114.861	0	1	521	LastDelay	0.586143	586143	1	6
114.861	0	1	521	FullDelay	110.086	1.10086e+08	3	6
114.873	0	1	522	LastDelay	0.591056	591056	1	6
114.873	0	1	522	FullDelay	110.091	1.10091e+08	3	6
114.913	0	1	523	LastDelay	0.624221	624221	1	6
114.913	0	1	523	FullDelay	110.124	1.10124e+08	3	6
114.926	0	1	524	LastDelay	0.630337	630337	1	6
114.926	0	1	524	FullDelay	110.13	1.1013e+08	3	6
114.935	0	1	525	LastDelay	0.632596	632596	1	6
114.935	0	1	525	FullDelay	110.132	1.10132e+08	3	6
114.964	0	1	526	LastDelay	0.655033	655033	1	6
114.964	0	1	526	FullDelay	110.155	1.10155e+08	3	6
114.974	0	1	527	LastDelay	0.658218	658218	1	6
114.974	0	1	527	FullDelay	110.158	1.10158e+08	3	6
114.998	0	1	528	LastDelay	0.675048	675048	1	6
114.998	0	1	528	FullDelay	110.175	1.10175e+08	3	6
115.009	0	1	529	LastDelay	0.679947	679947	1	6
115.009	0	1	529	FullDelay	110.18	1.1018e+08	3	6
115.02	0	1	530	LastDelay	0.683305	683305	1	6
115.02	0	1	530	FullDelay	110.183	1.10183e+08	3	6
115.033	0	1	531	LastDelay	0.690269	690269	1	6
115.033	0	1	531	FullDelay	110.19	1.1019e+08	3	6
115.047	0	1	532	LastDelay	0.696921	696921	1	6
115.047	0	1	532	FullDelay	110.197	1.10197e+08	3	6
115.108	0	1	533	LastDelay	0.751363	751363	1	6
115.108	0	1	533	FullDelay	110.251	1.10251e+08	3	6
115.158	0	1	535	LastDelay	0.787862	787862	1	6
115.158	0	1	535	FullDelay	110.288	1.10288e+08	3	6
115.185	0	1	536	LastDelay	0.807723	807723	1	6
115.185	0	1	536	FullDelay	110.307	1.10307e+08	3	6
115.212	0	1	538	LastDelay	0.821489	821489	1	6
115.212	0	1	538	FullDelay	110.321	1.10321e+08	3	6
115.244	0	1	539	LastDelay	0.845945	845945	1	6
115.244	0	1	539	FullDelay	110.346	1.10346e+08	3	6
115.276	0	1	541	LastDelay	0.864573	864573	1	6
115.276	0	1	541	FullDelay	110.364	1.10364e+08	3	6
115.295	0	1	542	LastDelay	0.876825	876825	1	6
115.295	0	1	542	FullDelay	110.377	1.10377e+08	3	6
115.342	0	1	545	LastDelay	0.903092	903092	1	6
115.342	0	1	545	FullDelay	110.403	1.10403e+08	3	6
115.39	0	1	546	LastDelay	0.944861	944861	1	6
115.39	0	1	546	FullDelay	110.445	1.10445e+08	3	6
115.411	0	1	547	LastDelay	0.959137	959137	1	6
115.411	0	1	547	FullDelay	110.459	1.10459e+08	3	6
115.421	0	1	548	LastDelay	0.961396	961396	1	6
115.421	0	1	548	FullDelay	110.461	1.10461e+08	3	6
115.479	0	1	549	LastDelay	1.01299	1.01299e+06	1	6
115.479	0	1	549	FullDelay	110.513	1.10513e+08	3	6
115.49	0	1	550	LastDelay	1.01729	1.01729e+06	1	6
115.49	0	1	550	FullDelay	110.517	1.10517e+08	3	6
115.5	0	1	551	LastDelay	1.02039	1.02039e+06	1	6
115.5	0	1	551	FullDelay	110.52	1.1052e+08	3	6
115.521	0	1	553	LastDelay	1.02741	1.02741e+06	1	6
115.521	0	1	553	FullDelay	110.527	1.10527e+08	3	6
115.586	0	1	554	LastDelay	1.08574	1.08574e+06	1	6
115.586	0	1	554	FullDelay	110.579	1.10579e+08	3	6
115.599	0	1	555	LastDelay	1.09219	1.09219e+06	1	6
115.599	0	1	555	FullDelay	110.585	1.10585e+08	3	6
115.61	0	1	556	LastDelay	1.09618	1.09618e+06	1	6
115.61	0	1	556	FullDelay	110.589	1.10589e+08	3	6
115.632	0	1	558	LastDelay	1.10501	1.10501e+06	1	6
115.632	0	1	558	FullDelay	110.598	1.10598e+08	3	6
115.664	0	1	559	LastDelay	1.12957	1.12957e+06	1	6
115.664	0	1	559	FullDelay	110.622	1.10622e+08	3	6
115.686	0	1	560	LastDelay	1.14507	1.14507e+06	1	6
115.686	0	1	560	FullDelay	110.638	1.10638e+08	3	6
115.74	0	1	561	LastDelay	1.1925	1.1925e+06	1	6
115.74	0	1	561	FullDelay	110.685	1.10685e+08	3	6
115.75	0	1	562	LastDelay	1.19481	1.19481e+06	1	6
115.75	0	1	562	FullDelay	110.688	1.10688e+08	3	6
115.79	0	1	564	LastDelay	1.22157	1.22157e+06	1	6
115.79	0	1	564	FullDelay	110.714	1.10714e+08	3	6
115.81	0	1	566	LastDelay	1.22806	1.22806e+06	1	6
115.81	0	1	566	FullDelay	110.721	1.10721e+08	3	6
115.824	0	1	567	LastDelay	1.23485	1.23485e+06	1	6
115.824	0	1	567	FullDelay	110.728	1.10728e+08	3	6
115.842	0	1	568	LastDelay	1.24676	1.24676e+06	1	6
115.842	0	1	568	FullDelay	110.74	1.1074e+08	3	6
115.885	0	1	569	LastDelay	1.28269	1.28269e+06	1	6
115.885	0	1	569	FullDelay	110.776	1.10776e+08	3	6
115.905	0	1	570	LastDelay	1.29609	1.29609e+06	1	6
115.905	0	1	570	FullDelay	110.789	1.10789e+08	3	6
115.969	0	1	571	LastDelay	1.35307	1.35307e+06	1	6
115.969	0	1	571	FullDelay	110.846	1.10846e+08	3	6
115.99	0	1	572	LastDelay	1.36681	1.36681e+06	1	6
115.99	0	1	572	FullDelay	110.86	1.1086e+08	3	6
116.006	0	1	573	LastDelay	1.37648	1.37648e+06	1	6
116.006	0	1	573	FullDelay	110.869	1.10869e+08	3	6
116.021	0	1	574	LastDelay	1.38385	1.38385e+06	1	6
116.021	0	1	574	FullDelay	110.877	1.10877e+08	3	6
116.03	0	1	575	LastDelay	1.38611	1.38611e+06	1	6
116.03	0	1	575	FullDelay	110.872	1.10872e+08	3	6
116.043	0	1	576	LastDelay	1.39217	1.39217e+06	1	6
116.043	0	1	576	FullDelay	110.878	1.10878e+08	3	6
116.056	0	1	577	LastDelay	1.39899	1.39899e+06	1	6
116.056	0	1	577	FullDelay	110.885	1.10885e+08	3	6
116.086	0	1	578	LastDelay	1.42227	1.42227e+06	1	6
116.086	0	1	578	FullDelay	110.908	1.10908e+08	3	6
116.114	0	1	579	LastDelay	1.44338	1.44338e+06	1	6
116.114	0	1	579	FullDelay	110.929	1.10929e+08	3	6
116.205	0	1	581	LastDelay	1.52093	1.52093e+06	1	6
116.205	0	1	581	FullDelay	111.007	1.11007e+08	3	6
116.216	0	1	582	LastDelay	1.52433	1.52433e+06	1	6
116.216	0	1	582	FullDelay	111.01	1.1101e+08	3	6
116.231	0	1	583	LastDelay	1.53318	1.53318e+06	1	6
116.231	0	1	583	FullDelay	111.019	1.11019e+08	3	6
116.262	0	1	584	LastDelay	1.55726	1.55726e+06	1	6
116.262	0	1	584	FullDelay	111.043	1.11043e+08	3	6
116.3	0	1	586	LastDelay	1.58156	1.58156e+06	1	6
116.3	0	1	586	FullDelay	111.068	1.11068e+08	3	6
116.311	0	1	587	LastDelay	1.58597	1.58597e+06	1	6
116.311	0	1	587	FullDelay	111.072	1.11072e+08	3	6
116.32	0	1	588	LastDelay	1.58821	1.58821e+06	1	6
116.32	0	1	588	FullDelay	111.074	1.11074e+08	3	6
116.351	0	1	589	LastDelay	1.61153	1.61153e+06	1	6
116.351	0	1	589	FullDelay	111.098	1.11098e+08	3	6
116.373	0	1	590	LastDelay	1.62756	1.62756e+06	1	6
116.373	0	1	590	FullDelay	111.114	1.11114e+08	3	6
116.441	0	1	592	LastDelay	1.68102	1.68102e+06	1	6
116.441	0	1	592	FullDelay	111.167	1.11167e+08	3	6
116.455	0	1	593	LastDelay	1.68817	1.68817e+06	1	6
116.455	0	1	593	FullDelay	111.174	1.11174e+08	3	6
116.475	0	1	594	LastDelay	1.70143	1.70143e+06	1	6
116.475	0	1	594	FullDelay	111.188	1.11188e+08	3	6
116.503	0	1	595	LastDelay	1.7226	1.7226e+06	1	6
116.503	0	1	595	FullDelay	111.209	1.11209e+08	3	6
116.514	0	1	596	LastDelay	1.72667	1.72667e+06	1	6
116.514	0	1	596	FullDelay	111.213	1.11213e+08	3	6
116.562	0	1	597	LastDelay	1.7688	1.7688e+06	1	6
116.562	0	1	597	FullDelay	111.255	1.11255e+08	3	6
116.572	0	1	598	LastDelay	1.77112	1.77112e+06	1	6
116.572	0	1	598	FullDelay	111.257	1.11257e+08	3	6
116.582	0	1	599	LastDelay	1.77437	1.77437e+06	1	6
116.582	0	1	599	FullDelay	111.26	1.1126e+08	3	6
116.601	0	1	600	LastDelay	1.78643	1.78643e+06	1	6
116.601	0	1	600	FullDelay	111.273	1.11273e+08	3	6
116.629	0	1	601	LastDelay	1.80779	1.80779e+06	1	6
116.629	0	1	601	FullDelay	111.294	1.11294e+08	3	6
116.639	0	1	602	LastDelay	1.81086	1.81086e+06	1	6
116.639	0	1	602	FullDelay	111.297	1.11297e+08	3	6
116.694	0	1	604	LastDelay	1.85215	1.85215e+06	1	6
116.694	0	1	604	FullDelay	111.331	1.11331e+08	3	6
116.706	0	1	605	LastDelay	1.85779	1.85779e+06	1	6
116.706	0	1	605	FullDelay	111.337	1.11337e+08	3	6
116.717	0	1	606	LastDelay	1.8619	1.8619e+06	1	6
116.717	0	1	606	FullDelay	111.341	1.11341e+08	3	6
116.742	0	1	607	LastDelay	1.87985	1.87985e+06	1	6
116.742	0	1	607	FullDelay	111.359	1.11359e+08	3	6
116.785	0	1	608	LastDelay	1.91654	1.91654e+06	1	6
116.785	0	1	608	FullDelay	111.396	1.11396e+08	3	6
116.806	0	1	610	LastDelay	1.92361	1.92361e+06	1	6
116.806	0	1	610	FullDelay	111.403	1.11403e+08	3	6
116.818	0	1	611	LastDelay	1.92854	1.92854e+06	1	6
116.818	0	1	611	FullDelay	111.408	1.11408e+08	3	6
116.83	0	1	612	LastDelay	1.93437	1.93437e+06	1	6
116.83	0	1	612	FullDelay	111.414	1.11414e+08	3	6
116.844	0	1	613	LastDelay	1.9407	1.9407e+06	1	6
116.844	0	1	613	FullDelay	111.42	1.1142e+08	3	6
116.857	0	1	614	LastDelay	1.94764	1.94764e+06	1	6
116.857	0	1	614	FullDelay	111.427	1.11427e+08	3	6
116.877	0	1	615	LastDelay	1.96032	1.96032e+06	1	6
116.877	0	1	615	FullDelay	111.44	1.1144e+08	3	6
116.904	0	1	617	LastDelay	1.97393	1.97393e+06	1	6
116.904	0	1	617	FullDelay	111.446	1.11446e+08	3	6
116.923	0	1	618	LastDelay	1.98563	1.98563e+06	1	6
116.923	0	1	618	FullDelay	111.458	1.11458e+08	3	6
116.938	0	1	619	LastDelay	1.99376	1.99376e+06	1	6
116.938	0	1	619	FullDelay	111.466	1.11466e+08	3	6
116.947	0	1	620	LastDelay	1.99604	1.99604e+06	1	6
116.947	0	1	620	FullDelay	111.468	1.11468e+08	3	6
116.956	0	1	621	LastDelay	1.99828	1.99828e+06	1	6
116.956	0	1	621	FullDelay	111.471	1.11471e+08	3	6
184.26	0	1	1781	LastDelay	0.06684	66840	1	4
184.26	0	1	1781	FullDelay	170.822	1.70822e+08	4	4
184.288	0	1	1783	LastDelay	0.0805853	80585.3	1	4
184.288	0	1	1783	FullDelay	170.836	1.70836e+08	4	4
184.311	0	1	1784	LastDelay	0.0966724	96672.4	1	4
184.311	0	1	1784	FullDelay	170.852	1.70852e+08	4	4
184.356	0	1	1785	LastDelay	0.134914	134914	1	4
184.356	0	1	1785	FullDelay	170.89	1.7089e+08	4	4
184.377	0	1	1786	LastDelay	0.149196	149196	1	4
184.377	0	1	1786	FullDelay	170.905	1.70905e+08	4	4
184.399	0	1	1787	LastDelay	0.16452	164520	1	4
184.399	0	1	1787	FullDelay	170.92	1.7092e+08	4	4
184.423	0	1	1788	LastDelay	0.181148	181148	1	4
184.423	0	1	1788	FullDelay	170.937	1.70937e+08	4	4
184.432	0	1	1789	LastDelay	0.184187	184187	1	4
184.432	0	1	1789	FullDelay	170.94	1.7094e+08	4	4
184.442	0	1	1790	LastDelay	0.187313	187313	1	6
184.442	0	1	1790	FullDelay	170.943	1.70943e+08	4	6
184.459	0	1	1791	LastDelay	0.196753	196753	1	4
184.459	0	1	1791	FullDelay	170.952	1.70952e+08	4	4
184.478	0	1	1792	LastDelay	0.208842	208842	1	4
184.478	0	1	1792	FullDelay	170.964	1.70964e+08	4	4
184.499	0	1	1793	LastDelay	0.223447	223447	1	4
184.499	0	1	1793	FullDelay	170.979	1.70979e+08	4	4
184.511	0	1	1794	LastDelay	0.228966	228966	1	4
184.511	0	1	1794	FullDelay	170.984	1.70984e+08	4	4
184.534	0	1	1795	LastDelay	0.244636	244636	1	4
184.534	0	1	1795	FullDelay	171	1.71e+08	4	4
184.555	0	1	1796	LastDelay	0.258998	258998	1	4
184.555	0	1	1796	FullDelay	171.014	1.71014e+08	4	4
184.61	0	1	1798	LastDelay	0.300401	300401	1	4
184.61	0	1	1798	FullDelay	171.056	1.71056e+08	4	4
184.649	0	1	1797	LastDelay	0.346668	346668	1	6
184.649	0	1	1797	FullDelay	171.102	1.71102e+08	4	6
184.662	0	1	1800	LastDelay	0.339059	339059	1	4
184.662	0	1	1800	FullDelay	171.094	1.71094e+08	4	4
184.671	0	1	1801	LastDelay	0.341338	341338	1	4
184.671	0	1	1801	FullDelay	171.097	1.71097e+08	4	4
184.708	0	1	1802	LastDelay	0.371086	371086	1	4
184.708	0	1	1802	FullDelay	171.126	1.71126e+08	4	4
184.717	0	1	1803	LastDelay	0.373425	373425	1	4
184.717	0	1	1803	FullDelay	171.129	1.71129e+08	4	4
184.726	0	1	1804	LastDelay	0.375685	375685	1	4
184.726	0	1	1804	FullDelay	171.131	1.71131e+08	4	4
184.738	0	1	1805	LastDelay	0.380997	380997	1	6
184.738	0	1	1805	FullDelay	171.136	1.71136e+08	4	6
184.769	0	1	1806	LastDelay	0.404568	404568	1	6
184.769	0	1	1806	FullDelay	171.16	1.7116e+08	4	6
184.787	0	1	1807	LastDelay	0.416094	416094	1	4
184.787	0	1	1807	FullDelay	171.171	1.71171e+08	4	4
184.811	0	1	1808	LastDelay	0.432731	432731	1	4
184.811	0	1	1808	FullDelay	171.188	1.71188e+08	4	4
184.82	0	1	1809	LastDelay	0.434991	434991	1	4
184.82	0	1	1809	FullDelay	171.19	1.7119e+08	4	4
184.849	0	1	1810	LastDelay	0.457229	457229	1	4
184.849	0	1	1810	FullDelay	171.213	1.71213e+08	4	4
184.859	0	1	1811	LastDelay	0.460415	460415	1	4
184.859	0	1	1811	FullDelay	171.216	1.71216e+08	4	4
184.88	0	1	1812	LastDelay	0.474499	474499	1	4
184.88	0	1	1812	FullDelay	171.23	1.7123e+08	4	4
184.9	0	1	1814	LastDelay	0.480867	480867	1	4
184.9	0	1	1814	FullDelay	171.236	1.71236e+08	4	4
184.92	0	1	1815	LastDelay	0.494005	494005	1	4
184.92	0	1	1815	FullDelay	171.249	1.71249e+08	4	4
184.933	0	1	1816	LastDelay	0.50047	500470	1	4
184.933	0	1	1816	FullDelay	171.256	1.71256e+08	4	4
184.955	0	1	1817	LastDelay	0.515211	515211	1	4
184.955	0	1	1817	FullDelay	171.271	1.71271e+08	4	4
184.965	0	1	1818	LastDelay	0.518557	518557	1	4
184.965	0	1	1818	FullDelay	171.274	1.71274e+08	4	4
184.995	0	1	1819	LastDelay	0.541787	541787	1	4
184.995	0	1	1819	FullDelay	171.297	1.71297e+08	4	4
185.018	0	1	1820	LastDelay	0.55851	558510	1	4
185.018	0	1	1820	FullDelay	171.314	1.71314e+08	4	4
185.027	0	1	1821	LastDelay	0.560769	560769	1	4
185.027	0	1	1821	FullDelay	171.316	1.71316e+08	4	4
185.037	0	1	1822	LastDelay	0.563169	563169	1	4
185.037	0	1	1822	FullDelay	171.319	1.71319e+08	4	4
185.069	0	1	1823	LastDelay	0.58835	588350	1	4
185.069	0	1	1823	FullDelay	171.344	1.71344e+08	4	4
185.106	0	1	1824	LastDelay	0.618504	618504	1	4
185.106	0	1	1824	FullDelay	171.374	1.71374e+08	4	4
185.115	0	1	1825	LastDelay	0.620803	620803	1	6
185.115	0	1	1825	FullDelay	171.376	1.71376e+08	4	6
185.145	0	1	1826	LastDelay	0.643749	643749	1	6
185.145	0	1	1826	FullDelay	171.399	1.71399e+08	4	6
185.154	0	1	1827	LastDelay	0.646108	646108	1	6
185.154	0	1	1827	FullDelay	171.402	1.71402e+08	4	6
185.204	0	1	1829	LastDelay	0.682845	682845	1	6
185.204	0	1	1829	FullDelay	171.438	1.71438e+08	4	6
185.216	0	1	1830	LastDelay	0.688317	688317	1	6
185.216	0	1	1830	FullDelay	171.444	1.71444e+08	4	6
185.228	0	1	1831	LastDelay	0.693384	693384	1	6
185.228	0	1	1831	FullDelay	171.449	1.71449e+08	4	6
185.269	0	1	1833	LastDelay	0.720715	720715	1	4
185.269	0	1	1833	FullDelay	171.476	1.71476e+08	4	4
185.304	0	1	1834	LastDelay	0.748272	748272	1	4
185.304	0	1	1834	FullDelay	171.504	1.71504e+08	4	4
185.316	0	1	1835	LastDelay	0.753417	753417	1	4
185.316	0	1	1835	FullDelay	171.509	1.71509e+08	4	4
185.34	0	1	1836	LastDelay	0.770533	770533	1	4
185.34	0	1	1836	FullDelay	171.526	1.71526e+08	4	4
185.361	0	1	1837	LastDelay	0.784784	784784	1	4
185.361	0	1	1837	FullDelay	171.54	1.7154e+08	4	4
185.408	0	1	1840	LastDelay	0.811481	811481	1	4
185.408	0	1	1840	FullDelay	171.567	1.71567e+08	4	4
185.426	0	1	1841	LastDelay	0.823087	823087	1	4
185.426	0	1	1841	FullDelay	171.578	1.71578e+08	4	4
185.436	0	1	1842	LastDelay	0.826373	826373	1	4
185.436	0	1	1842	FullDelay	171.582	1.71582e+08	4	4
185.47	0	1	1843	LastDelay	0.852925	852925	1	4
185.47	0	1	1843	FullDelay	171.608	1.71608e+08	4	4
185.479	0	1	1844	LastDelay	0.855285	855285	1	4
185.479	0	1	1844	FullDelay	171.611	1.71611e+08	4	4
185.499	0	1	1845	LastDelay	0.868703	868703	1	4
185.499	0	1	1845	FullDelay	171.624	1.71624e+08	4	4
185.519	0	1	1846	LastDelay	0.882176	882176	1	4
185.519	0	1	1846	FullDelay	171.638	1.71638e+08	4	4
185.532	0	1	1847	LastDelay	0.887662	887662	1	4
185.532	0	1	1847	FullDelay	171.643	1.71643e+08	4	4
185.57	0	1	1848	LastDelay	0.918658	918658	1	4
185.57	0	1	1848	FullDelay	171.674	1.71674e+08	4	4
185.583	0	1	1849	LastDelay	0.92517	925170	1	6
185.583	0	1	1849	FullDelay	171.681	1.71681e+08	4	6
185.611	0	1	1851	LastDelay	0.940036	940036	1	6
185.611	0	1	1851	FullDelay	171.695	1.71695e+08	4	6
185.623	0	1	1852	LastDelay	0.944502	944502	1	6
185.623	0	1	1852	FullDelay	171.7	1.717e+08	4	6
185.642	0	1	1853	LastDelay	0.956894	956894	1	4
185.642	0	1	1853	FullDelay	171.712	1.71712e+08	4	4
185.667	0	1	1854	LastDelay	0.975379	975379	1	4
185.667	0	1	1854	FullDelay	171.731	1.71731e+08	4	4
185.696	0	1	1855	LastDelay	0.997706	997706	1	4
185.696	0	1	1855	FullDelay	171.753	1.71753e+08	4	4
185.708	0	1	1856	LastDelay	1.00271	1.00271e+06	1	4
185.708	0	1	1856	FullDelay	171.758	1.71758e+08	4	4
185.732	0	1	1857	LastDelay	1.0196	1.0196e+06	1	4
185.732	0	1	1857	FullDelay	171.775	1.71775e+08	4	4
185.755	0	1	1858	LastDelay	1.03621	1.03621e+06	1	6
185.755	0	1	1858	FullDelay	171.792	1.71792e+08	4	6
185.779	0	1	1860	LastDelay	1.04644	1.04644e+06	1	4
185.779	0	1	1860	FullDelay	171.802	1.71802e+08	4	4
185.81	0	1	1861	LastDelay	1.07067	1.07067e+06	1	6
185.81	0	1	1861	FullDelay	171.826	1.71826e+08	4	6
185.842	0	1	1862	LastDelay	1.09582	1.09582e+06	1	6
185.842	0	1	1862	FullDelay	171.851	1.71851e+08	4	6
185.866	0	1	1863	LastDelay	1.11215	1.11215e+06	1	6
185.866	0	1	1863	FullDelay	171.868	1.71868e+08	4	6
185.892	0	1	1864	LastDelay	1.13199	1.13199e+06	1	6
185.892	0	1	1864	FullDelay	171.887	1.71887e+08	4	6
185.922	0	1	1866	LastDelay	1.1485	1.1485e+06	1	4
185.922	0	1	1866	FullDelay	171.904	1.71904e+08	4	4
185.968	0	1	1867	LastDelay	1.18711	1.18711e+06	1	6
185.968	0	1	1867	FullDelay	171.943	1.71943e+08	4	6
185.979	0	1	1868	LastDelay	1.19117	1.19117e+06	1	4
185.979	0	1	1868	FullDelay	171.947	1.71947e+08	4	4
185.999	0	1	1869	LastDelay	1.20449	1.20449e+06	1	6
185.999	0	1	1869	FullDelay	171.96	1.7196e+08	4	6
186.027	0	1	1870	LastDelay	1.22556	1.22556e+06	1	6
186.027	0	1	1870	FullDelay	171.981	1.71981e+08	4	6
186.036	0	1	1871	LastDelay	1.22784	1.22784e+06	1	4
186.036	0	1	1871	FullDelay	171.983	1.71983e+08	4	4
186.078	0	1	1874	LastDelay	1.24948	1.24948e+06	1	4
186.078	0	1	1874	FullDelay	172.005	1.72005e+08	4	4
186.107	0	1	1872	LastDelay	1.29229	1.29229e+06	1	6
186.107	0	1	1872	FullDelay	172.048	1.72048e+08	4	6
186.117	0	1	1873	LastDelay	1.29555	1.29555e+06	1	6
186.117	0	1	1873	FullDelay	172.051	1.72051e+08	4	6
186.138	0	1	1875	LastDelay	1.30283	1.30283e+06	1	4
186.138	0	1	1875	FullDelay	172.058	1.72058e+08	4	4
186.158	0	1	1876	LastDelay	1.31611	1.31611e+06	1	4
186.158	0	1	1876	FullDelay	172.072	1.72072e+08	4	4
186.169	0	1	1877	LastDelay	1.31994	1.31994e+06	1	4
186.169	0	1	1877	FullDelay	172.075	1.72075e+08	4	4
186.192	0	1	1878	LastDelay	1.33588	1.33588e+06	1	4
186.192	0	1	1878	FullDelay	172.091	1.72091e+08	4	4
186.212	0	1	1879	LastDelay	1.34916	1.34916e+06	1	4
186.212	0	1	1879	FullDelay	172.105	1.72105e+08	4	4
186.265	0	1	1881	LastDelay	1.38896	1.38896e+06	1	4
186.265	0	1	1881	FullDelay	172.144	1.72144e+08	4	4
186.276	0	1	1882	LastDelay	1.393	1.393e+06	1	4
186.276	0	1	1882	FullDelay	172.148	1.72148e+08	4	4
186.337	0	1	1884	LastDelay	1.44043	1.44043e+06	1	4
186.337	0	1	1884	FullDelay	172.196	1.72196e+08	4	4
186.346	0	1	1885	LastDelay	1.44271	1.44271e+06	1	4
186.346	0	1	1885	FullDelay	172.198	1.72198e+08	4	4
186.367	0	1	1886	LastDelay	1.45677	1.45677e+06	1	4
186.367	0	1	1886	FullDelay	172.212	1.72212e+08	4	4
186.397	0	1	1887	LastDelay	1.47994	1.47994e+06	1	4
186.397	0	1	1887	FullDelay	172.235	1.72235e+08	4	4
186.46	0	1	1889	LastDelay	1.52877	1.52877e+06	1	4
186.46	0	1	1889	FullDelay	172.284	1.72284e+08	4	4
186.471	0	1	1891	LastDelay	1.52613	1.52613e+06	1	4
186.471	0	1	1891	FullDelay	172.282	1.72282e+08	4	4
186.482	0	1	1892	LastDelay	1.53096	1.53096e+06	1	4
186.482	0	1	1892	FullDelay	172.286	1.72286e+08	4	4
186.492	0	1	1890	LastDelay	1.55463	1.55463e+06	1	6
186.492	0	1	1890	FullDelay	172.31	1.7231e+08	4	6
186.505	0	1	1893	LastDelay	1.54651	1.54651e+06	1	6
186.505	0	1	1893	FullDelay	172.302	1.72302e+08	4	6
186.529	0	1	1895	LastDelay	1.5573	1.5573e+06	1	4
186.529	0	1	1895	FullDelay	172.313	1.72313e+08	4	4
186.539	0	1	1896	LastDelay	1.56045	1.56045e+06	1	4
186.539	0	1	1896	FullDelay	172.316	1.72316e+08	4	4
186.55	0	1	1897	LastDelay	1.56433	1.56433e+06	1	4
186.55	0	1	1897	FullDelay	172.32	1.7232e+08	4	4
186.559	0	1	1898	LastDelay	1.56673	1.56673e+06	1	4
186.559	0	1	1898	FullDelay	172.322	1.72322e+08	4	4
186.591	0	1	1900	LastDelay	1.58472	1.58472e+06	1	6
186.591	0	1	1900	FullDelay	172.34	1.7234e+08	4	6
186.603	0	1	1901	LastDelay	1.58979	1.58979e+06	1	6
186.603	0	1	1901	FullDelay	172.345	1.72345e+08	4	6
186.612	0	1	1902	LastDelay	1.59203	1.59203e+06	1	6
186.612	0	1	1902	FullDelay	172.347	1.72347e+08	4	6
186.628	0	1	1903	LastDelay	1.60121	1.60121e+06	1	6
186.628	0	1	1903	FullDelay	172.357	1.72357e+08	4	6
186.64	0	1	1904	LastDelay	1.60685	1.60685e+06	1	6
186.64	0	1	1904	FullDelay	172.362	1.72362e+08	4	6
186.651	0	1	1905	LastDelay	1.61043	1.61043e+06	1	6
186.651	0	1	1905	FullDelay	172.366	1.72366e+08	4	6
186.664	0	1	1906	LastDelay	1.61715	1.61715e+06	1	4
186.664	0	1	1906	FullDelay	172.373	1.72373e+08	4	4
186.675	0	1	1907	LastDelay	1.62175	1.62175e+06	1	4
186.675	0	1	1907	FullDelay	172.377	1.72377e+08	4	4
186.686	0	1	1908	LastDelay	1.62532	1.62532e+06	1	4
186.686	0	1	1908	FullDelay	172.381	1.72381e+08	4	4
186.709	0	1	1910	LastDelay	1.63438	1.63438e+06	1	4
186.709	0	1	1910	FullDelay	172.39	1.7239e+08	4	4
186.72	0	1	1911	LastDelay	1.63875	1.63875e+06	1	6
186.72	0	1	1911	FullDelay	172.394	1.72394e+08	4	6
186.729	0	1	1912	LastDelay	1.64103	1.64103e+06	1	4
186.729	0	1	1912	FullDelay	172.396	1.72396e+08	4	4
186.758	0	1	1914	LastDelay	1.65609	1.65609e+06	1	4
186.758	0	1	1914	FullDelay	172.411	1.72411e+08	4	4
186.767	0	1	1915	LastDelay	1.65911	1.65911e+06	1	4
186.767	0	1	1915	FullDelay	172.415	1.72415e+08	4	4
186.778	0	1	1916	LastDelay	1.66285	1.66285e+06	1	4
186.778	0	1	1916	FullDelay	172.418	1.72418e+08	4	4
186.787	0	1	1917	LastDelay	1.66513	1.66513e+06	1	4
186.787	0	1	1917	FullDelay	172.421	1.72421e+08	4	4
186.797	0	1	1918	LastDelay	1.66807	1.66807e+06	1	4
186.797	0	1	1918	FullDelay	172.423	1.72423e+08	4	4
186.807	0	1	1919	LastDelay	1.67122	1.67122e+06	1	4
186.807	0	1	1919	FullDelay	172.427	1.72427e+08	4	4
186.818	0	1	1920	LastDelay	1.67563	1.67563e+06	1	4
186.818	0	1	1920	FullDelay	172.431	1.72431e+08	4	4
186.828	0	1	1921	LastDelay	1.67857	1.67857e+06	1	4
186.828	0	1	1921	FullDelay	172.434	1.72434e+08	4	4
186.841	0	1	1922	LastDelay	1.68461	1.68461e+06	1	4
186.841	0	1	1922	FullDelay	172.44	1.7244e+08	4	4
186.85	0	1	1923	LastDelay	1.68687	1.68687e+06	1	4
186.85	0	1	1923	FullDelay	172.442	1.72442e+08	4	4
186.864	0	1	1924	LastDelay	1.69456	1.69456e+06	1	4
186.864	0	1	1924	FullDelay	172.45	1.7245e+08	4	4
186.875	0	1	1925	LastDelay	1.69811	1.69811e+06	1	4
186.875	0	1	1925	FullDelay	172.454	1.72454e+08	4	4
186.888	0	1	1926	LastDelay	1.70479	1.70479e+06	1	4
186.888	0	1	1926	FullDelay	172.46	1.7246e+08	4	4
186.902	0	1	1927	LastDelay	1.71147	1.71147e+06	1	4
186.902	0	1	1927	FullDelay	172.467	1.72467e+08	4	4
186.913	0	1	1928	LastDelay	1.71597	1.71597e+06	1	4
186.913	0	1	1928	FullDelay	172.471	1.72471e+08	4	4
186.938	0	1	1929	LastDelay	1.73396	1.73396e+06	1	4
186.938	0	1	1929	FullDelay	172.489	1.72489e+08	4	4
186.957	0	1	1931	LastDelay	1.73975	1.73975e+06	1	4
186.957	0	1	1931	FullDelay	172.495	1.72495e+08	4	4
186.967	0	1	1932	LastDelay	1.74301	1.74301e+06	1	4
186.967	0	1	1932	FullDelay	172.498	1.72498e+08	4	4
187.011	0	1	1936	LastDelay	1.75923	1.75923e+06	1	4
187.011	0	1	1936	FullDelay	172.515	1.72515e+08	4	4
187.023	0	1	1937	LastDelay	1.76455	1.76455e+06	1	4
187.023	0	1	1937	FullDelay	172.52	1.7252e+08	4	4
187.042	0	1	1938	LastDelay	1.77683	1.77683e+06	1	4
187.042	0	1	1938	FullDelay	172.532	1.72532e+08	4	4
187.051	0	1	1939	LastDelay	1.77907	1.77907e+06	1	4
187.051	0	1	1939	FullDelay	172.534	1.72534e+08	4	4
187.061	0	1	1940	LastDelay	1.78224	1.78224e+06	1	4
187.061	0	1	1940	FullDelay	172.538	1.72538e+08	4	4
187.094	0	1	1943	LastDelay	1.79491	1.79491e+06	1	4
187.094	0	1	1943	FullDelay	172.55	1.7255e+08	4	4
187.106	0	1	1944	LastDelay	1.79921	1.79921e+06	1	4
187.106	0	1	1944	FullDelay	172.555	1.72555e+08	4	4
187.115	0	1	1945	LastDelay	1.80206	1.80206e+06	1	4
187.115	0	1	1945	FullDelay	172.557	1.72557e+08	4	4
187.126	0	1	1946	LastDelay	1.80609	1.80609e+06	1	4
187.126	0	1	1946	FullDelay	172.561	1.72561e+08	4	4
187.135	0	1	1947	LastDelay	1.80843	1.80843e+06	1	4
187.135	0	1	1947	FullDelay	172.564	1.72564e+08	4	4
187.149	0	1	1948	LastDelay	1.81585	1.81585e+06	1	4
187.149	0	1	1948	FullDelay	172.571	1.72571e+08	4	4
187.162	0	1	1949	LastDelay	1.82143	1.82143e+06	1	6
187.162	0	1	1949	FullDelay	172.577	1.72577e+08	4	6
187.174	0	1	1950	LastDelay	1.8272	1.8272e+06	1	6
187.174	0	1	1950	FullDelay	172.583	1.72583e+08	4	6
187.185	0	1	1951	LastDelay	1.83122	1.83122e+06	1	6
187.185	0	1	1951	FullDelay	172.587	1.72587e+08	4	6
187.197	0	1	1952	LastDelay	1.83559	1.83559e+06	1	6
187.197	0	1	1952	FullDelay	172.591	1.72591e+08	4	6
187.206	0	1	1953	LastDelay	1.83798	1.83798e+06	1	4
187.206	0	1	1953	FullDelay	172.593	1.72593e+08	4	4
187.215	0	1	1954	LastDelay	1.8408	1.8408e+06	1	4
187.215	0	1	1954	FullDelay	172.596	1.72596e+08	4	4
187.227	0	1	1955	LastDelay	1.84542	1.84542e+06	1	4
187.227	0	1	1955	FullDelay	172.601	1.72601e+08	4	4
187.236	0	1	1956	LastDelay	1.84823	1.84823e+06	1	4
187.236	0	1	1956	FullDelay	172.604	1.72604e+08	4	4
187.25	0	1	1957	LastDelay	1.85516	1.85516e+06	1	4
187.25	0	1	1957	FullDelay	172.611	1.72611e+08	4	4
187.259	0	1	1958	LastDelay	1.85746	1.85746e+06	1	6
187.259	0	1	1958	FullDelay	172.613	1.72613e+08	4	6
187.269	0	1	1959	LastDelay	1.86016	1.86016e+06	1	6
187.269	0	1	1959	FullDelay	172.616	1.72616e+08	4	6
187.279	0	1	1960	LastDelay	1.8634	1.8634e+06	1	6
187.279	0	1	1960	FullDelay	172.619	1.72619e+08	4	6
187.303	0	1	1962	LastDelay	1.87383	1.87383e+06	1	4
187.303	0	1	1962	FullDelay	172.629	1.72629e+08	4	4
187.314	0	1	1963	LastDelay	1.87834	1.87834e+06	1	4
187.314	0	1	1963	FullDelay	172.634	1.72634e+08	4	4
187.325	0	1	1964	LastDelay	1.88178	1.88178e+06	1	4
187.325	0	1	1964	FullDelay	172.637	1.72637e+08	4	4
187.344	0	1	1966	LastDelay	1.88749	1.88749e+06	1	4
187.344	0	1	1966	FullDelay	172.643	1.72643e+08	4	4
187.353	0	1	1967	LastDelay	1.88982	1.88982e+06	1	4
187.353	0	1	1967	FullDelay	172.645	1.72645e+08	4	4
187.368	0	1	1970	LastDelay	1.88381	1.88381e+06	1	4
187.368	0	1	1970	FullDelay	172.639	1.72639e+08	4	4
187.377	0	1	1971	LastDelay	1.88609	1.88609e+06	1	4
187.377	0	1	1971	FullDelay	172.641	1.72641e+08	4	4
187.388	0	1	1968	LastDelay	1.91756	1.91756e+06	1	6
187.388	0	1	1968	FullDelay	172.673	1.72673e+08	4	6
187.397	0	1	1969	LastDelay	1.92017	1.92017e+06	1	6
187.397	0	1	1969	FullDelay	172.676	1.72676e+08	4	6
187.409	0	1	1972	LastDelay	1.91118	1.91118e+06	1	6
187.409	0	1	1972	FullDelay	172.667	1.72667e+08	4	6
187.421	0	1	1973	LastDelay	1.91713	1.91713e+06	1	4
187.421	0	1	1973	FullDelay	172.673	1.72673e+08	4	4
187.431	0	1	1974	LastDelay	1.91941	1.91941e+06	1	4
187.431	0	1	1974	FullDelay	172.675	1.72675e+08	4	4
187.443	0	1	1975	LastDelay	1.9255	1.9255e+06	1	4
187.443	0	1	1975	FullDelay	172.681	1.72681e+08	4	4
187.454	0	1	1976	LastDelay	1.92886	1.92886e+06	1	4
187.454	0	1	1976	FullDelay	172.684	1.72684e+08	4	4
187.463	0	1	1977	LastDelay	1.93118	1.93118e+06	1	4
187.463	0	1	1977	FullDelay	172.687	1.72687e+08	4	4
187.472	0	1	1978	LastDelay	1.93362	1.93362e+06	1	4
187.472	0	1	1978	FullDelay	172.689	1.72689e+08	4	4
187.483	0	1	1979	LastDelay	1.93783	1.93783e+06	1	6
187.483	0	1	1979	FullDelay	172.693	1.72693e+08	4	6
187.493	0	1	1980	LastDelay	1.94095	1.94095e+06	1	4
187.493	0	1	1980	FullDelay	172.696	1.72696e+08	4	4
187.502	0	1	1981	LastDelay	1.94323	1.94323e+06	1	4
187.502	0	1	1981	FullDelay	172.699	1.72699e+08	4	4
187.514	0	1	1982	LastDelay	1.94847	1.94847e+06	1	4
187.514	0	1	1982	FullDelay	172.704	1.72704e+08	4	4
187.523	0	1	1983	LastDelay	1.95081	1.95081e+06	1	4
187.523	0	1	1983	FullDelay	172.706	1.72706e+08	4	4
187.532	0	1	1984	LastDelay	1.95305	1.95305e+06	1	4
187.532	0	1	1984	FullDelay	172.708	1.72708e+08	4	4
187.542	0	1	1985	LastDelay	1.95619	1.95619e+06	1	4
187.542	0	1	1985	FullDelay	172.712	1.72712e+08	4	4
187.557	0	1	1986	LastDelay	1.96377	1.96377e+06	1	4
187.557	0	1	1986	FullDelay	172.719	1.72719e+08	4	4
187.567	0	1	1987	LastDelay	1.96688	1.96688e+06	1	4
187.567	0	1	1987	FullDelay	172.722	1.72722e+08	4	4
187.576	0	1	1988	LastDelay	1.96963	1.96963e+06	1	4
187.576	0	1	1988	FullDelay	172.725	1.72725e+08	4	4
187.586	0	1	1989	LastDelay	1.97217	1.97217e+06	1	4
187.586	0	1	1989	FullDelay	172.728	1.72728e+08	4	4
187.605	0	1	1992	LastDelay	1.97136	1.97136e+06	1	4
187.605	0	1	1992	FullDelay	172.727	1.72727e+08	4	4
187.636	0	1	1993	LastDelay	1.99542	1.99542e+06	1	4
187.636	0	1	1993	FullDelay	172.751	1.72751e+08	4	4
187.646	0	1	1995	LastDelay	1.99176	1.99176e+06	1	4
187.646	0	1	1995	FullDelay	172.747	1.72747e+08	4	4
