Time	Node	AppId	SeqNo	Type	DelayS	DelayUS	RetxCount	HopCount
1.03135	0	1	0	LastDelay	0.0313512	31351.2	1	6
1.03135	0	1	0	FullDelay	0.0313512	31351.2	1	6
1.04155	0	1	1	LastDelay	0.0347207	34720.7	1	6
1.04155	0	1	1	FullDelay	0.0347207	34720.7	1	6
1.05494	0	1	2	LastDelay	0.0412872	41287.2	1	6
1.05494	0	1	2	FullDelay	0.0412872	41287.2	1	6
1.06703	0	1	3	LastDelay	0.0465474	46547.4	1	6
1.06703	0	1	3	FullDelay	0.0465474	46547.4	1	6
1.0854	0	1	4	LastDelay	0.0580983	58098.3	1	6
1.0854	0	1	4	FullDelay	0.0580983	58098.3	1	6
1.09572	0	1	5	LastDelay	0.0615818	61581.8	1	6
1.09572	0	1	5	FullDelay	0.0615818	61581.8	1	6
1.1059	0	1	6	LastDelay	0.0649373	64937.3	1	6
1.1059	0	1	6	FullDelay	0.0649373	64937.3	1	6
1.12136	0	1	7	LastDelay	0.0735689	73568.9	1	6
1.12136	0	1	7	FullDelay	0.0735689	73568.9	1	6
1.14305	0	1	9	LastDelay	0.0816062	81606.2	1	6
1.14305	0	1	9	FullDelay	0.0816062	81606.2	1	6
1.15397	0	1	10	LastDelay	0.0857059	85705.9	1	6
1.15397	0	1	10	FullDelay	0.0857059	85705.9	1	6
1.16307	0	1	11	LastDelay	0.0879773	87977.3	1	6
1.16307	0	1	11	FullDelay	0.0879773	87977.3	1	6
1.17395	0	1	12	LastDelay	0.0920253	92025.3	1	6
1.17395	0	1	12	FullDelay	0.0920253	92025.3	1	6
1.18834	0	1	13	LastDelay	0.0995982	99598.2	1	6
1.18834	0	1	13	FullDelay	0.0995982	99598.2	1	6
1.19746	0	1	14	LastDelay	0.10189	101890	1	6
1.19746	0	1	14	FullDelay	0.10189	101890	1	6
1.20844	0	1	15	LastDelay	0.106044	106044	1	6
1.20844	0	1	15	FullDelay	0.106044	106044	1	6
1.23703	0	1	17	LastDelay	0.120974	120974	1	6
1.23703	0	1	17	FullDelay	0.120974	120974	1	6
1.24962	0	1	18	LastDelay	0.126738	126738	1	6
1.24962	0	1	18	FullDelay	0.126738	126738	1	6
1.25878	0	1	19	LastDelay	0.129069	129069	1	6
1.25878	0	1	19	FullDelay	0.129069	129069	1	6
1.27015	0	1	20	LastDelay	0.133621	133621	1	6
1.27015	0	1	20	FullDelay	0.133621	133621	1	6
1.30768	0	1	23	LastDelay	0.150666	150666	1	6
1.30768	0	1	23	FullDelay	0.150666	150666	1	6
1.31768	0	1	24	LastDelay	0.153836	153836	1	6
1.31768	0	1	24	FullDelay	0.153836	153836	1	6
1.32675	0	1	25	LastDelay	0.156087	156087	1	6
1.32675	0	1	25	FullDelay	0.156087	156087	1	6
1.33653	0	1	26	LastDelay	0.159039	159039	1	6
1.33653	0	1	26	FullDelay	0.159039	159039	1	6
1.35284	0	1	27	LastDelay	0.168515	168515	1	6
1.35284	0	1	27	FullDelay	0.168515	168515	1	6
1.36193	0	1	28	LastDelay	0.170787	170787	1	6
1.36193	0	1	28	FullDelay	0.170787	170787	1	6
1.37111	0	1	29	LastDelay	0.173138	173138	1	6
1.37111	0	1	29	FullDelay	0.173138	173138	1	6
1.38019	0	1	30	LastDelay	0.175389	175389	1	6
1.38019	0	1	30	FullDelay	0.175389	175389	1	6
1.38943	0	1	31	LastDelay	0.177801	177801	1	6
1.38943	0	1	31	FullDelay	0.177801	177801	1	6
1.39869	0	1	32	LastDelay	0.180232	180232	1	6
1.39869	0	1	32	FullDelay	0.180232	180232	1	6
1.4341	0	1	33	LastDelay	0.208818	208818	1	6
1.4341	0	1	33	FullDelay	0.208818	208818	1	6
1.44563	0	1	34	LastDelay	0.213526	213526	1	6
1.44563	0	1	34	FullDelay	0.213526	213526	1	6
1.45551	0	1	35	LastDelay	0.216578	216578	1	6
1.45551	0	1	35	FullDelay	0.216578	216578	1	6
1.46689	0	1	36	LastDelay	0.22113	221130	1	6
1.46689	0	1	36	FullDelay	0.22113	221130	1	6
1.47599	0	1	37	LastDelay	0.223401	223401	1	6
1.47599	0	1	37	FullDelay	0.223401	223401	1	6
1.48507	0	1	38	LastDelay	0.225653	225653	1	6
1.48507	0	1	38	FullDelay	0.225653	225653	1	6
1.50684	0	1	40	LastDelay	0.233772	233772	1	6
1.50684	0	1	40	FullDelay	0.233772	233772	1	6
1.51598	0	1	41	LastDelay	0.236083	236083	1	6
1.51598	0	1	41	FullDelay	0.236083	236083	1	6
1.5259	0	1	42	LastDelay	0.239176	239176	1	6
1.5259	0	1	42	FullDelay	0.239176	239176	1	6
1.53581	0	1	43	LastDelay	0.242268	242268	1	6
1.53581	0	1	43	FullDelay	0.242268	242268	1	6
1.54645	0	1	44	LastDelay	0.246078	246078	1	6
1.54645	0	1	44	FullDelay	0.246078	246078	1	6
1.56394	0	1	45	LastDelay	0.256745	256745	1	6
1.56394	0	1	45	FullDelay	0.256745	256745	1	6
1.57314	0	1	46	LastDelay	0.259116	259116	1	6
1.57314	0	1	46	FullDelay	0.259116	259116	1	6
1.59649	0	1	48	LastDelay	0.268809	268809	1	6
1.59649	0	1	48	FullDelay	0.268809	268809	1	6
1.60873	0	1	49	LastDelay	0.274228	274228	1	6
1.60873	0	1	49	FullDelay	0.274228	274228	1	6
1.64535	0	1	51	LastDelay	0.297187	297187	1	6
1.64535	0	1	51	FullDelay	0.297187	297187	1	6
1.65452	0	1	52	LastDelay	0.299538	299538	1	6
1.65452	0	1	52	FullDelay	0.299538	299538	1	6
1.6648	0	1	53	LastDelay	0.302984	302984	1	6
1.6648	0	1	53	FullDelay	0.302984	302984	1	6
1.6762	0	1	54	LastDelay	0.307561	307561	1	6
1.6762	0	1	54	FullDelay	0.307561	307561	1	6
1.68583	0	1	55	LastDelay	0.310361	310361	1	6
1.68583	0	1	55	FullDelay	0.310361	310361	1	6
1.70082	0	1	8	LastDelay	0.298051	298051	1	2
1.70082	0	1	8	FullDelay	0.646211	646211	2	2
1.71223	0	1	56	LastDelay	0.329934	329934	1	6
1.71223	0	1	56	FullDelay	0.329934	329934	1	6
1.72249	0	1	57	LastDelay	0.333368	333368	1	6
1.72249	0	1	57	FullDelay	0.333368	333368	1	6
1.73777	0	1	58	LastDelay	0.341827	341827	1	6
1.73777	0	1	58	FullDelay	0.341827	341827	1	6
1.74881	0	1	59	LastDelay	0.339214	339214	1	6
1.74881	0	1	59	FullDelay	0.339214	339214	1	6
1.76195	0	1	60	LastDelay	0.345526	345526	1	6
1.76195	0	1	60	FullDelay	0.345526	345526	1	6
1.77144	0	1	61	LastDelay	0.348182	348182	1	6
1.77144	0	1	61	FullDelay	0.348182	348182	1	6
1.78145	0	1	62	LastDelay	0.351372	351372	1	6
1.78145	0	1	62	FullDelay	0.351372	351372	1	6
1.79337	0	1	63	LastDelay	0.356463	356463	1	6
1.79337	0	1	63	FullDelay	0.356463	356463	1	6
1.80672	0	1	64	LastDelay	0.362987	362987	1	6
1.80672	0	1	64	FullDelay	0.362987	362987	1	6
1.81733	0	1	65	LastDelay	0.366766	366766	1	6
1.81733	0	1	65	FullDelay	0.366766	366766	1	6
1.83052	0	1	66	LastDelay	0.373131	373131	1	6
1.83052	0	1	66	FullDelay	0.373131	373131	1	6
1.84367	0	1	67	LastDelay	0.379456	379456	1	6
1.84367	0	1	67	FullDelay	0.379456	379456	1	6
1.85897	0	1	68	LastDelay	0.387928	387928	1	6
1.85897	0	1	68	FullDelay	0.387928	387928	1	6
1.87231	0	1	16	LastDelay	0.367134	367134	1	2
1.87231	0	1	16	FullDelay	0.763081	763081	2	2
1.88424	0	1	69	LastDelay	0.406369	406369	1	6
1.88424	0	1	69	FullDelay	0.406369	406369	1	6
1.90474	0	1	71	LastDelay	0.413221	413221	1	6
1.90474	0	1	71	FullDelay	0.413221	413221	1	6
1.91673	0	1	72	LastDelay	0.418383	418383	1	6
1.91673	0	1	72	FullDelay	0.418383	418383	1	6
1.92694	0	1	73	LastDelay	0.414943	414943	1	6
1.92694	0	1	73	FullDelay	0.414943	414943	1	6
1.94922	0	1	75	LastDelay	0.423569	423569	1	6
1.94922	0	1	75	FullDelay	0.423569	423569	1	6
1.96326	0	1	21	LastDelay	0.410304	410304	1	2
1.96326	0	1	21	FullDelay	0.819904	819904	2	2
1.97264	0	1	76	LastDelay	0.440162	440162	1	6
1.97264	0	1	76	FullDelay	0.440162	440162	1	6
1.9838	0	1	77	LastDelay	0.444491	444491	1	6
1.9838	0	1	77	FullDelay	0.444491	444491	1	6
1.99485	0	1	22	LastDelay	0.435066	435066	1	2
1.99485	0	1	22	FullDelay	0.844666	844666	2	2
2.00571	0	1	78	LastDelay	0.459574	459574	1	6
2.00571	0	1	78	FullDelay	0.459574	459574	1	6
2.01848	0	1	79	LastDelay	0.451867	451867	1	6
2.01848	0	1	79	FullDelay	0.451867	451867	1	6
2.03309	0	1	80	LastDelay	0.459647	459647	1	6
2.03309	0	1	80	FullDelay	0.459647	459647	1	6
2.04239	0	1	81	LastDelay	0.462119	462119	1	6
2.04239	0	1	81	FullDelay	0.462119	462119	1	6
2.05366	0	1	82	LastDelay	0.466568	466568	1	6
2.05366	0	1	82	FullDelay	0.466568	466568	1	6
2.0632	0	1	83	LastDelay	0.46928	469280	1	6
2.0632	0	1	83	FullDelay	0.46928	469280	1	6
2.0738	0	1	84	LastDelay	0.473055	473055	1	6
2.0738	0	1	84	FullDelay	0.473055	473055	1	6
2.08892	0	1	85	LastDelay	0.481349	481349	1	6
2.08892	0	1	85	FullDelay	0.481349	481349	1	6
2.09884	0	1	86	LastDelay	0.484438	484438	1	6
2.09884	0	1	86	FullDelay	0.484438	484438	1	6
2.10841	0	1	87	LastDelay	0.487186	487186	1	6
2.10841	0	1	87	FullDelay	0.487186	487186	1	6
2.13024	0	1	89	LastDelay	0.495361	495361	1	6
2.13024	0	1	89	FullDelay	0.495361	495361	1	6
2.1443	0	1	90	LastDelay	0.50259	502590	1	6
2.1443	0	1	90	FullDelay	0.50259	502590	1	6
2.15419	0	1	91	LastDelay	0.505661	505661	1	6
2.15419	0	1	91	FullDelay	0.505661	505661	1	6
2.16851	0	1	92	LastDelay	0.513153	513153	1	6
2.16851	0	1	92	FullDelay	0.513153	513153	1	6
2.18126	0	1	93	LastDelay	0.519078	519078	1	6
2.18126	0	1	93	FullDelay	0.519078	519078	1	6
2.1925	0	1	94	LastDelay	0.523482	523482	1	6
2.1925	0	1	94	FullDelay	0.523482	523482	1	6
2.20662	0	1	95	LastDelay	0.530775	530775	1	6
2.20662	0	1	95	FullDelay	0.530775	530775	1	6
2.21783	0	1	96	LastDelay	0.53516	535160	1	6
2.21783	0	1	96	FullDelay	0.53516	535160	1	6
2.23057	0	1	97	LastDelay	0.541072	541072	1	6
2.23057	0	1	97	FullDelay	0.541072	541072	1	6
2.23964	0	1	98	LastDelay	0.543324	543324	1	6
2.23964	0	1	98	FullDelay	0.543324	543324	1	6
2.24926	0	1	99	LastDelay	0.546112	546112	1	6
2.24926	0	1	99	FullDelay	0.546112	546112	1	6
2.26092	0	1	100	LastDelay	0.550947	550947	1	6
2.26092	0	1	100	FullDelay	0.550947	550947	1	6
2.271	0	1	101	LastDelay	0.554197	554197	1	6
2.271	0	1	101	FullDelay	0.554197	554197	1	6
2.2801	0	1	102	LastDelay	0.556468	556468	1	6
2.2801	0	1	102	FullDelay	0.556468	556468	1	6
2.29191	0	1	103	LastDelay	0.561455	561455	1	6
2.29191	0	1	103	FullDelay	0.561455	561455	1	6
2.30569	0	1	104	LastDelay	0.568406	568406	1	6
2.30569	0	1	104	FullDelay	0.568406	568406	1	6
2.31781	0	1	105	LastDelay	0.5737	573700	1	6
2.31781	0	1	105	FullDelay	0.5737	573700	1	6
2.32853	0	1	106	LastDelay	0.577594	577594	1	6
2.32853	0	1	106	FullDelay	0.577594	577594	1	6
2.34264	0	1	107	LastDelay	0.584882	584882	1	6
2.34264	0	1	107	FullDelay	0.584882	584882	1	6
2.35894	0	1	108	LastDelay	0.594357	594357	1	6
2.35894	0	1	108	FullDelay	0.594357	594357	1	6
2.36886	0	1	109	LastDelay	0.597447	597447	1	6
2.36886	0	1	109	FullDelay	0.597447	597447	1	6
2.37829	0	1	110	LastDelay	0.600054	600054	1	6
2.37829	0	1	110	FullDelay	0.600054	600054	1	6
2.39057	0	1	39	LastDelay	0.585022	585022	1	2
2.39057	0	1	39	FullDelay	1.12433	1.12433e+06	2	2
2.41068	0	1	112	LastDelay	0.618788	618788	1	6
2.41068	0	1	112	FullDelay	0.618788	618788	1	6
2.42279	0	1	113	LastDelay	0.624075	624075	1	6
2.42279	0	1	113	FullDelay	0.624075	624075	1	6
2.43335	0	1	114	LastDelay	0.620978	620978	1	6
2.43335	0	1	114	FullDelay	0.620978	620978	1	6
2.44269	0	1	115	LastDelay	0.623489	623489	1	6
2.44269	0	1	115	FullDelay	0.623489	623489	1	6
2.46171	0	1	47	LastDelay	0.608379	608379	1	2
2.46171	0	1	47	FullDelay	1.14086	1.14086e+06	2	2
2.47189	0	1	116	LastDelay	0.645863	645863	1	6
2.47189	0	1	116	FullDelay	0.645863	645863	1	6
2.48097	0	1	117	LastDelay	0.648114	648114	1	6
2.48097	0	1	117	FullDelay	0.648114	648114	1	6
2.4916	0	1	118	LastDelay	0.651925	651925	1	6
2.4916	0	1	118	FullDelay	0.651925	651925	1	6
2.5007	0	1	119	LastDelay	0.654196	654196	1	6
2.5007	0	1	119	FullDelay	0.654196	654196	1	6
2.53042	0	1	121	LastDelay	0.66343	663430	1	6
2.53042	0	1	121	FullDelay	0.66343	663430	1	6
2.54073	0	1	50	LastDelay	0.639612	639612	1	2
2.54073	0	1	50	FullDelay	1.1994	1.1994e+06	2	2
2.54991	0	1	122	LastDelay	0.676097	676097	1	6
2.54991	0	1	122	FullDelay	0.676097	676097	1	6
2.55979	0	1	123	LastDelay	0.679147	679147	1	6
2.55979	0	1	123	FullDelay	0.679147	679147	1	6
2.57335	0	1	124	LastDelay	0.685887	685887	1	6
2.57335	0	1	124	FullDelay	0.685887	685887	1	6
2.58381	0	1	125	LastDelay	0.689513	689513	1	6
2.58381	0	1	125	FullDelay	0.689513	689513	1	6
2.60543	0	1	127	LastDelay	0.690657	690657	1	6
2.60543	0	1	127	FullDelay	0.690657	690657	1	6
2.61455	0	1	128	LastDelay	0.692949	692949	1	6
2.61455	0	1	128	FullDelay	0.692949	692949	1	6
2.62563	0	1	129	LastDelay	0.697205	697205	1	6
2.62563	0	1	129	FullDelay	0.697205	697205	1	6
2.63887	0	1	130	LastDelay	0.703614	703614	1	6
2.63887	0	1	130	FullDelay	0.703614	703614	1	6
2.64919	0	1	131	LastDelay	0.707112	707112	1	6
2.64919	0	1	131	FullDelay	0.707112	707112	1	6
2.66385	0	1	132	LastDelay	0.714943	714943	1	6
2.66385	0	1	132	FullDelay	0.714943	714943	1	6
2.67413	0	1	133	LastDelay	0.718401	718401	1	6
2.67413	0	1	133	FullDelay	0.718401	718401	1	6
2.68522	0	1	134	LastDelay	0.722657	722657	1	6
2.68522	0	1	134	FullDelay	0.722657	722657	1	6
2.69837	0	1	135	LastDelay	0.728986	728986	1	6
2.69837	0	1	135	FullDelay	0.728986	728986	1	6
2.70923	0	1	136	LastDelay	0.733014	733014	1	6
2.70923	0	1	136	FullDelay	0.733014	733014	1	6
2.7196	0	1	137	LastDelay	0.73656	736560	1	6
2.7196	0	1	137	FullDelay	0.73656	736560	1	6
2.74898	0	1	139	LastDelay	0.752284	752284	1	6
2.74898	0	1	139	FullDelay	0.752284	752284	1	6
2.77482	0	1	141	LastDelay	0.764477	764477	1	6
2.77482	0	1	141	FullDelay	0.764477	764477	1	6
2.7859	0	1	142	LastDelay	0.768725	768725	1	6
2.7859	0	1	142	FullDelay	0.768725	768725	1	6
2.79498	0	1	143	LastDelay	0.770977	770977	1	6
2.79498	0	1	143	FullDelay	0.770977	770977	1	6
2.80499	0	1	144	LastDelay	0.774167	774167	1	6
2.80499	0	1	144	FullDelay	0.774167	774167	1	6
2.81417	0	1	145	LastDelay	0.776518	776518	1	6
2.81417	0	1	145	FullDelay	0.776518	776518	1	6
2.82703	0	1	146	LastDelay	0.782546	782546	1	6
2.82703	0	1	146	FullDelay	0.782546	782546	1	6
2.83638	0	1	147	LastDelay	0.785073	785073	1	6
2.83638	0	1	147	FullDelay	0.785073	785073	1	6
2.84931	0	1	148	LastDelay	0.791174	791174	1	6
2.84931	0	1	148	FullDelay	0.791174	791174	1	6
2.86059	0	1	149	LastDelay	0.795635	795635	1	6
2.86059	0	1	149	FullDelay	0.795635	795635	1	6
2.87067	0	1	150	LastDelay	0.798882	798882	1	6
2.87067	0	1	150	FullDelay	0.798882	798882	1	6
2.89614	0	1	152	LastDelay	0.810698	810698	1	6
2.89614	0	1	152	FullDelay	0.810698	810698	1	6
2.9141	0	1	153	LastDelay	0.821833	821833	1	6
2.9141	0	1	153	FullDelay	0.821833	821833	1	6
2.92819	0	1	154	LastDelay	0.829093	829093	1	6
2.92819	0	1	154	FullDelay	0.829093	829093	1	6
2.93728	0	1	155	LastDelay	0.831364	831364	1	6
2.93728	0	1	155	FullDelay	0.831364	831364	1	6
2.94691	0	1	156	LastDelay	0.834168	834168	1	6
2.94691	0	1	156	FullDelay	0.834168	834168	1	6
2.95713	0	1	157	LastDelay	0.837554	837554	1	6
2.95713	0	1	157	FullDelay	0.837554	837554	1	6
2.97088	0	1	70	LastDelay	0.817172	817172	1	2
2.97088	0	1	70	FullDelay	1.48618	1.48618e+06	2	2
2.97994	0	1	158	LastDelay	0.853536	853536	1	6
2.97994	0	1	158	FullDelay	0.853536	853536	1	6
2.99897	0	1	160	LastDelay	0.858918	858918	1	6
2.99897	0	1	160	FullDelay	0.858918	858918	1	6
3.00905	0	1	161	LastDelay	0.862168	862168	1	6
3.00905	0	1	161	FullDelay	0.862168	862168	1	6
3.0226	0	1	162	LastDelay	0.862065	862065	1	6
3.0226	0	1	162	FullDelay	0.862065	862065	1	6
3.03451	0	1	163	LastDelay	0.867151	867151	1	6
3.03451	0	1	163	FullDelay	0.867151	867151	1	6
3.05454	0	1	165	LastDelay	0.873531	873531	1	6
3.05454	0	1	165	FullDelay	0.873531	873531	1	6
3.06362	0	1	166	LastDelay	0.875783	875783	1	6
3.06362	0	1	166	FullDelay	0.875783	875783	1	6
3.07546	0	1	74	LastDelay	0.873964	873964	1	2
3.07546	0	1	74	FullDelay	1.55663	1.55663e+06	2	2
3.08877	0	1	167	LastDelay	0.894101	894101	1	6
3.08877	0	1	167	FullDelay	0.894101	894101	1	6
3.1014	0	1	168	LastDelay	0.893082	893082	1	6
3.1014	0	1	168	FullDelay	0.893082	893082	1	6
3.12859	0	1	170	LastDelay	0.906622	906622	1	6
3.12859	0	1	170	FullDelay	0.906622	906622	1	6
3.14013	0	1	171	LastDelay	0.911334	911334	1	6
3.14013	0	1	171	FullDelay	0.911334	911334	1	6
3.15013	0	1	172	LastDelay	0.914504	914504	1	6
3.15013	0	1	172	FullDelay	0.914504	914504	1	6
3.15927	0	1	173	LastDelay	0.916816	916816	1	6
3.15927	0	1	173	FullDelay	0.916816	916816	1	6
3.17026	0	1	174	LastDelay	0.920984	920984	1	6
3.17026	0	1	174	FullDelay	0.920984	920984	1	6
3.1811	0	1	175	LastDelay	0.924993	924993	1	6
3.1811	0	1	175	FullDelay	0.924993	924993	1	6
3.19016	0	1	176	LastDelay	0.927224	927224	1	6
3.19016	0	1	176	FullDelay	0.927224	927224	1	6
3.21357	0	1	178	LastDelay	0.93698	936980	1	6
3.21357	0	1	178	FullDelay	0.93698	936980	1	6
3.22278	0	1	179	LastDelay	0.939372	939372	1	6
3.22278	0	1	179	FullDelay	0.939372	939372	1	6
3.23206	0	1	180	LastDelay	0.941823	941823	1	6
3.23206	0	1	180	FullDelay	0.941823	941823	1	6
3.24118	0	1	181	LastDelay	0.944115	944115	1	6
3.24118	0	1	181	FullDelay	0.944115	944115	1	6
3.25216	0	1	182	LastDelay	0.948271	948271	1	6
3.25216	0	1	182	FullDelay	0.948271	948271	1	6
3.26769	0	1	183	LastDelay	0.956968	956968	1	6
3.26769	0	1	183	FullDelay	0.956968	956968	1	6
3.27757	0	1	184	LastDelay	0.960019	960019	1	6
3.27757	0	1	184	FullDelay	0.960019	960019	1	6
3.28889	0	1	185	LastDelay	0.964515	964515	1	6
3.28889	0	1	185	FullDelay	0.964515	964515	1	6
3.29795	0	1	186	LastDelay	0.966747	966747	1	6
3.29795	0	1	186	FullDelay	0.966747	966747	1	6
3.31014	0	1	88	LastDelay	0.958456	958456	1	2
3.31014	0	1	88	FullDelay	1.68208	1.68208e+06	2	2
3.33457	0	1	188	LastDelay	0.989722	989722	1	6
3.33457	0	1	188	FullDelay	0.989722	989722	1	6
3.34464	0	1	189	LastDelay	0.986133	986133	1	6
3.34464	0	1	189	FullDelay	0.986133	986133	1	6
3.35942	0	1	190	LastDelay	0.994086	994086	1	6
3.35942	0	1	190	FullDelay	0.994086	994086	1	6
3.38138	0	1	192	LastDelay	1.0024	1.0024e+06	1	6
3.38138	0	1	192	FullDelay	1.0024	1.0024e+06	1	6
3.40138	0	1	194	LastDelay	1.00874	1.00874e+06	1	6
3.40138	0	1	194	FullDelay	1.00874	1.00874e+06	1	6
3.41182	0	1	195	LastDelay	1.01235	1.01235e+06	1	6
3.41182	0	1	195	FullDelay	1.01235	1.01235e+06	1	6
3.42381	0	1	196	LastDelay	1.01752	1.01752e+06	1	6
3.42381	0	1	196	FullDelay	1.01752	1.01752e+06	1	6
3.43637	0	1	197	LastDelay	1.02325	1.02325e+06	1	6
3.43637	0	1	197	FullDelay	1.02325	1.02325e+06	1	6
3.44749	0	1	198	LastDelay	1.02754	1.02754e+06	1	6
3.44749	0	1	198	FullDelay	1.02754	1.02754e+06	1	6
3.45743	0	1	199	LastDelay	1.03066	1.03066e+06	1	6
3.45743	0	1	199	FullDelay	1.03066	1.03066e+06	1	6
3.46757	0	1	200	LastDelay	1.03397	1.03397e+06	1	6
3.46757	0	1	200	FullDelay	1.03397	1.03397e+06	1	6
3.48475	0	1	201	LastDelay	1.04433	1.04433e+06	1	6
3.48475	0	1	201	FullDelay	1.04433	1.04433e+06	1	6
3.51717	0	1	204	LastDelay	1.05627	1.05627e+06	1	6
3.51717	0	1	204	FullDelay	1.05627	1.05627e+06	1	6
3.52757	0	1	205	LastDelay	1.05984	1.05984e+06	1	6
3.52757	0	1	205	FullDelay	1.05984	1.05984e+06	1	6
3.53937	0	1	206	LastDelay	1.06481	1.06481e+06	1	6
3.53937	0	1	206	FullDelay	1.06481	1.06481e+06	1	6
3.54937	0	1	207	LastDelay	1.06798	1.06798e+06	1	6
3.54937	0	1	207	FullDelay	1.06798	1.06798e+06	1	6
3.56211	0	1	208	LastDelay	1.07389	1.07389e+06	1	6
3.56211	0	1	208	FullDelay	1.07389	1.07389e+06	1	6
3.57548	0	1	209	LastDelay	1.08044	1.08044e+06	1	6
3.57548	0	1	209	FullDelay	1.08044	1.08044e+06	1	6
3.58532	0	1	210	LastDelay	1.08345	1.08345e+06	1	6
3.58532	0	1	210	FullDelay	1.08345	1.08345e+06	1	6
3.59723	0	1	211	LastDelay	1.08853	1.08853e+06	1	6
3.59723	0	1	211	FullDelay	1.08853	1.08853e+06	1	6
3.60652	0	1	212	LastDelay	1.09101	1.09101e+06	1	6
3.60652	0	1	212	FullDelay	1.09101	1.09101e+06	1	6
3.62105	0	1	213	LastDelay	1.09871	1.09871e+06	1	6
3.62105	0	1	213	FullDelay	1.09871	1.09871e+06	1	6
3.63045	0	1	214	LastDelay	1.10128	1.10128e+06	1	6
3.63045	0	1	214	FullDelay	1.10128	1.10128e+06	1	6
3.64659	0	1	215	LastDelay	1.11059	1.11059e+06	1	6
3.64659	0	1	215	FullDelay	1.11059	1.11059e+06	1	6
3.65571	0	1	216	LastDelay	1.11288	1.11288e+06	1	6
3.65571	0	1	216	FullDelay	1.11288	1.11288e+06	1	6
3.66673	0	1	217	LastDelay	1.11708	1.11708e+06	1	6
3.66673	0	1	217	FullDelay	1.11708	1.11708e+06	1	6
3.67581	0	1	218	LastDelay	1.11933	1.11933e+06	1	6
3.67581	0	1	218	FullDelay	1.11933	1.11933e+06	1	6
3.68721	0	1	219	LastDelay	1.1239	1.1239e+06	1	6
3.68721	0	1	219	FullDelay	1.1239	1.1239e+06	1	6
3.69934	0	1	220	LastDelay	1.12921	1.12921e+06	1	6
3.69934	0	1	220	FullDelay	1.12921	1.12921e+06	1	6
3.71143	0	1	221	LastDelay	1.13447	1.13447e+06	1	6
3.71143	0	1	221	FullDelay	1.13447	1.13447e+06	1	6
3.7225	0	1	222	LastDelay	1.13871	1.13871e+06	1	6
3.7225	0	1	222	FullDelay	1.13871	1.13871e+06	1	6
3.73165	0	1	223	LastDelay	1.14104	1.14104e+06	1	6
3.73165	0	1	223	FullDelay	1.14104	1.14104e+06	1	6
3.74961	0	1	224	LastDelay	1.15217	1.15217e+06	1	6
3.74961	0	1	224	FullDelay	1.15217	1.15217e+06	1	6
3.77074	0	1	111	LastDelay	1.11868	1.11868e+06	1	2
3.77074	0	1	111	FullDelay	1.98567	1.98567e+06	2	2
3.77982	0	1	226	LastDelay	1.16872	1.16872e+06	1	6
3.77982	0	1	226	FullDelay	1.16872	1.16872e+06	1	6
3.78961	0	1	227	LastDelay	1.17169	1.17169e+06	1	6
3.78961	0	1	227	FullDelay	1.17169	1.17169e+06	1	6
3.80055	0	1	228	LastDelay	1.1758	1.1758e+06	1	6
3.80055	0	1	228	FullDelay	1.1758	1.1758e+06	1	6
3.8108	0	1	229	LastDelay	1.17923	1.17923e+06	1	6
3.8108	0	1	229	FullDelay	1.17923	1.17923e+06	1	6
3.82168	0	1	230	LastDelay	1.18328	1.18328e+06	1	6
3.82168	0	1	230	FullDelay	1.18328	1.18328e+06	1	6
3.83103	0	1	231	LastDelay	1.1858	1.1858e+06	1	6
3.83103	0	1	231	FullDelay	1.1858	1.1858e+06	1	6
3.84014	0	1	232	LastDelay	1.18126	1.18126e+06	1	6
3.84014	0	1	232	FullDelay	1.18126	1.18126e+06	1	6
3.85301	0	1	233	LastDelay	1.18731	1.18731e+06	1	6
3.85301	0	1	233	FullDelay	1.18731	1.18731e+06	1	6
3.86384	0	1	234	LastDelay	1.19131	1.19131e+06	1	6
3.86384	0	1	234	FullDelay	1.19131	1.19131e+06	1	6
3.88002	0	1	235	LastDelay	1.20066	1.20066e+06	1	6
3.88002	0	1	235	FullDelay	1.20066	1.20066e+06	1	6
3.89102	0	1	236	LastDelay	1.20483	1.20483e+06	1	6
3.89102	0	1	236	FullDelay	1.20483	1.20483e+06	1	6
3.90147	0	1	237	LastDelay	1.20845	1.20845e+06	1	6
3.90147	0	1	237	FullDelay	1.20845	1.20845e+06	1	6
3.91903	0	1	238	LastDelay	1.21919	1.21919e+06	1	6
3.91903	0	1	238	FullDelay	1.21919	1.21919e+06	1	6
3.93935	0	1	240	LastDelay	1.22585	1.22585e+06	1	6
3.93935	0	1	240	FullDelay	1.22585	1.22585e+06	1	6
3.95116	0	1	241	LastDelay	1.23084	1.23084e+06	1	6
3.95116	0	1	241	FullDelay	1.23084	1.23084e+06	1	6
3.96664	0	1	242	LastDelay	1.2395	1.2395e+06	1	6
3.96664	0	1	242	FullDelay	1.2395	1.2395e+06	1	6
3.97976	0	1	120	LastDelay	1.2253	1.2253e+06	1	2
3.97976	0	1	120	FullDelay	2.1196	2.1196e+06	2	2
4.01262	0	1	245	LastDelay	1.26499	1.26499e+06	1	6
4.01262	0	1	245	FullDelay	1.26499	1.26499e+06	1	6
4.02167	0	1	246	LastDelay	1.26039	1.26039e+06	1	6
4.02167	0	1	246	FullDelay	1.26039	1.26039e+06	1	6
4.03172	0	1	247	LastDelay	1.26361	1.26361e+06	1	6
4.03172	0	1	247	FullDelay	1.26361	1.26361e+06	1	6
4.04522	0	1	248	LastDelay	1.27029	1.27029e+06	1	6
4.04522	0	1	248	FullDelay	1.27029	1.27029e+06	1	6
4.05877	0	1	249	LastDelay	1.27701	1.27701e+06	1	6
4.05877	0	1	249	FullDelay	1.27701	1.27701e+06	1	6
4.06815	0	1	250	LastDelay	1.27956	1.27956e+06	1	6
4.06815	0	1	250	FullDelay	1.27956	1.27956e+06	1	6
4.08753	0	1	252	LastDelay	1.28529	1.28529e+06	1	6
4.08753	0	1	252	FullDelay	1.28529	1.28529e+06	1	6
4.09844	0	1	253	LastDelay	1.28937	1.28937e+06	1	6
4.09844	0	1	253	FullDelay	1.28937	1.28937e+06	1	6
4.10758	0	1	254	LastDelay	1.29168	1.29168e+06	1	6
4.10758	0	1	254	FullDelay	1.29168	1.29168e+06	1	6
4.12401	0	1	255	LastDelay	1.30129	1.30129e+06	1	6
4.12401	0	1	255	FullDelay	1.30129	1.30129e+06	1	6
4.14518	0	1	256	LastDelay	1.31564	1.31564e+06	1	6
4.14518	0	1	256	FullDelay	1.31564	1.31564e+06	1	6
4.15433	0	1	257	LastDelay	1.31796	1.31796e+06	1	6
4.15433	0	1	257	FullDelay	1.31796	1.31796e+06	1	6
4.18059	0	1	259	LastDelay	1.32374	1.32374e+06	1	6
4.18059	0	1	259	FullDelay	1.32374	1.32374e+06	1	6
4.19059	0	1	260	LastDelay	1.32691	1.32691e+06	1	6
4.19059	0	1	260	FullDelay	1.32691	1.32691e+06	1	6
4.21354	0	1	262	LastDelay	1.33621	1.33621e+06	1	6
4.21354	0	1	262	FullDelay	1.33621	1.33621e+06	1	6
4.22466	0	1	263	LastDelay	1.3405	1.3405e+06	1	6
4.22466	0	1	263	FullDelay	1.3405	1.3405e+06	1	6
4.2482	0	1	265	LastDelay	1.35039	1.35039e+06	1	6
4.2482	0	1	265	FullDelay	1.35039	1.35039e+06	1	6
4.25729	0	1	266	LastDelay	1.35265	1.35265e+06	1	6
4.25729	0	1	266	FullDelay	1.35265	1.35265e+06	1	6
4.26928	0	1	267	LastDelay	1.35781	1.35781e+06	1	6
4.26928	0	1	267	FullDelay	1.35781	1.35781e+06	1	6
4.27953	0	1	268	LastDelay	1.36124	1.36124e+06	1	6
4.27953	0	1	268	FullDelay	1.36124	1.36124e+06	1	6
4.28984	0	1	269	LastDelay	1.36472	1.36472e+06	1	6
4.28984	0	1	269	FullDelay	1.36472	1.36472e+06	1	6
4.30053	0	1	270	LastDelay	1.36858	1.36858e+06	1	6
4.30053	0	1	270	FullDelay	1.36858	1.36858e+06	1	6
4.31464	0	1	271	LastDelay	1.37587	1.37587e+06	1	6
4.31464	0	1	271	FullDelay	1.37587	1.37587e+06	1	6
4.32372	0	1	272	LastDelay	1.37812	1.37812e+06	1	6
4.32372	0	1	272	FullDelay	1.37812	1.37812e+06	1	6
4.33529	0	1	273	LastDelay	1.38287	1.38287e+06	1	6
4.33529	0	1	273	FullDelay	1.38287	1.38287e+06	1	6
4.35987	0	1	275	LastDelay	1.39379	1.39379e+06	1	6
4.35987	0	1	275	FullDelay	1.39379	1.39379e+06	1	6
4.36933	0	1	276	LastDelay	1.39642	1.39642e+06	1	6
4.36933	0	1	276	FullDelay	1.39642	1.39642e+06	1	6
4.3825	0	1	138	LastDelay	1.38229	1.38229e+06	1	2
4.3825	0	1	138	FullDelay	2.39264	2.39264e+06	2	2
4.39296	0	1	277	LastDelay	1.41323	1.41323e+06	1	6
4.39296	0	1	277	FullDelay	1.41323	1.41323e+06	1	6
4.40454	0	1	278	LastDelay	1.41798	1.41798e+06	1	6
4.40454	0	1	278	FullDelay	1.41798	1.41798e+06	1	6
4.45449	0	1	281	LastDelay	1.44062	1.44062e+06	1	6
4.45449	0	1	281	FullDelay	1.44062	1.44062e+06	1	6
4.46775	0	1	282	LastDelay	1.44705	1.44705e+06	1	6
4.46775	0	1	282	FullDelay	1.44705	1.44705e+06	1	6
4.47902	0	1	283	LastDelay	1.4515	1.4515e+06	1	6
4.47902	0	1	283	FullDelay	1.4515	1.4515e+06	1	6
4.50073	0	1	285	LastDelay	1.45956	1.45956e+06	1	6
4.50073	0	1	285	FullDelay	1.45956	1.45956e+06	1	6
4.51094	0	1	286	LastDelay	1.46294	1.46294e+06	1	6
4.51094	0	1	286	FullDelay	1.46294	1.46294e+06	1	6
4.52956	0	1	288	LastDelay	1.46108	1.46108e+06	1	6
4.52956	0	1	288	FullDelay	1.46108	1.46108e+06	1	6
4.54255	0	1	289	LastDelay	1.46725	1.46725e+06	1	6
4.54255	0	1	289	FullDelay	1.46725	1.46725e+06	1	6
4.55382	0	1	290	LastDelay	1.47168	1.47168e+06	1	6
4.55382	0	1	290	FullDelay	1.47168	1.47168e+06	1	6
4.56296	0	1	291	LastDelay	1.474	1.474e+06	1	6
4.56296	0	1	291	FullDelay	1.474	1.474e+06	1	6
4.57702	0	1	292	LastDelay	1.48123	1.48123e+06	1	6
4.57702	0	1	292	FullDelay	1.48123	1.48123e+06	1	6
4.5872	0	1	293	LastDelay	1.48459	1.48459e+06	1	6
4.5872	0	1	293	FullDelay	1.48459	1.48459e+06	1	6
4.60465	0	1	294	LastDelay	1.49521	1.49521e+06	1	6
4.60465	0	1	294	FullDelay	1.49521	1.49521e+06	1	6
4.615	0	1	295	LastDelay	1.49874	1.49874e+06	1	6
4.615	0	1	295	FullDelay	1.49874	1.49874e+06	1	6
4.62438	0	1	296	LastDelay	1.50129	1.50129e+06	1	6
4.62438	0	1	296	FullDelay	1.50129	1.50129e+06	1	6
4.65702	0	1	151	LastDelay	1.50662	1.50662e+06	1	2
4.65702	0	1	151	FullDelay	2.57841	2.57841e+06	2	2
4.66707	0	1	299	LastDelay	1.5235	1.5235e+06	1	6
4.66707	0	1	299	FullDelay	1.5235	1.5235e+06	1	6
4.68091	0	1	300	LastDelay	1.52368	1.52368e+06	1	6
4.68091	0	1	300	FullDelay	1.52368	1.52368e+06	1	6
4.69285	0	1	301	LastDelay	1.5288	1.5288e+06	1	6
4.69285	0	1	301	FullDelay	1.5288	1.5288e+06	1	6
4.71629	0	1	303	LastDelay	1.53859	1.53859e+06	1	6
4.71629	0	1	303	FullDelay	1.53859	1.53859e+06	1	6
4.72544	0	1	304	LastDelay	1.54091	1.54091e+06	1	6
4.72544	0	1	304	FullDelay	1.54091	1.54091e+06	1	6
4.73553	0	1	305	LastDelay	1.54417	1.54417e+06	1	6
4.73553	0	1	305	FullDelay	1.54417	1.54417e+06	1	6
4.7448	0	1	306	LastDelay	1.54661	1.54661e+06	1	6
4.7448	0	1	306	FullDelay	1.54661	1.54661e+06	1	6
4.75824	0	1	307	LastDelay	1.55322	1.55322e+06	1	6
4.75824	0	1	307	FullDelay	1.55322	1.55322e+06	1	6
4.76788	0	1	308	LastDelay	1.55604	1.55604e+06	1	6
4.76788	0	1	308	FullDelay	1.55604	1.55604e+06	1	6
4.77696	0	1	309	LastDelay	1.5583	1.5583e+06	1	6
4.77696	0	1	309	FullDelay	1.5583	1.5583e+06	1	6
4.79798	0	1	311	LastDelay	1.56566	1.56566e+06	1	6
4.79798	0	1	311	FullDelay	1.56566	1.56566e+06	1	6
4.82189	0	1	164	LastDelay	1.56227	1.56227e+06	1	2
4.82189	0	1	164	FullDelay	2.64771	2.64771e+06	2	2
4.83219	0	1	312	LastDelay	1.59304	1.59304e+06	1	6
4.83219	0	1	312	FullDelay	1.59304	1.59304e+06	1	6
4.84141	0	1	313	LastDelay	1.59544	1.59544e+06	1	6
4.84141	0	1	313	FullDelay	1.59544	1.59544e+06	1	6
4.85513	0	1	314	LastDelay	1.58867	1.58867e+06	1	6
4.85513	0	1	314	FullDelay	1.58867	1.58867e+06	1	6
4.86465	0	1	315	LastDelay	1.59137	1.59137e+06	1	6
4.86465	0	1	315	FullDelay	1.59137	1.59137e+06	1	6
4.89069	0	1	317	LastDelay	1.60376	1.60376e+06	1	6
4.89069	0	1	317	FullDelay	1.60376	1.60376e+06	1	6
4.91631	0	1	319	LastDelay	1.61572	1.61572e+06	1	6
4.91631	0	1	319	FullDelay	1.61572	1.61572e+06	1	6
4.93542	0	1	320	LastDelay	1.628	1.628e+06	1	6
4.93542	0	1	320	FullDelay	1.628	1.628e+06	1	6
4.94813	0	1	169	LastDelay	1.59293	1.59293e+06	1	2
4.94813	0	1	169	FullDelay	2.73298	2.73298e+06	2	2
4.95891	0	1	321	LastDelay	1.64467	1.64467e+06	1	6
4.95891	0	1	321	FullDelay	1.64467	1.64467e+06	1	6
4.96799	0	1	322	LastDelay	1.64693	1.64693e+06	1	6
4.96799	0	1	322	FullDelay	1.64693	1.64693e+06	1	6
4.97716	0	1	323	LastDelay	1.64927	1.64927e+06	1	6
4.97716	0	1	323	FullDelay	1.64927	1.64927e+06	1	6
4.98717	0	1	324	LastDelay	1.65245	1.65245e+06	1	6
4.98717	0	1	324	FullDelay	1.65245	1.65245e+06	1	6
4.99624	0	1	325	LastDelay	1.65469	1.65469e+06	1	6
4.99624	0	1	325	FullDelay	1.65469	1.65469e+06	1	6
5.00621	0	1	326	LastDelay	1.65784	1.65784e+06	1	6
5.00621	0	1	326	FullDelay	1.65784	1.65784e+06	1	6
5.0161	0	1	327	LastDelay	1.65407	1.65407e+06	1	6
5.0161	0	1	327	FullDelay	1.65407	1.65407e+06	1	6
5.02534	0	1	328	LastDelay	1.65649	1.65649e+06	1	6
5.02534	0	1	328	FullDelay	1.65649	1.65649e+06	1	6
5.03673	0	1	329	LastDelay	1.66105	1.66105e+06	1	6
5.03673	0	1	329	FullDelay	1.66105	1.66105e+06	1	6
5.05378	0	1	330	LastDelay	1.67127	1.67127e+06	1	6
5.05378	0	1	330	FullDelay	1.67127	1.67127e+06	1	6
5.06379	0	1	331	LastDelay	1.67446	1.67446e+06	1	6
5.06379	0	1	331	FullDelay	1.67446	1.67446e+06	1	6
5.07595	0	1	332	LastDelay	1.67979	1.67979e+06	1	6
5.07595	0	1	332	FullDelay	1.67979	1.67979e+06	1	6
5.08599	0	1	333	LastDelay	1.683	1.683e+06	1	6
5.08599	0	1	333	FullDelay	1.683	1.683e+06	1	6
5.09513	0	1	334	LastDelay	1.68532	1.68532e+06	1	6
5.09513	0	1	334	FullDelay	1.68532	1.68532e+06	1	6
5.10422	0	1	335	LastDelay	1.68758	1.68758e+06	1	6
5.10422	0	1	335	FullDelay	1.68758	1.68758e+06	1	6
5.11402	0	1	336	LastDelay	1.69056	1.69056e+06	1	6
5.11402	0	1	336	FullDelay	1.69056	1.69056e+06	1	6
5.12604	0	1	337	LastDelay	1.69575	1.69575e+06	1	6
5.12604	0	1	337	FullDelay	1.69575	1.69575e+06	1	6
5.13513	0	1	338	LastDelay	1.69801	1.69801e+06	1	6
5.13513	0	1	338	FullDelay	1.69801	1.69801e+06	1	6
5.15508	0	1	177	LastDelay	1.70431	1.70431e+06	1	2
5.15508	0	1	177	FullDelay	2.88532	2.88532e+06	2	2
5.17534	0	1	340	LastDelay	1.71774	1.71774e+06	1	6
5.17534	0	1	340	FullDelay	1.71774	1.71774e+06	1	6
5.19544	0	1	342	LastDelay	1.72419	1.72419e+06	1	6
5.19544	0	1	342	FullDelay	1.72419	1.72419e+06	1	6
5.21709	0	1	344	LastDelay	1.73219	1.73219e+06	1	6
5.21709	0	1	344	FullDelay	1.73219	1.73219e+06	1	6
5.22622	0	1	345	LastDelay	1.73449	1.73449e+06	1	6
5.22622	0	1	345	FullDelay	1.73449	1.73449e+06	1	6
5.23686	0	1	346	LastDelay	1.7383	1.7383e+06	1	6
5.23686	0	1	346	FullDelay	1.7383	1.7383e+06	1	6
5.24662	0	1	347	LastDelay	1.74123	1.74123e+06	1	6
5.24662	0	1	347	FullDelay	1.74123	1.74123e+06	1	6
5.2574	0	1	348	LastDelay	1.74519	1.74519e+06	1	6
5.2574	0	1	348	FullDelay	1.74519	1.74519e+06	1	6
5.26899	0	1	349	LastDelay	1.74995	1.74995e+06	1	6
5.26899	0	1	349	FullDelay	1.74995	1.74995e+06	1	6
5.28763	0	1	350	LastDelay	1.76176	1.76176e+06	1	6
5.28763	0	1	350	FullDelay	1.76176	1.76176e+06	1	6
5.29674	0	1	351	LastDelay	1.76404	1.76404e+06	1	6
5.29674	0	1	351	FullDelay	1.76404	1.76404e+06	1	6
5.31012	0	1	352	LastDelay	1.7706	1.7706e+06	1	6
5.31012	0	1	352	FullDelay	1.7706	1.7706e+06	1	6
5.33002	0	1	354	LastDelay	1.77684	1.77684e+06	1	6
5.33002	0	1	354	FullDelay	1.77684	1.77684e+06	1	6
5.33999	0	1	355	LastDelay	1.77999	1.77999e+06	1	6
5.33999	0	1	355	FullDelay	1.77999	1.77999e+06	1	6
5.35002	0	1	356	LastDelay	1.78319	1.78319e+06	1	6
5.35002	0	1	356	FullDelay	1.78319	1.78319e+06	1	6
5.36329	0	1	187	LastDelay	1.76233	1.76233e+06	1	2
5.36329	0	1	187	FullDelay	3.02527	3.02527e+06	2	2
5.37699	0	1	357	LastDelay	1.80334	1.80334e+06	1	6
5.37699	0	1	357	FullDelay	1.80334	1.80334e+06	1	6
5.38839	0	1	358	LastDelay	1.80791	1.80791e+06	1	6
5.38839	0	1	358	FullDelay	1.80791	1.80791e+06	1	6
5.39907	0	1	359	LastDelay	1.81176	1.81176e+06	1	6
5.39907	0	1	359	FullDelay	1.81176	1.81176e+06	1	6
5.41107	0	1	360	LastDelay	1.81694	1.81694e+06	1	6
5.41107	0	1	360	FullDelay	1.81694	1.81694e+06	1	6
5.42281	0	1	361	LastDelay	1.81502	1.81502e+06	1	6
5.42281	0	1	361	FullDelay	1.81502	1.81502e+06	1	6
5.43209	0	1	362	LastDelay	1.81748	1.81748e+06	1	6
5.43209	0	1	362	FullDelay	1.81748	1.81748e+06	1	6
5.44838	0	1	363	LastDelay	1.82694	1.82694e+06	1	6
5.44838	0	1	363	FullDelay	1.82694	1.82694e+06	1	6
5.45891	0	1	364	LastDelay	1.83064	1.83064e+06	1	6
5.45891	0	1	364	FullDelay	1.83064	1.83064e+06	1	6
5.46853	0	1	365	LastDelay	1.83344	1.83344e+06	1	6
5.46853	0	1	365	FullDelay	1.83344	1.83344e+06	1	6
5.48242	0	1	366	LastDelay	1.8405	1.8405e+06	1	6
5.48242	0	1	366	FullDelay	1.8405	1.8405e+06	1	6
5.50151	0	1	367	LastDelay	1.85277	1.85277e+06	1	6
5.50151	0	1	367	FullDelay	1.85277	1.85277e+06	1	6
5.51513	0	1	193	LastDelay	1.85273	1.85273e+06	1	2
5.51513	0	1	193	FullDelay	3.12932	3.12932e+06	2	2
5.52782	0	1	368	LastDelay	1.8586	1.8586e+06	1	6
5.52782	0	1	368	FullDelay	1.8586	1.8586e+06	1	6
5.55364	0	1	370	LastDelay	1.87076	1.87076e+06	1	6
5.55364	0	1	370	FullDelay	1.87076	1.87076e+06	1	6
5.56452	0	1	371	LastDelay	1.87481	1.87481e+06	1	6
5.56452	0	1	371	FullDelay	1.87481	1.87481e+06	1	6
5.57453	0	1	372	LastDelay	1.878	1.878e+06	1	6
5.57453	0	1	372	FullDelay	1.878	1.878e+06	1	6
5.58457	0	1	373	LastDelay	1.88121	1.88121e+06	1	6
5.58457	0	1	373	FullDelay	1.88121	1.88121e+06	1	6
5.59468	0	1	374	LastDelay	1.88449	1.88449e+06	1	6
5.59468	0	1	374	FullDelay	1.88449	1.88449e+06	1	6
5.60396	0	1	375	LastDelay	1.88695	1.88695e+06	1	6
5.60396	0	1	375	FullDelay	1.88695	1.88695e+06	1	6
5.6162	0	1	376	LastDelay	1.89236	1.89236e+06	1	6
5.6162	0	1	376	FullDelay	1.89236	1.89236e+06	1	6
5.62673	0	1	377	LastDelay	1.89606	1.89606e+06	1	6
5.62673	0	1	377	FullDelay	1.89606	1.89606e+06	1	6
5.63867	0	1	202	LastDelay	1.88753	1.88753e+06	1	2
5.63867	0	1	202	FullDelay	3.19142	3.19142e+06	2	2
5.64904	0	1	378	LastDelay	1.91155	1.91155e+06	1	6
5.64904	0	1	378	FullDelay	1.91155	1.91155e+06	1	6
5.66038	0	1	203	LastDelay	1.90241	1.90241e+06	1	2
5.66038	0	1	203	FullDelay	3.2063	3.2063e+06	2	2
5.67138	0	1	379	LastDelay	1.92706	1.92706e+06	1	6
5.67138	0	1	379	FullDelay	1.92706	1.92706e+06	1	6
5.70331	0	1	381	LastDelay	1.93168	1.93168e+06	1	6
5.70331	0	1	381	FullDelay	1.93168	1.93168e+06	1	6
5.72388	0	1	383	LastDelay	1.9386	1.9386e+06	1	6
5.72388	0	1	383	FullDelay	1.9386	1.9386e+06	1	6
5.73296	0	1	384	LastDelay	1.94086	1.94086e+06	1	6
5.73296	0	1	384	FullDelay	1.94086	1.94086e+06	1	6
5.74438	0	1	385	LastDelay	1.94544	1.94544e+06	1	6
5.74438	0	1	385	FullDelay	1.94544	1.94544e+06	1	6
5.77142	0	1	387	LastDelay	1.95883	1.95883e+06	1	6
5.77142	0	1	387	FullDelay	1.95883	1.95883e+06	1	6
5.7805	0	1	388	LastDelay	1.96109	1.96109e+06	1	6
5.7805	0	1	388	FullDelay	1.96109	1.96109e+06	1	6
5.78963	0	1	389	LastDelay	1.96339	1.96339e+06	1	6
5.78963	0	1	389	FullDelay	1.96339	1.96339e+06	1	6
5.79875	0	1	390	LastDelay	1.96569	1.96569e+06	1	6
5.79875	0	1	390	FullDelay	1.96569	1.96569e+06	1	6
5.80934	0	1	391	LastDelay	1.96945	1.96945e+06	1	6
5.80934	0	1	391	FullDelay	1.96945	1.96945e+06	1	6
5.82925	0	1	392	LastDelay	1.98253	1.98253e+06	1	6
5.82925	0	1	392	FullDelay	1.98253	1.98253e+06	1	6
5.84048	0	1	393	LastDelay	1.98693	1.98693e+06	1	6
5.84048	0	1	393	FullDelay	1.98693	1.98693e+06	1	6
5.8512	0	1	394	LastDelay	1.99083	1.99083e+06	1	6
5.8512	0	1	394	FullDelay	1.99083	1.99083e+06	1	6
5.8616	0	1	395	LastDelay	1.9944	1.9944e+06	1	6
5.8616	0	1	395	FullDelay	1.9944	1.9944e+06	1	6
5.87192	0	1	396	LastDelay	1.99789	1.99789e+06	1	6
5.87192	0	1	396	FullDelay	1.99789	1.99789e+06	1	6
9.32072	0	1	1153	LastDelay	0.0672849	67284.9	1	6
9.32072	0	1	1153	FullDelay	0.0672849	67284.9	1	6
9.32985	0	1	1154	LastDelay	0.0695842	69584.2	1	6
9.32985	0	1	1154	FullDelay	0.0695842	69584.2	1	6
9.42088	0	1	1156	LastDelay	0.146964	146964	1	6
9.42088	0	1	1156	FullDelay	0.146964	146964	1	6
9.4413	0	1	1157	LastDelay	0.160556	160556	1	6
9.4413	0	1	1157	FullDelay	0.160556	160556	1	6
9.45949	0	1	1158	LastDelay	0.171922	171922	1	6
9.45949	0	1	1158	FullDelay	0.171922	171922	1	6
9.47887	0	1	1159	LastDelay	0.184469	184469	1	6
9.47887	0	1	1159	FullDelay	0.184469	184469	1	6
9.50905	0	1	1160	LastDelay	0.207827	207827	1	6
9.50905	0	1	1160	FullDelay	0.207827	207827	1	6
9.51907	0	1	1161	LastDelay	0.211013	211013	1	6
9.51907	0	1	1161	FullDelay	0.211013	211013	1	6
9.54012	0	1	1162	LastDelay	0.225237	225237	1	6
9.54012	0	1	1162	FullDelay	0.225237	225237	1	6
9.55403	0	1	1163	LastDelay	0.232322	232322	1	6
9.55403	0	1	1163	FullDelay	0.232322	232322	1	6
9.59673	0	1	1164	LastDelay	0.2682	268200	1	6
9.59673	0	1	1164	FullDelay	0.2682	268200	1	6
9.61689	0	1	1165	LastDelay	0.281526	281526	1	6
9.61689	0	1	1165	FullDelay	0.281526	281526	1	6
9.68077	0	1	1166	LastDelay	0.338589	338589	1	6
9.68077	0	1	1166	FullDelay	0.338589	338589	1	6
9.69346	0	1	1167	LastDelay	0.344447	344447	1	6
9.69346	0	1	1167	FullDelay	0.344447	344447	1	6
9.70326	0	1	126	LastDelay	0.347418	347418	1	4
9.70326	0	1	126	FullDelay	7.79531	7.79531e+06	4	4
9.7797	0	1	239	LastDelay	0.410203	410203	1	4
9.7797	0	1	239	FullDelay	7.07303	7.07303e+06	3	4
9.78919	0	1	243	LastDelay	0.412872	412872	1	4
9.78919	0	1	243	FullDelay	7.05522	7.05522e+06	3	4
9.80004	0	1	244	LastDelay	0.416898	416898	1	4
9.80004	0	1	244	FullDelay	7.05924	7.05924e+06	3	4
9.81522	0	1	251	LastDelay	0.425245	425245	1	4
9.81522	0	1	251	FullDelay	7.0198	7.0198e+06	3	4
9.82707	0	1	258	LastDelay	0.43027	430270	1	4
9.82707	0	1	258	FullDelay	6.98387	6.98387e+06	3	4
9.8398	0	1	261	LastDelay	0.436179	436179	1	4
9.8398	0	1	261	FullDelay	6.9693	6.9693e+06	3	4
9.87098	0	1	264	LastDelay	0.460523	460523	1	4
9.87098	0	1	264	FullDelay	6.97999	6.97999e+06	3	4
9.92841	0	1	279	LastDelay	0.504305	504305	1	4
9.92841	0	1	279	FullDelay	6.93502	6.93502e+06	3	4
9.94676	0	1	397	LastDelay	0.515831	515831	1	4
9.94676	0	1	397	FullDelay	6.06591	6.06591e+06	2	4
9.96629	0	1	399	LastDelay	0.521703	521703	1	4
9.96629	0	1	399	FullDelay	6.07178	6.07178e+06	2	4
9.99461	0	1	400	LastDelay	0.543201	543201	1	4
9.99461	0	1	400	FullDelay	6.09328	6.09328e+06	2	4
10.016	0	1	401	LastDelay	0.557765	557765	1	4
10.016	0	1	401	FullDelay	6.10784	6.10784e+06	2	4
10.0268	0	1	402	LastDelay	0.561757	561757	1	4
10.0268	0	1	402	FullDelay	6.11184	6.11184e+06	2	4
10.0736	0	1	404	LastDelay	0.594921	594921	1	4
10.0736	0	1	404	FullDelay	6.145	6.145e+06	2	4
10.0836	0	1	405	LastDelay	0.598087	598087	1	4
10.0836	0	1	405	FullDelay	6.14817	6.14817e+06	2	4
10.1538	0	1	406	LastDelay	0.661401	661401	1	4
10.1538	0	1	406	FullDelay	6.21148	6.21148e+06	2	4
10.1939	0	1	408	LastDelay	0.687833	687833	1	4
10.1939	0	1	408	FullDelay	6.23791	6.23791e+06	2	4
10.2359	0	1	410	LastDelay	0.716229	716229	1	4
10.2359	0	1	410	FullDelay	6.26631	6.26631e+06	2	4
10.247	0	1	411	LastDelay	0.720528	720528	1	4
10.247	0	1	411	FullDelay	6.27061	6.27061e+06	2	4
10.2625	0	1	412	LastDelay	0.729191	729191	1	4
10.2625	0	1	412	FullDelay	6.27927	6.27927e+06	2	4
10.2787	0	1	413	LastDelay	0.738577	738577	1	4
10.2787	0	1	413	FullDelay	6.28866	6.28866e+06	2	4
10.2978	0	1	414	LastDelay	0.750829	750829	1	4
10.2978	0	1	414	FullDelay	6.30091	6.30091e+06	2	4
10.3497	0	1	140	LastDelay	0.795864	795864	1	4
10.3497	0	1	140	FullDelay	8.34616	8.34616e+06	4	4
10.4552	0	1	287	LastDelay	0.874128	874128	1	4
10.4552	0	1	287	FullDelay	7.39359	7.39359e+06	3	4
10.4931	0	1	297	LastDelay	0.905167	905167	1	4
10.4931	0	1	297	FullDelay	7.36319	7.36319e+06	3	4
10.5271	0	1	191	LastDelay	0.925541	925541	1	4
10.5271	0	1	191	FullDelay	8.15498	8.15498e+06	4	4
10.566	0	1	302	LastDelay	0.957605	957605	1	4
10.566	0	1	302	FullDelay	7.39515	7.39515e+06	3	4
10.5778	0	1	310	LastDelay	0.962588	962588	1	4
10.5778	0	1	310	FullDelay	7.35235	7.35235e+06	3	4
10.6269	0	1	318	LastDelay	0.997996	997996	1	4
10.6269	0	1	318	FullDelay	7.33314	7.33314e+06	3	4
10.645	0	1	339	LastDelay	1.00923	1.00923e+06	1	4
10.645	0	1	339	FullDelay	7.20101	7.20101e+06	3	4
10.674	0	1	341	LastDelay	1.03143	1.03143e+06	1	4
10.674	0	1	341	FullDelay	7.20956	7.20956e+06	3	4
10.7259	0	1	353	LastDelay	1.06967	1.06967e+06	1	4
10.7259	0	1	353	FullDelay	7.17953	7.17953e+06	3	4
10.7368	0	1	369	LastDelay	1.0738	1.0738e+06	1	4
10.7368	0	1	369	FullDelay	7.06079	7.06079e+06	3	4
10.7531	0	1	380	LastDelay	1.08324	1.08324e+06	1	4
10.7531	0	1	380	FullDelay	6.98831	6.98831e+06	3	4
10.7622	0	1	382	LastDelay	1.08548	1.08548e+06	1	4
10.7622	0	1	382	FullDelay	6.98372	6.98372e+06	3	4
10.8502	0	1	416	LastDelay	1.15308	1.15308e+06	1	4
10.8502	0	1	416	FullDelay	6.83286	6.83286e+06	2	4
10.8611	0	1	417	LastDelay	1.15713	1.15713e+06	1	4
10.8611	0	1	417	FullDelay	6.83691	6.83691e+06	2	4
10.8719	0	1	418	LastDelay	1.16112	1.16112e+06	1	4
10.8719	0	1	418	FullDelay	6.84091	6.84091e+06	2	4
10.8988	0	1	419	LastDelay	1.18117	1.18117e+06	1	4
10.8988	0	1	419	FullDelay	6.86095	6.86095e+06	2	4
10.9091	0	1	420	LastDelay	1.18461	1.18461e+06	1	4
10.9091	0	1	420	FullDelay	6.86439	6.86439e+06	2	4
10.9293	0	1	421	LastDelay	1.19797	1.19797e+06	1	4
10.9293	0	1	421	FullDelay	6.87776	6.87776e+06	2	4
10.9476	0	1	422	LastDelay	1.2095	1.2095e+06	1	4
10.9476	0	1	422	FullDelay	6.88929	6.88929e+06	2	4
10.9982	0	1	423	LastDelay	1.25327	1.25327e+06	1	4
10.9982	0	1	423	FullDelay	6.93306	6.93306e+06	2	4
11.0178	0	1	424	LastDelay	1.26602	1.26602e+06	1	4
11.0178	0	1	424	FullDelay	6.9458	6.9458e+06	2	4
11.0576	0	1	425	LastDelay	1.29894	1.29894e+06	1	4
11.0576	0	1	425	FullDelay	6.97873	6.97873e+06	2	4
11.0689	0	1	426	LastDelay	1.30343	1.30343e+06	1	4
11.0689	0	1	426	FullDelay	6.98321	6.98321e+06	2	4
11.0907	0	1	427	LastDelay	1.3184	1.3184e+06	1	4
11.0907	0	1	427	FullDelay	6.99819	6.99819e+06	2	4
11.115	0	1	428	LastDelay	1.33594	1.33594e+06	1	4
11.115	0	1	428	FullDelay	7.01573	7.01573e+06	2	4
11.1356	0	1	429	LastDelay	1.34971	1.34971e+06	1	4
11.1356	0	1	429	FullDelay	7.0295	7.0295e+06	2	4
11.1641	0	1	430	LastDelay	1.37131	1.37131e+06	1	4
11.1641	0	1	430	FullDelay	7.0511	7.0511e+06	2	4
11.1942	0	1	431	LastDelay	1.3946	1.3946e+06	1	4
11.1942	0	1	431	FullDelay	7.07439	7.07439e+06	2	4
11.2145	0	1	432	LastDelay	1.40809	1.40809e+06	1	4
11.2145	0	1	432	FullDelay	7.08788	7.08788e+06	2	4
11.2267	0	1	433	LastDelay	1.41343	1.41343e+06	1	4
11.2267	0	1	433	FullDelay	7.09321	7.09321e+06	2	4
11.2386	0	1	434	LastDelay	1.41857	1.41857e+06	1	4
11.2386	0	1	434	FullDelay	7.09836	7.09836e+06	2	4
11.2552	0	1	435	LastDelay	1.42833	1.42833e+06	1	4
11.2552	0	1	435	FullDelay	7.10811	7.10811e+06	2	4
11.2644	0	1	436	LastDelay	1.43071	1.43071e+06	1	4
11.2644	0	1	436	FullDelay	7.11049	7.11049e+06	2	4
11.3101	0	1	439	LastDelay	1.45589	1.45589e+06	1	4
11.3101	0	1	439	FullDelay	7.13568	7.13568e+06	2	4
11.3201	0	1	440	LastDelay	1.4591	1.4591e+06	1	4
11.3201	0	1	440	FullDelay	7.13888	7.13888e+06	2	4
11.3401	0	1	441	LastDelay	1.47229	1.47229e+06	1	4
11.3401	0	1	441	FullDelay	7.15207	7.15207e+06	2	4
11.3739	0	1	442	LastDelay	1.4992	1.4992e+06	1	4
11.3739	0	1	442	FullDelay	7.17899	7.17899e+06	2	4
11.4234	0	1	444	LastDelay	1.53512	1.53512e+06	1	4
11.4234	0	1	444	FullDelay	7.20808	7.20808e+06	2	4
11.4387	0	1	445	LastDelay	1.54353	1.54353e+06	1	4
11.4387	0	1	445	FullDelay	7.21649	7.21649e+06	2	4
11.4753	0	1	447	LastDelay	1.56653	1.56653e+06	1	4
11.4753	0	1	447	FullDelay	7.23948	7.23948e+06	2	4
11.4956	0	1	448	LastDelay	1.57996	1.57996e+06	1	4
11.4956	0	1	448	FullDelay	7.25292	7.25292e+06	2	4
11.5162	0	1	449	LastDelay	1.59376	1.59376e+06	1	4
11.5162	0	1	449	FullDelay	7.26672	7.26672e+06	2	4
11.5395	0	1	450	LastDelay	1.61027	1.61027e+06	1	4
11.5395	0	1	450	FullDelay	7.26957	7.26957e+06	2	4
11.5537	0	1	451	LastDelay	1.61755	1.61755e+06	1	4
11.5537	0	1	451	FullDelay	7.27685	7.27685e+06	2	4
11.566	0	1	452	LastDelay	1.62311	1.62311e+06	1	4
11.566	0	1	452	FullDelay	7.28242	7.28242e+06	2	4
11.6399	0	1	454	LastDelay	1.68332	1.68332e+06	1	4
11.6399	0	1	454	FullDelay	7.34263	7.34263e+06	2	4
11.66	0	1	455	LastDelay	1.69659	1.69659e+06	1	4
11.66	0	1	455	FullDelay	7.35589	7.35589e+06	2	4
11.6691	0	1	456	LastDelay	1.69882	1.69882e+06	1	4
11.6691	0	1	456	FullDelay	7.35813	7.35813e+06	2	4
11.7003	0	1	457	LastDelay	1.72328	1.72328e+06	1	4
11.7003	0	1	457	FullDelay	7.38259	7.38259e+06	2	4
11.7103	0	1	458	LastDelay	1.72645	1.72645e+06	1	4
11.7103	0	1	458	FullDelay	7.38576	7.38576e+06	2	4
11.7221	0	1	459	LastDelay	1.73143	1.73143e+06	1	4
11.7221	0	1	459	FullDelay	7.39073	7.39073e+06	2	4
11.7332	0	1	460	LastDelay	1.73562	1.73562e+06	1	4
11.7332	0	1	460	FullDelay	7.39493	7.39493e+06	2	4
11.7747	0	1	461	LastDelay	1.77037	1.77037e+06	1	4
11.7747	0	1	461	FullDelay	7.42967	7.42967e+06	2	4
11.7931	0	1	462	LastDelay	1.78187	1.78187e+06	1	4
11.7931	0	1	462	FullDelay	7.43435	7.43435e+06	2	4
11.8058	0	1	463	LastDelay	1.78782	1.78782e+06	1	4
11.8058	0	1	463	FullDelay	7.4403	7.4403e+06	2	4
11.8543	0	1	465	LastDelay	1.82265	1.82265e+06	1	4
11.8543	0	1	465	FullDelay	7.47513	7.47513e+06	2	4
11.8643	0	1	466	LastDelay	1.82583	1.82583e+06	1	4
11.8643	0	1	466	FullDelay	7.47831	7.47831e+06	2	4
11.8763	0	1	467	LastDelay	1.83099	1.83099e+06	1	4
11.8763	0	1	467	FullDelay	7.48347	7.48347e+06	2	4
11.8972	0	1	468	LastDelay	1.845	1.845e+06	1	4
11.8972	0	1	468	FullDelay	7.49747	7.49747e+06	2	4
11.9187	0	1	469	LastDelay	1.85969	1.85969e+06	1	4
11.9187	0	1	469	FullDelay	7.49851	7.49851e+06	2	4
11.9531	0	1	470	LastDelay	1.88724	1.88724e+06	1	4
11.9531	0	1	470	FullDelay	7.52606	7.52606e+06	2	4
12.0013	0	1	473	LastDelay	1.91503	1.91503e+06	1	4
12.0013	0	1	473	FullDelay	7.55385	7.55385e+06	2	4
12.0223	0	1	474	LastDelay	1.92921	1.92921e+06	1	4
12.0223	0	1	474	FullDelay	7.56121	7.56121e+06	2	4
12.0332	0	1	475	LastDelay	1.93324	1.93324e+06	1	4
12.0332	0	1	475	FullDelay	7.56524	7.56524e+06	2	4
12.0563	0	1	476	LastDelay	1.94956	1.94956e+06	1	4
12.0563	0	1	476	FullDelay	7.58156	7.58156e+06	2	4
12.0938	0	1	477	LastDelay	1.98023	1.98023e+06	1	4
12.0938	0	1	477	FullDelay	7.61223	7.61223e+06	2	4
12.106	0	1	478	LastDelay	1.98562	1.98562e+06	1	4
12.106	0	1	478	FullDelay	7.61762	7.61762e+06	2	4
23.6046	0	1	2703	LastDelay	0.0560777	56077.7	1	6
23.6046	0	1	2703	FullDelay	0.0560777	56077.7	1	6
23.6136	0	1	2704	LastDelay	0.0583371	58337.1	1	6
23.6136	0	1	2704	FullDelay	0.0583371	58337.1	1	6
23.6624	0	1	2706	LastDelay	0.0933932	93393.2	1	6
23.6624	0	1	2706	FullDelay	0.0933932	93393.2	1	6
23.6788	0	1	2707	LastDelay	0.103031	103031	1	6
23.6788	0	1	2707	FullDelay	0.103031	103031	1	6
23.7084	0	1	2708	LastDelay	0.125809	125809	1	6
23.7084	0	1	2708	FullDelay	0.125809	125809	1	6
23.7252	0	1	2709	LastDelay	0.135803	135803	1	6
23.7252	0	1	2709	FullDelay	0.135803	135803	1	6
23.7393	0	1	2710	LastDelay	0.143039	143039	1	6
23.7393	0	1	2710	FullDelay	0.143039	143039	1	6
23.7484	0	1	2711	LastDelay	0.145298	145298	1	6
23.7484	0	1	2711	FullDelay	0.145298	145298	1	6
23.879	0	1	2713	LastDelay	0.262251	262251	1	6
23.879	0	1	2713	FullDelay	0.262251	262251	1	6
23.898	0	1	2714	LastDelay	0.274463	274463	1	6
23.898	0	1	2714	FullDelay	0.274463	274463	1	6
23.9396	0	1	2715	LastDelay	0.309153	309153	1	6
23.9396	0	1	2715	FullDelay	0.309153	309153	1	6
23.9496	0	1	2716	LastDelay	0.312339	312339	1	6
23.9496	0	1	2716	FullDelay	0.312339	312339	1	6
24.0251	0	1	159	LastDelay	0.374255	374255	1	6
24.0251	0	1	159	FullDelay	21.8919	2.18919e+07	5	6
24.0672	0	1	225	LastDelay	0.409524	409524	1	6
24.0672	0	1	225	FullDelay	21.463	2.1463e+07	4	6
24.0784	0	1	274	LastDelay	0.413823	413823	1	6
24.0784	0	1	274	FullDelay	21.1191	2.11191e+07	4	6
24.0936	0	1	280	LastDelay	0.42229	422290	1	6
24.0936	0	1	280	FullDelay	21.0866	2.10866e+07	4	6
24.1077	0	1	284	LastDelay	0.429538	429538	1	6
24.1077	0	1	284	FullDelay	21.0734	2.10734e+07	4	6
24.1211	0	1	298	LastDelay	0.436109	436109	1	6
24.1211	0	1	298	FullDelay	20.9844	2.09844e+07	4	6
24.1421	0	1	316	LastDelay	0.450265	450265	1	6
24.1421	0	1	316	FullDelay	20.862	2.0862e+07	4	6
24.1624	0	1	343	LastDelay	0.46375	463750	1	6
24.1624	0	1	343	FullDelay	20.6843	2.06843e+07	4	6
24.2023	0	1	398	LastDelay	0.48998	489980	1	6
24.2023	0	1	398	FullDelay	20.3146	2.03146e+07	3	6
24.2123	0	1	403	LastDelay	0.493146	493146	1	6
24.2123	0	1	403	FullDelay	20.2905	2.02905e+07	3	6
24.2529	0	1	407	LastDelay	0.526937	526937	1	6
24.2529	0	1	407	FullDelay	20.3038	2.03038e+07	3	6
24.262	0	1	409	LastDelay	0.529177	529177	1	6
24.262	0	1	409	FullDelay	20.2992	2.02992e+07	3	6
24.2953	0	1	415	LastDelay	0.555673	555673	1	6
24.2953	0	1	415	FullDelay	20.2847	2.02847e+07	3	6
24.3071	0	1	437	LastDelay	0.560694	560694	1	6
24.3071	0	1	437	FullDelay	20.1464	2.01464e+07	3	6
24.3189	0	1	438	LastDelay	0.565652	565652	1	6
24.3189	0	1	438	FullDelay	20.1514	2.01514e+07	3	6
24.3398	0	1	443	LastDelay	0.579721	579721	1	6
24.3398	0	1	443	FullDelay	20.1313	2.01313e+07	3	6
24.3932	0	1	446	LastDelay	0.626231	626231	1	6
24.3932	0	1	446	FullDelay	20.1641	2.01641e+07	3	6
24.4073	0	1	453	LastDelay	0.633548	633548	1	6
24.4073	0	1	453	FullDelay	20.1169	2.01169e+07	3	6
24.4165	0	1	464	LastDelay	0.635868	635868	1	6
24.4165	0	1	464	FullDelay	20.0441	2.00441e+07	3	6
24.4573	0	1	471	LastDelay	0.66993	669930	1	6
24.4573	0	1	471	FullDelay	20.0235	2.00235e+07	3	6
24.4665	0	1	472	LastDelay	0.67223	672230	1	6
24.4665	0	1	472	FullDelay	20.0258	2.00258e+07	3	6
24.4795	0	1	479	LastDelay	0.678392	678392	1	6
24.4795	0	1	479	FullDelay	19.9842	1.99842e+07	3	6
24.4983	0	1	480	LastDelay	0.690457	690457	1	6
24.4983	0	1	480	FullDelay	19.9963	1.99963e+07	3	6
24.5344	0	1	482	LastDelay	0.712844	712844	1	6
24.5344	0	1	482	FullDelay	20.0187	2.00187e+07	3	6
24.5667	0	1	483	LastDelay	0.738289	738289	1	6
24.5667	0	1	483	FullDelay	20.0441	2.00441e+07	3	6
24.5908	0	1	484	LastDelay	0.755574	755574	1	6
24.5908	0	1	484	FullDelay	20.0614	2.00614e+07	3	6
24.6105	0	1	485	LastDelay	0.768441	768441	1	6
24.6105	0	1	485	FullDelay	20.0743	2.00743e+07	3	6
24.6691	0	1	487	LastDelay	0.813413	813413	1	6
24.6691	0	1	487	FullDelay	20.1192	2.01192e+07	3	6
24.7335	0	1	489	LastDelay	0.864128	864128	1	6
24.7335	0	1	489	FullDelay	20.1631	2.01631e+07	3	6
24.7444	0	1	490	LastDelay	0.868222	868222	1	6
24.7444	0	1	490	FullDelay	20.1672	2.01672e+07	3	6
24.7654	0	1	491	LastDelay	0.882451	882451	1	6
24.7654	0	1	491	FullDelay	20.1814	2.01814e+07	3	6
24.7745	0	1	492	LastDelay	0.88471	884710	1	6
24.7745	0	1	492	FullDelay	20.1837	2.01837e+07	3	6
24.8338	0	1	494	LastDelay	0.930328	930328	1	6
24.8338	0	1	494	FullDelay	20.2225	2.02225e+07	3	6
24.8543	0	1	495	LastDelay	0.943987	943987	1	6
24.8543	0	1	495	FullDelay	20.2361	2.02361e+07	3	6
24.8847	0	1	496	LastDelay	0.967539	967539	1	6
24.8847	0	1	496	FullDelay	20.2597	2.02597e+07	3	6
24.9094	0	1	497	LastDelay	0.985423	985423	1	6
24.9094	0	1	497	FullDelay	20.2776	2.02776e+07	3	6
24.9425	0	1	498	LastDelay	1.01171	1.01171e+06	1	6
24.9425	0	1	498	FullDelay	20.3039	2.03039e+07	3	6
24.9516	0	1	499	LastDelay	1.01399	1.01399e+06	1	6
24.9516	0	1	499	FullDelay	20.3062	2.03062e+07	3	6
24.9698	0	1	500	LastDelay	1.02534	1.02534e+06	1	6
24.9698	0	1	500	FullDelay	20.3107	2.03107e+07	3	6
24.9902	0	1	501	LastDelay	1.03897	1.03897e+06	1	6
24.9902	0	1	501	FullDelay	20.3243	2.03243e+07	3	6
25.0117	0	1	502	LastDelay	1.05362	1.05362e+06	1	6
25.0117	0	1	502	FullDelay	20.3389	2.03389e+07	3	6
25.0413	0	1	503	LastDelay	1.07638	1.07638e+06	1	6
25.0413	0	1	503	FullDelay	20.3617	2.03617e+07	3	6
25.0617	0	1	504	LastDelay	1.08993	1.08993e+06	1	6
25.0617	0	1	504	FullDelay	20.3753	2.03753e+07	3	6
25.0708	0	1	505	LastDelay	1.09223	1.09223e+06	1	6
25.0708	0	1	505	FullDelay	20.3776	2.03776e+07	3	6
25.0899	0	1	506	LastDelay	1.1045	1.1045e+06	1	6
25.0899	0	1	506	FullDelay	20.383	2.0383e+07	3	6
25.0998	0	1	507	LastDelay	1.10758	1.10758e+06	1	6
25.0998	0	1	507	FullDelay	20.3861	2.03861e+07	3	6
25.1225	0	1	509	LastDelay	1.11668	1.11668e+06	1	6
25.1225	0	1	509	FullDelay	20.3952	2.03952e+07	3	6
25.1555	0	1	511	LastDelay	1.13603	1.13603e+06	1	6
25.1555	0	1	511	FullDelay	20.4145	2.04145e+07	3	6
25.1649	0	1	512	LastDelay	1.13859	1.13859e+06	1	6
25.1649	0	1	512	FullDelay	20.4171	2.04171e+07	3	6
25.206	0	1	513	LastDelay	1.17281	1.17281e+06	1	6
25.206	0	1	513	FullDelay	20.4445	2.04445e+07	3	6
25.2499	0	1	515	LastDelay	1.20307	1.20307e+06	1	6
25.2499	0	1	515	FullDelay	20.4747	2.04747e+07	3	6
25.259	0	1	516	LastDelay	1.20531	1.20531e+06	1	6
25.259	0	1	516	FullDelay	20.477	2.0477e+07	3	6
25.28	0	1	517	LastDelay	1.21956	1.21956e+06	1	6
25.28	0	1	517	FullDelay	20.4912	2.04912e+07	3	6
25.3081	0	1	519	LastDelay	1.23394	1.23394e+06	1	6
25.3081	0	1	519	FullDelay	20.492	2.0492e+07	3	6
25.3277	0	1	520	LastDelay	1.24673	1.24673e+06	1	6
25.3277	0	1	520	FullDelay	20.5048	2.05048e+07	3	6
25.3623	0	1	521	LastDelay	1.27455	1.27455e+06	1	6
25.3623	0	1	521	FullDelay	20.5326	2.05326e+07	3	6
25.3723	0	1	522	LastDelay	1.27767	1.27767e+06	1	6
25.3723	0	1	522	FullDelay	20.5357	2.05357e+07	3	6
25.3831	0	1	523	LastDelay	1.28163	1.28163e+06	1	6
25.3831	0	1	523	FullDelay	20.5397	2.05397e+07	3	6
25.3945	0	1	524	LastDelay	1.2862	1.2862e+06	1	6
25.3945	0	1	524	FullDelay	20.5442	2.05442e+07	3	6
25.4317	0	1	525	LastDelay	1.31665	1.31665e+06	1	6
25.4317	0	1	525	FullDelay	20.5747	2.05747e+07	3	6
25.4858	0	1	527	LastDelay	1.3571	1.3571e+06	1	6
25.4858	0	1	527	FullDelay	20.6151	2.06151e+07	3	6
25.5049	0	1	528	LastDelay	1.36929	1.36929e+06	1	6
25.5049	0	1	528	FullDelay	20.6273	2.06273e+07	3	6
25.5201	0	1	529	LastDelay	1.37766	1.37766e+06	1	6
25.5201	0	1	529	FullDelay	20.6357	2.06357e+07	3	6
25.5315	0	1	530	LastDelay	1.38225	1.38225e+06	1	6
25.5315	0	1	530	FullDelay	20.6403	2.06403e+07	3	6
25.5407	0	1	531	LastDelay	1.38465	1.38465e+06	1	6
25.5407	0	1	531	FullDelay	20.6427	2.06427e+07	3	6
25.5517	0	1	532	LastDelay	1.38882	1.38882e+06	1	6
25.5517	0	1	532	FullDelay	20.6332	2.06332e+07	3	6
25.5842	0	1	533	LastDelay	1.41445	1.41445e+06	1	6
25.5842	0	1	533	FullDelay	20.6588	2.06588e+07	3	6
25.6406	0	1	534	LastDelay	1.46404	1.46404e+06	1	6
25.6406	0	1	534	FullDelay	20.7084	2.07084e+07	3	6
25.6498	0	1	535	LastDelay	1.4664	1.4664e+06	1	6
25.6498	0	1	535	FullDelay	20.7108	2.07108e+07	3	6
25.6705	0	1	536	LastDelay	1.4803	1.4803e+06	1	6
25.6705	0	1	536	FullDelay	20.7247	2.07247e+07	3	6
25.6796	0	1	537	LastDelay	1.48254	1.48254e+06	1	6
25.6796	0	1	537	FullDelay	20.7269	2.07269e+07	3	6
25.7167	0	1	538	LastDelay	1.51288	1.51288e+06	1	6
25.7167	0	1	538	FullDelay	20.7572	2.07572e+07	3	6
25.7259	0	1	539	LastDelay	1.5152	1.5152e+06	1	6
25.7259	0	1	539	FullDelay	20.7596	2.07596e+07	3	6
25.7453	0	1	540	LastDelay	1.52781	1.52781e+06	1	6
25.7453	0	1	540	FullDelay	20.7722	2.07722e+07	3	6
25.7673	0	1	541	LastDelay	1.54302	1.54302e+06	1	6
25.7673	0	1	541	FullDelay	20.7874	2.07874e+07	3	6
25.7918	0	1	543	LastDelay	1.55386	1.55386e+06	1	6
25.7918	0	1	543	FullDelay	20.7982	2.07982e+07	3	6
25.841	0	1	544	LastDelay	1.59622	1.59622e+06	1	6
25.841	0	1	544	FullDelay	20.8406	2.08406e+07	3	6
25.878	0	1	545	LastDelay	1.6264	1.6264e+06	1	6
25.878	0	1	545	FullDelay	20.8708	2.08708e+07	3	6
25.8871	0	1	546	LastDelay	1.62864	1.62864e+06	1	6
25.8871	0	1	546	FullDelay	20.873	2.0873e+07	3	6
25.9161	0	1	547	LastDelay	1.65078	1.65078e+06	1	6
25.9161	0	1	547	FullDelay	20.8952	2.08952e+07	3	6
25.9371	0	1	548	LastDelay	1.665	1.665e+06	1	6
25.9371	0	1	548	FullDelay	20.9094	2.09094e+07	3	6
25.9654	0	1	549	LastDelay	1.68644	1.68644e+06	1	6
25.9654	0	1	549	FullDelay	20.9308	2.09308e+07	3	6
26.0112	0	1	550	LastDelay	1.72543	1.72543e+06	1	6
26.0112	0	1	550	FullDelay	20.9698	2.09698e+07	3	6
26.0281	0	1	551	LastDelay	1.73548	1.73548e+06	1	6
26.0281	0	1	551	FullDelay	20.9799	2.09799e+07	3	6
26.0372	0	1	552	LastDelay	1.73778	1.73778e+06	1	6
26.0372	0	1	552	FullDelay	20.9685	2.09685e+07	3	6
26.0483	0	1	553	LastDelay	1.74209	1.74209e+06	1	6
26.0483	0	1	553	FullDelay	20.9728	2.09728e+07	3	6
26.0577	0	1	554	LastDelay	1.74464	1.74464e+06	1	6
26.0577	0	1	554	FullDelay	20.9754	2.09754e+07	3	6
26.0905	0	1	555	LastDelay	1.77061	1.77061e+06	1	6
26.0905	0	1	555	FullDelay	21.0013	2.10013e+07	3	6
26.1022	0	1	556	LastDelay	1.77551	1.77551e+06	1	6
26.1022	0	1	556	FullDelay	21.0062	2.10062e+07	3	6
26.1142	0	1	557	LastDelay	1.78061	1.78061e+06	1	6
26.1142	0	1	557	FullDelay	20.9977	2.09977e+07	3	6
26.1443	0	1	558	LastDelay	1.80389	1.80389e+06	1	6
26.1443	0	1	558	FullDelay	21.021	2.1021e+07	3	6
26.2009	0	1	559	LastDelay	1.85368	1.85368e+06	1	6
26.2009	0	1	559	FullDelay	21.0707	2.10707e+07	3	6
26.2175	0	1	560	LastDelay	1.86352	1.86352e+06	1	6
26.2175	0	1	560	FullDelay	21.0806	2.10806e+07	3	6
26.2283	0	1	561	LastDelay	1.86741	1.86741e+06	1	6
26.2283	0	1	561	FullDelay	21.0845	2.10845e+07	3	6
26.2384	0	1	562	LastDelay	1.87067	1.87067e+06	1	6
26.2384	0	1	562	FullDelay	21.0809	2.10809e+07	3	6
26.2933	0	1	564	LastDelay	1.912	1.912e+06	1	6
26.2933	0	1	564	FullDelay	21.1222	2.11222e+07	3	6
26.3117	0	1	565	LastDelay	1.92351	1.92351e+06	1	6
26.3117	0	1	565	FullDelay	21.1337	2.11337e+07	3	6
26.3315	0	1	566	LastDelay	1.9365	1.9365e+06	1	6
26.3315	0	1	566	FullDelay	21.1467	2.11467e+07	3	6
26.3435	0	1	567	LastDelay	1.94168	1.94168e+06	1	6
26.3435	0	1	567	FullDelay	21.1519	2.11519e+07	3	6
26.3548	0	1	568	LastDelay	1.94616	1.94616e+06	1	6
26.3548	0	1	568	FullDelay	21.1564	2.11564e+07	3	6
26.3796	0	1	569	LastDelay	1.96416	1.96416e+06	1	6
26.3796	0	1	569	FullDelay	21.1744	2.11744e+07	3	6
26.389	0	1	570	LastDelay	1.96666	1.96666e+06	1	6
26.389	0	1	570	FullDelay	21.1769	2.11769e+07	3	6
26.4265	0	1	571	LastDelay	1.99743	1.99743e+06	1	6
26.4265	0	1	571	FullDelay	21.2077	2.12077e+07	3	6
