Time	Node	AppId	SeqNo	Type	DelayS	DelayUS	RetxCount	HopCount
1.02468	0	1	0	LastDelay	0.0246836	24683.6	1	4
1.02468	0	1	0	FullDelay	0.0246836	24683.6	1	4
1.04282	0	1	1	LastDelay	0.0359884	35988.4	1	4
1.04282	0	1	1	FullDelay	0.0359884	35988.4	1	4
1.06408	0	1	2	LastDelay	0.0504247	50424.7	1	4
1.06408	0	1	2	FullDelay	0.0504247	50424.7	1	4
1.09492	0	1	4	LastDelay	0.0676117	67611.7	1	4
1.09492	0	1	4	FullDelay	0.0676117	67611.7	1	4
1.11373	0	1	5	LastDelay	0.0795992	79599.2	1	4
1.11373	0	1	5	FullDelay	0.0795992	79599.2	1	4
1.14148	0	1	7	LastDelay	0.0936933	93693.3	1	4
1.14148	0	1	7	FullDelay	0.0936933	93693.3	1	4
1.15568	0	1	8	LastDelay	0.101068	101068	1	4
1.15568	0	1	8	FullDelay	0.101068	101068	1	4
1.17	0	1	9	LastDelay	0.108562	108562	1	4
1.17	0	1	9	FullDelay	0.108562	108562	1	4
1.21022	0	1	11	LastDelay	0.135128	135128	1	4
1.21022	0	1	11	FullDelay	0.135128	135128	1	4
1.22367	0	1	12	LastDelay	0.141754	141754	1	4
1.22367	0	1	12	FullDelay	0.141754	141754	1	4
1.24163	0	1	13	LastDelay	0.152886	152886	1	4
1.24163	0	1	13	FullDelay	0.152886	152886	1	4
1.27193	0	1	14	LastDelay	0.176354	176354	1	4
1.27193	0	1	14	FullDelay	0.176354	176354	1	4
1.29116	0	1	15	LastDelay	0.188762	188762	1	4
1.29116	0	1	15	FullDelay	0.188762	188762	1	4
1.3199	0	1	17	LastDelay	0.203847	203847	1	4
1.3199	0	1	17	FullDelay	0.203847	203847	1	4
1.33161	0	1	18	LastDelay	0.208734	208734	1	4
1.33161	0	1	18	FullDelay	0.208734	208734	1	4
1.34436	0	1	19	LastDelay	0.214654	214654	1	4
1.34436	0	1	19	FullDelay	0.214654	214654	1	4
1.37824	0	1	20	LastDelay	0.241705	241705	1	4
1.37824	0	1	20	FullDelay	0.241705	241705	1	4
1.40401	0	1	21	LastDelay	0.26065	260650	1	4
1.40401	0	1	21	FullDelay	0.26065	260650	1	4
1.43499	0	1	23	LastDelay	0.27798	277980	1	4
1.43499	0	1	23	FullDelay	0.27798	277980	1	4
1.45203	0	1	24	LastDelay	0.288194	288194	1	4
1.45203	0	1	24	FullDelay	0.288194	288194	1	4
1.46471	0	1	25	LastDelay	0.294039	294039	1	4
1.46471	0	1	25	FullDelay	0.294039	294039	1	4
1.48794	0	1	26	LastDelay	0.310444	310444	1	4
1.48794	0	1	26	FullDelay	0.310444	310444	1	4
1.52285	0	1	27	LastDelay	0.338534	338534	1	4
1.52285	0	1	27	FullDelay	0.338534	338534	1	4
1.55232	0	1	28	LastDelay	0.361176	361176	1	4
1.55232	0	1	28	FullDelay	0.361176	361176	1	4
1.5645	0	1	29	LastDelay	0.366527	366527	1	4
1.5645	0	1	29	FullDelay	0.366527	366527	1	4
1.5816	0	1	30	LastDelay	0.376803	376803	1	4
1.5816	0	1	30	FullDelay	0.376803	376803	1	4
1.60434	0	1	31	LastDelay	0.392713	392713	1	4
1.60434	0	1	31	FullDelay	0.392713	392713	1	4
1.61424	0	1	32	LastDelay	0.395784	395784	1	4
1.61424	0	1	32	FullDelay	0.395784	395784	1	4
1.62977	0	1	33	LastDelay	0.404492	404492	1	4
1.62977	0	1	33	FullDelay	0.404492	404492	1	4
1.66817	0	1	35	LastDelay	0.429241	429241	1	4
1.66817	0	1	35	FullDelay	0.429241	429241	1	4
1.68795	0	1	36	LastDelay	0.442195	442195	1	4
1.68795	0	1	36	FullDelay	0.442195	442195	1	4
1.71594	0	1	37	LastDelay	0.463352	463352	1	4
1.71594	0	1	37	FullDelay	0.463352	463352	1	4
1.72662	0	1	38	LastDelay	0.46721	467210	1	4
1.72662	0	1	38	FullDelay	0.46721	467210	1	4
1.75614	0	1	40	LastDelay	0.483076	483076	1	4
1.75614	0	1	40	FullDelay	0.483076	483076	1	4
1.79102	0	1	42	LastDelay	0.504296	504296	1	4
1.79102	0	1	42	FullDelay	0.504296	504296	1	4
1.80105	0	1	43	LastDelay	0.507507	507507	1	4
1.80105	0	1	43	FullDelay	0.507507	507507	1	4
1.8188	0	1	44	LastDelay	0.518423	518423	1	4
1.8188	0	1	44	FullDelay	0.518423	518423	1	4
1.83133	0	1	45	LastDelay	0.52413	524130	1	4
1.83133	0	1	45	FullDelay	0.52413	524130	1	4
1.85012	0	1	46	LastDelay	0.536091	536091	1	4
1.85012	0	1	46	FullDelay	0.536091	536091	1	4
1.86561	0	1	47	LastDelay	0.544753	544753	1	4
1.86561	0	1	47	FullDelay	0.544753	544753	1	4
1.8783	0	1	48	LastDelay	0.55062	550620	1	4
1.8783	0	1	48	FullDelay	0.55062	550620	1	4
1.89021	0	1	49	LastDelay	0.555705	555705	1	4
1.89021	0	1	49	FullDelay	0.555705	555705	1	4
1.90166	0	1	50	LastDelay	0.560327	560327	1	4
1.90166	0	1	50	FullDelay	0.560327	560327	1	4
1.91248	0	1	51	LastDelay	0.564317	564317	1	4
1.91248	0	1	51	FullDelay	0.564317	564317	1	4
1.93253	0	1	52	LastDelay	0.577544	577544	1	4
1.93253	0	1	52	FullDelay	0.577544	577544	1	4
1.95086	0	1	53	LastDelay	0.589043	589043	1	4
1.95086	0	1	53	FullDelay	0.589043	589043	1	4
1.96716	0	1	54	LastDelay	0.59852	598520	1	4
1.96716	0	1	54	FullDelay	0.59852	598520	1	4
1.98651	0	1	55	LastDelay	0.611045	611045	1	4
1.98651	0	1	55	FullDelay	0.611045	611045	1	4
2.00018	0	1	56	LastDelay	0.617887	617887	1	4
2.00018	0	1	56	FullDelay	0.617887	617887	1	4
2.00932	0	1	57	LastDelay	0.620198	620198	1	4
2.00932	0	1	57	FullDelay	0.620198	620198	1	4
2.02328	0	1	58	LastDelay	0.627335	627335	1	4
2.02328	0	1	58	FullDelay	0.627335	627335	1	4
2.04423	0	1	59	LastDelay	0.641456	641456	1	4
2.04423	0	1	59	FullDelay	0.641456	641456	1	4
2.07013	0	1	60	LastDelay	0.660531	660531	1	4
2.07013	0	1	60	FullDelay	0.660531	660531	1	4
2.07951	0	1	61	LastDelay	0.663079	663079	1	4
2.07951	0	1	61	FullDelay	0.663079	663079	1	4
2.11457	0	1	64	LastDelay	0.677659	677659	1	4
2.11457	0	1	64	FullDelay	0.677659	677659	1	4
2.12978	0	1	65	LastDelay	0.68605	686050	1	4
2.12978	0	1	65	FullDelay	0.68605	686050	1	4
2.14307	0	1	66	LastDelay	0.692507	692507	1	4
2.14307	0	1	66	FullDelay	0.692507	692507	1	4
2.18779	0	1	68	LastDelay	0.723576	723576	1	4
2.18779	0	1	68	FullDelay	0.723576	723576	1	4
2.20156	0	1	69	LastDelay	0.730516	730516	1	4
2.20156	0	1	69	FullDelay	0.730516	730516	1	4
2.21388	0	1	70	LastDelay	0.736015	736015	1	4
2.21388	0	1	70	FullDelay	0.736015	736015	1	4
2.22552	0	1	71	LastDelay	0.740823	740823	1	4
2.22552	0	1	71	FullDelay	0.740823	740823	1	4
2.26553	0	1	73	LastDelay	0.767184	767184	1	4
2.26553	0	1	73	FullDelay	0.767184	767184	1	4
2.29739	0	1	74	LastDelay	0.792216	792216	1	4
2.29739	0	1	74	FullDelay	0.792216	792216	1	4
2.30908	0	1	75	LastDelay	0.797084	797084	1	4
2.30908	0	1	75	FullDelay	0.797084	797084	1	4
2.3208	0	1	76	LastDelay	0.801971	801971	1	4
2.3208	0	1	76	FullDelay	0.801971	801971	1	4
2.3403	0	1	77	LastDelay	0.814646	814646	1	4
2.3403	0	1	77	FullDelay	0.814646	814646	1	4
2.35336	0	1	78	LastDelay	0.82088	820880	1	4
2.35336	0	1	78	FullDelay	0.82088	820880	1	4
2.37724	0	1	80	LastDelay	0.831109	831109	1	4
2.37724	0	1	80	FullDelay	0.831109	831109	1	4
2.39057	0	1	81	LastDelay	0.837614	837614	1	4
2.39057	0	1	81	FullDelay	0.837614	837614	1	4
2.41636	0	1	82	LastDelay	0.856572	856572	1	4
2.41636	0	1	82	FullDelay	0.856572	856572	1	4
2.4374	0	1	83	LastDelay	0.870784	870784	1	4
2.4374	0	1	83	FullDelay	0.870784	870784	1	4
2.45428	0	1	84	LastDelay	0.880842	880842	1	4
2.45428	0	1	84	FullDelay	0.880842	880842	1	4
2.46663	0	1	85	LastDelay	0.886368	886368	1	4
2.46663	0	1	85	FullDelay	0.886368	886368	1	4
2.49907	0	1	87	LastDelay	0.905151	905151	1	4
2.49907	0	1	87	FullDelay	0.905151	905151	1	4
2.5354	0	1	88	LastDelay	0.934651	934651	1	4
2.5354	0	1	88	FullDelay	0.934651	934651	1	4
2.56291	0	1	89	LastDelay	0.95534	955340	1	4
2.56291	0	1	89	FullDelay	0.95534	955340	1	4
2.57213	0	1	90	LastDelay	0.957732	957732	1	4
2.57213	0	1	90	FullDelay	0.957732	957732	1	4
2.60105	0	1	91	LastDelay	0.97982	979820	1	4
2.60105	0	1	91	FullDelay	0.97982	979820	1	4
2.62042	0	1	92	LastDelay	0.992365	992365	1	4
2.62042	0	1	92	FullDelay	0.992365	992365	1	4
2.6316	0	1	93	LastDelay	0.996719	996719	1	4
2.6316	0	1	93	FullDelay	0.996719	996719	1	4
2.67011	0	1	95	LastDelay	1.02157	1.02157e+06	1	4
2.67011	0	1	95	FullDelay	1.02157	1.02157e+06	1	4
2.68169	0	1	96	LastDelay	1.02633	1.02633e+06	1	4
2.68169	0	1	96	FullDelay	1.02633	1.02633e+06	1	4
2.71774	0	1	98	LastDelay	1.04873	1.04873e+06	1	4
2.71774	0	1	98	FullDelay	1.04873	1.04873e+06	1	4
2.7277	0	1	99	LastDelay	1.05186	1.05186e+06	1	4
2.7277	0	1	99	FullDelay	1.05186	1.05186e+06	1	4
2.74687	0	1	100	LastDelay	1.0642	1.0642e+06	1	4
2.74687	0	1	100	FullDelay	1.0642	1.0642e+06	1	4
2.75607	0	1	101	LastDelay	1.06657	1.06657e+06	1	4
2.75607	0	1	101	FullDelay	1.06657	1.06657e+06	1	4
2.77985	0	1	102	LastDelay	1.08353	1.08353e+06	1	4
2.77985	0	1	102	FullDelay	1.08353	1.08353e+06	1	4
2.78897	0	1	103	LastDelay	1.08582	1.08582e+06	1	4
2.78897	0	1	103	FullDelay	1.08582	1.08582e+06	1	4
2.79978	0	1	104	LastDelay	1.0898	1.0898e+06	1	4
2.79978	0	1	104	FullDelay	1.0898	1.0898e+06	1	4
2.82097	0	1	105	LastDelay	1.10417	1.10417e+06	1	4
2.82097	0	1	105	FullDelay	1.10417	1.10417e+06	1	4
2.84957	0	1	106	LastDelay	1.12594	1.12594e+06	1	4
2.84957	0	1	106	FullDelay	1.12594	1.12594e+06	1	4
2.86489	0	1	107	LastDelay	1.13444	1.13444e+06	1	4
2.86489	0	1	107	FullDelay	1.13444	1.13444e+06	1	4
2.90241	0	1	109	LastDelay	1.1583	1.1583e+06	1	4
2.90241	0	1	109	FullDelay	1.1583	1.1583e+06	1	4
2.91498	0	1	110	LastDelay	1.16405	1.16405e+06	1	4
2.91498	0	1	110	FullDelay	1.16405	1.16405e+06	1	4
2.94183	0	1	111	LastDelay	1.18407	1.18407e+06	1	4
2.94183	0	1	111	FullDelay	1.18407	1.18407e+06	1	4
2.95095	0	1	112	LastDelay	1.18637	1.18637e+06	1	4
2.95095	0	1	112	FullDelay	1.18637	1.18637e+06	1	4
2.96269	0	1	113	LastDelay	1.19128	1.19128e+06	1	4
2.96269	0	1	113	FullDelay	1.19128	1.19128e+06	1	4
2.98646	0	1	114	LastDelay	1.20822	1.20822e+06	1	4
2.98646	0	1	114	FullDelay	1.20822	1.20822e+06	1	4
3.0185	0	1	115	LastDelay	1.23344	1.23344e+06	1	4
3.0185	0	1	115	FullDelay	1.23344	1.23344e+06	1	4
3.03	0	1	116	LastDelay	1.23811	1.23811e+06	1	4
3.03	0	1	116	FullDelay	1.23811	1.23811e+06	1	4
3.03906	0	1	117	LastDelay	1.24034	1.24034e+06	1	4
3.03906	0	1	117	FullDelay	1.24034	1.24034e+06	1	4
3.04907	0	1	118	LastDelay	1.24352	1.24352e+06	1	4
3.04907	0	1	118	FullDelay	1.24352	1.24352e+06	1	4
3.07302	0	1	119	LastDelay	1.26064	1.26064e+06	1	4
3.07302	0	1	119	FullDelay	1.26064	1.26064e+06	1	4
3.08298	0	1	120	LastDelay	1.26378	1.26378e+06	1	4
3.08298	0	1	120	FullDelay	1.26378	1.26378e+06	1	4
3.09234	0	1	121	LastDelay	1.26632	1.26632e+06	1	4
3.09234	0	1	121	FullDelay	1.26632	1.26632e+06	1	4
3.11442	0	1	122	LastDelay	1.28157	1.28157e+06	1	4
3.11442	0	1	122	FullDelay	1.28157	1.28157e+06	1	4
3.12634	0	1	123	LastDelay	1.28667	1.28667e+06	1	4
3.12634	0	1	123	FullDelay	1.28667	1.28667e+06	1	4
3.14743	0	1	124	LastDelay	1.30092	1.30092e+06	1	4
3.14743	0	1	124	FullDelay	1.30092	1.30092e+06	1	4
3.16363	0	1	125	LastDelay	1.3103	1.3103e+06	1	4
3.16363	0	1	125	FullDelay	1.3103	1.3103e+06	1	4
3.1871	0	1	126	LastDelay	1.32694	1.32694e+06	1	4
3.1871	0	1	126	FullDelay	1.32694	1.32694e+06	1	4
3.20962	0	1	127	LastDelay	1.34263	1.34263e+06	1	4
3.20962	0	1	127	FullDelay	1.34263	1.34263e+06	1	4
3.24431	0	1	129	LastDelay	1.36367	1.36367e+06	1	4
3.24431	0	1	129	FullDelay	1.36367	1.36367e+06	1	4
3.25615	0	1	3	LastDelay	1.35503	1.35503e+06	1	2
3.25615	0	1	3	FullDelay	2.23567	2.23567e+06	2	2
3.26983	0	1	6	LastDelay	1.36188	1.36188e+06	1	2
3.26983	0	1	6	FullDelay	2.22887	2.22887e+06	2	2
3.28673	0	1	130	LastDelay	1.39926	1.39926e+06	1	4
3.28673	0	1	130	FullDelay	1.39926	1.39926e+06	1	4
3.30079	0	1	131	LastDelay	1.4065	1.4065e+06	1	4
3.30079	0	1	131	FullDelay	1.4065	1.4065e+06	1	4
3.31655	0	1	132	LastDelay	1.40178	1.40178e+06	1	4
3.31655	0	1	132	FullDelay	1.40178	1.40178e+06	1	4
3.34257	0	1	134	LastDelay	1.41415	1.41415e+06	1	4
3.34257	0	1	134	FullDelay	1.41415	1.41415e+06	1	4
3.38531	0	1	16	LastDelay	1.42275	1.42275e+06	1	2
3.38531	0	1	16	FullDelay	2.27608	2.27608e+06	2	2
3.39627	0	1	135	LastDelay	1.46102	1.46102e+06	1	4
3.39627	0	1	135	FullDelay	1.46102	1.46102e+06	1	4
3.42233	0	1	137	LastDelay	1.47342	1.47342e+06	1	4
3.42233	0	1	137	FullDelay	1.47342	1.47342e+06	1	4
3.44124	0	1	138	LastDelay	1.47185	1.47185e+06	1	4
3.44124	0	1	138	FullDelay	1.47185	1.47185e+06	1	4
3.45744	0	1	139	LastDelay	1.48122	1.48122e+06	1	4
3.45744	0	1	139	FullDelay	1.48122	1.48122e+06	1	4
3.46735	0	1	140	LastDelay	1.48431	1.48431e+06	1	4
3.46735	0	1	140	FullDelay	1.48431	1.48431e+06	1	4
3.47643	0	1	141	LastDelay	1.48657	1.48657e+06	1	4
3.47643	0	1	141	FullDelay	1.48657	1.48657e+06	1	4
3.48629	0	1	142	LastDelay	1.4896	1.4896e+06	1	4
3.48629	0	1	142	FullDelay	1.4896	1.4896e+06	1	4
3.5124	0	1	144	LastDelay	1.50205	1.50205e+06	1	4
3.5124	0	1	144	FullDelay	1.50205	1.50205e+06	1	4
3.52919	0	1	145	LastDelay	1.51201	1.51201e+06	1	4
3.52919	0	1	145	FullDelay	1.51201	1.51201e+06	1	4
3.56801	0	1	146	LastDelay	1.54401	1.54401e+06	1	4
3.56801	0	1	146	FullDelay	1.54401	1.54401e+06	1	4
3.59725	0	1	147	LastDelay	1.56642	1.56642e+06	1	4
3.59725	0	1	147	FullDelay	1.56642	1.56642e+06	1	4
3.61076	0	1	148	LastDelay	1.57311	1.57311e+06	1	4
3.61076	0	1	148	FullDelay	1.57311	1.57311e+06	1	4
3.6323	0	1	149	LastDelay	1.58782	1.58782e+06	1	4
3.6323	0	1	149	FullDelay	1.58782	1.58782e+06	1	4
3.64771	0	1	22	LastDelay	1.5964	1.5964e+06	1	2
3.64771	0	1	22	FullDelay	2.49752	2.49752e+06	2	2
3.66569	0	1	150	LastDelay	1.60756	1.60756e+06	1	4
3.66569	0	1	150	FullDelay	1.60756	1.60756e+06	1	4
3.70352	0	1	151	LastDelay	1.63856	1.63856e+06	1	4
3.70352	0	1	151	FullDelay	1.63856	1.63856e+06	1	4
3.72703	0	1	152	LastDelay	1.65524	1.65524e+06	1	4
3.72703	0	1	152	FullDelay	1.65524	1.65524e+06	1	4
3.74024	0	1	153	LastDelay	1.66163	1.66163e+06	1	4
3.74024	0	1	153	FullDelay	1.66163	1.66163e+06	1	4
3.7502	0	1	154	LastDelay	1.66476	1.66476e+06	1	4
3.7502	0	1	154	FullDelay	1.66476	1.66476e+06	1	4
3.79925	0	1	158	LastDelay	1.68651	1.68651e+06	1	4
3.79925	0	1	158	FullDelay	1.68651	1.68651e+06	1	4
3.81483	0	1	159	LastDelay	1.69526	1.69526e+06	1	4
3.81483	0	1	159	FullDelay	1.69526	1.69526e+06	1	4
3.84675	0	1	160	LastDelay	1.72035	1.72035e+06	1	4
3.84675	0	1	160	FullDelay	1.72035	1.72035e+06	1	4
3.85756	0	1	161	LastDelay	1.72434	1.72434e+06	1	4
3.85756	0	1	161	FullDelay	1.72434	1.72434e+06	1	4
3.87618	0	1	162	LastDelay	1.73613	1.73613e+06	1	4
3.87618	0	1	162	FullDelay	1.73613	1.73613e+06	1	4
3.89374	0	1	163	LastDelay	1.74686	1.74686e+06	1	4
3.89374	0	1	163	FullDelay	1.74686	1.74686e+06	1	4
3.90639	0	1	164	LastDelay	1.75269	1.75269e+06	1	4
3.90639	0	1	164	FullDelay	1.75269	1.75269e+06	1	4
3.9609	0	1	166	LastDelay	1.79354	1.79354e+06	1	4
3.9609	0	1	166	FullDelay	1.79354	1.79354e+06	1	4
3.98601	0	1	168	LastDelay	1.80499	1.80499e+06	1	4
3.98601	0	1	168	FullDelay	1.80499	1.80499e+06	1	4
4.0001	0	1	169	LastDelay	1.81226	1.81226e+06	1	4
4.0001	0	1	169	FullDelay	1.81226	1.81226e+06	1	4
4.01004	0	1	170	LastDelay	1.81538	1.81538e+06	1	4
4.01004	0	1	170	FullDelay	1.81538	1.81538e+06	1	4
4.02534	0	1	34	LastDelay	1.82385	1.82385e+06	1	2
4.02534	0	1	34	FullDelay	2.79323	2.79323e+06	2	2
4.06114	0	1	171	LastDelay	1.85282	1.85282e+06	1	4
4.06114	0	1	171	FullDelay	1.85282	1.85282e+06	1	4
4.07208	0	1	172	LastDelay	1.85693	1.85693e+06	1	4
4.07208	0	1	172	FullDelay	1.85693	1.85693e+06	1	4
4.08116	0	1	173	LastDelay	1.85918	1.85918e+06	1	4
4.08116	0	1	173	FullDelay	1.85918	1.85918e+06	1	4
4.10628	0	1	175	LastDelay	1.87065	1.87065e+06	1	4
4.10628	0	1	175	FullDelay	1.87065	1.87065e+06	1	4
4.11978	0	1	176	LastDelay	1.87733	1.87733e+06	1	4
4.11978	0	1	176	FullDelay	1.87733	1.87733e+06	1	4
4.14813	0	1	178	LastDelay	1.89202	1.89202e+06	1	4
4.14813	0	1	178	FullDelay	1.89202	1.89202e+06	1	4
4.16382	0	1	179	LastDelay	1.90089	1.90089e+06	1	4
4.16382	0	1	179	FullDelay	1.90089	1.90089e+06	1	4
5.73158	0	1	664	LastDelay	0.0553105	55310.5	1	4
5.73158	0	1	664	FullDelay	0.0553105	55310.5	1	4
5.747	0	1	665	LastDelay	0.0639087	63908.7	1	4
5.747	0	1	665	FullDelay	0.0639087	63908.7	1	4
5.79625	0	1	666	LastDelay	0.106333	106333	1	4
5.79625	0	1	666	FullDelay	0.106333	106333	1	4
5.81712	0	1	667	LastDelay	0.120377	120377	1	4
5.81712	0	1	667	FullDelay	0.120377	120377	1	4
5.82961	0	1	668	LastDelay	0.126033	126033	1	4
5.82961	0	1	668	FullDelay	0.126033	126033	1	4
5.87036	0	1	669	LastDelay	0.159962	159962	1	4
5.87036	0	1	669	FullDelay	0.159962	159962	1	4
5.88663	0	1	670	LastDelay	0.169399	169399	1	4
5.88663	0	1	670	FullDelay	0.169399	169399	1	4
5.89944	0	1	671	LastDelay	0.175384	175384	1	4
5.89944	0	1	671	FullDelay	0.175384	175384	1	4
5.94022	0	1	672	LastDelay	0.209338	209338	1	4
5.94022	0	1	672	FullDelay	0.209338	209338	1	4
5.95818	0	1	673	LastDelay	0.220475	220475	1	4
5.95818	0	1	673	FullDelay	0.220475	220475	1	4
6.0087	0	1	675	LastDelay	0.257345	257345	1	4
6.0087	0	1	675	FullDelay	0.257345	257345	1	4
6.01954	0	1	676	LastDelay	0.261358	261358	1	4
6.01954	0	1	676	FullDelay	0.261358	261358	1	4
6.15933	0	1	677	LastDelay	0.394322	394322	1	4
6.15933	0	1	677	FullDelay	0.394322	394322	1	4
6.19268	0	1	678	LastDelay	0.420837	420837	1	4
6.19268	0	1	678	FullDelay	0.420837	420837	1	4
6.22256	0	1	679	LastDelay	0.443893	443893	1	4
6.22256	0	1	679	FullDelay	0.443893	443893	1	4
6.23236	0	1	680	LastDelay	0.446871	446871	1	4
6.23236	0	1	680	FullDelay	0.446871	446871	1	4
6.25745	0	1	681	LastDelay	0.465129	465129	1	4
6.25745	0	1	681	FullDelay	0.465129	465129	1	4
6.28679	0	1	682	LastDelay	0.487644	487644	1	4
6.28679	0	1	682	FullDelay	0.487644	487644	1	4
6.30559	0	1	683	LastDelay	0.499616	499616	1	4
6.30559	0	1	683	FullDelay	0.499616	499616	1	4
6.31637	0	1	684	LastDelay	0.503569	503569	1	4
6.31637	0	1	684	FullDelay	0.503569	503569	1	4
6.37921	0	1	685	LastDelay	0.559586	559586	1	4
6.37921	0	1	685	FullDelay	0.559586	559586	1	4
6.38828	0	1	686	LastDelay	0.561825	561825	1	4
6.38828	0	1	686	FullDelay	0.561825	561825	1	4
6.40374	0	1	687	LastDelay	0.570456	570456	1	4
6.40374	0	1	687	FullDelay	0.570456	570456	1	4
6.41449	0	1	688	LastDelay	0.574388	574388	1	4
6.41449	0	1	688	FullDelay	0.574388	574388	1	4
6.44872	0	1	689	LastDelay	0.601786	601786	1	4
6.44872	0	1	689	FullDelay	0.601786	601786	1	4
6.45779	0	1	690	LastDelay	0.604025	604025	1	4
6.45779	0	1	690	FullDelay	0.604025	604025	1	4
6.48037	0	1	691	LastDelay	0.619783	619783	1	4
6.48037	0	1	691	FullDelay	0.619783	619783	1	4
6.51615	0	1	692	LastDelay	0.648736	648736	1	4
6.51615	0	1	692	FullDelay	0.648736	648736	1	4
6.53947	0	1	693	LastDelay	0.665229	665229	1	4
6.53947	0	1	693	FullDelay	0.665229	665229	1	4
6.57723	0	1	694	LastDelay	0.696165	696165	1	4
6.57723	0	1	694	FullDelay	0.696165	696165	1	4
6.61538	0	1	695	LastDelay	0.727486	727486	1	4
6.61538	0	1	695	FullDelay	0.727486	727486	1	4
6.63215	0	1	696	LastDelay	0.73743	737430	1	4
6.63215	0	1	696	FullDelay	0.73743	737430	1	4
6.64929	0	1	697	LastDelay	0.747742	747742	1	4
6.64929	0	1	697	FullDelay	0.747742	747742	1	4
6.66974	0	1	698	LastDelay	0.761367	761367	1	4
6.66974	0	1	698	FullDelay	0.761367	761367	1	4
6.69057	0	1	700	LastDelay	0.768544	768544	1	4
6.69057	0	1	700	FullDelay	0.768544	768544	1	4
6.76208	0	1	702	LastDelay	0.826399	826399	1	4
6.76208	0	1	702	FullDelay	0.826399	826399	1	4
6.80746	0	1	703	LastDelay	0.864959	864959	1	4
6.80746	0	1	703	FullDelay	0.864959	864959	1	4
6.81834	0	1	704	LastDelay	0.869012	869012	1	4
6.81834	0	1	704	FullDelay	0.869012	869012	1	4
6.8342	0	1	143	LastDelay	0.87804	878040	1	4
6.8342	0	1	143	FullDelay	4.83068	4.83068e+06	2	4
6.84664	0	1	155	LastDelay	0.883651	883651	1	4
6.84664	0	1	155	FullDelay	4.75437	4.75437e+06	2	4
6.8566	0	1	156	LastDelay	0.88679	886790	1	4
6.8566	0	1	156	FullDelay	4.75751	4.75751e+06	2	4
6.86572	0	1	157	LastDelay	0.889081	889081	1	4
6.86572	0	1	157	FullDelay	4.7598	4.7598e+06	2	4
6.88771	0	1	165	LastDelay	0.904247	904247	1	4
6.88771	0	1	165	FullDelay	4.72718	4.72718e+06	2	4
6.95828	0	1	167	LastDelay	0.967988	967988	1	4
6.95828	0	1	167	FullDelay	4.78409	4.78409e+06	2	4
6.98605	0	1	39	LastDelay	0.982103	982103	1	4
6.98605	0	1	39	FullDelay	5.71981	5.71981e+06	3	4
7.06262	0	1	41	LastDelay	1.05184	1.05184e+06	1	4
7.06262	0	1	41	FullDelay	5.78272	5.78272e+06	3	4
7.07754	0	1	177	LastDelay	1.05995	1.05995e+06	1	4
7.07754	0	1	177	FullDelay	4.82827	4.82827e+06	2	4
7.13536	0	1	180	LastDelay	1.11093	1.11093e+06	1	4
7.13536	0	1	180	FullDelay	4.8656	4.8656e+06	2	4
7.18604	0	1	181	LastDelay	1.15479	1.15479e+06	1	4
7.18604	0	1	181	FullDelay	4.90946	4.90946e+06	2	4
7.20151	0	1	182	LastDelay	1.16343	1.16343e+06	1	4
7.20151	0	1	182	FullDelay	4.9181	4.9181e+06	2	4
7.21061	0	1	183	LastDelay	1.1657	1.1657e+06	1	4
7.21061	0	1	183	FullDelay	4.92037	4.92037e+06	2	4
7.23785	0	1	62	LastDelay	1.18612	1.18612e+06	1	4
7.23785	0	1	62	FullDelay	5.8146	5.8146e+06	3	4
7.25389	0	1	63	LastDelay	1.19533	1.19533e+06	1	4
7.25389	0	1	63	FullDelay	5.82381	5.82381e+06	3	4
7.32004	0	1	67	LastDelay	1.25465	1.25465e+06	1	4
7.32004	0	1	67	FullDelay	5.86265	5.86265e+06	3	4
7.37277	0	1	79	LastDelay	1.29373	1.29373e+06	1	4
7.37277	0	1	79	FullDelay	5.83346	5.83346e+06	3	4
7.39921	0	1	86	LastDelay	1.31334	1.31334e+06	1	4
7.39921	0	1	86	FullDelay	5.81212	5.81212e+06	3	4
7.40858	0	1	94	LastDelay	1.31589	1.31589e+06	1	4
7.40858	0	1	94	FullDelay	5.76688	5.76688e+06	3	4
7.45788	0	1	185	LastDelay	1.35154	1.35154e+06	1	4
7.45788	0	1	185	FullDelay	5.15399	5.15399e+06	2	4
7.49761	0	1	186	LastDelay	1.38444	1.38444e+06	1	4
7.49761	0	1	186	FullDelay	5.18689	5.18689e+06	2	4
7.51017	0	1	187	LastDelay	1.39017	1.39017e+06	1	4
7.51017	0	1	187	FullDelay	5.19263	5.19263e+06	2	4
7.54739	0	1	188	LastDelay	1.42056	1.42056e+06	1	4
7.54739	0	1	188	FullDelay	5.22301	5.22301e+06	2	4
7.56404	0	1	189	LastDelay	1.43038	1.43038e+06	1	4
7.56404	0	1	189	FullDelay	5.23284	5.23284e+06	2	4
7.57584	0	1	190	LastDelay	1.43536	1.43536e+06	1	4
7.57584	0	1	190	FullDelay	5.23781	5.23781e+06	2	4
7.58929	0	1	191	LastDelay	1.44198	1.44198e+06	1	4
7.58929	0	1	191	FullDelay	5.24444	5.24444e+06	2	4
7.59845	0	1	192	LastDelay	1.44432	1.44432e+06	1	4
7.59845	0	1	192	FullDelay	5.24677	5.24677e+06	2	4
7.64321	0	1	194	LastDelay	1.47542	1.47542e+06	1	4
7.64321	0	1	194	FullDelay	5.27788	5.27788e+06	2	4
7.6877	0	1	195	LastDelay	1.51308	1.51308e+06	1	4
7.6877	0	1	195	FullDelay	5.31554	5.31554e+06	2	4
7.69855	0	1	196	LastDelay	1.51711	1.51711e+06	1	4
7.69855	0	1	196	FullDelay	5.31956	5.31956e+06	2	4
7.72015	0	1	197	LastDelay	1.53189	1.53189e+06	1	4
7.72015	0	1	197	FullDelay	5.33434	5.33434e+06	2	4
7.82526	0	1	10	LastDelay	1.62334	1.62334e+06	1	4
7.82526	0	1	10	FullDelay	6.757	6.757e+06	4	4
7.84838	0	1	97	LastDelay	1.63963	1.63963e+06	1	4
7.84838	0	1	97	FullDelay	6.18619	6.18619e+06	3	4
7.8641	0	1	108	LastDelay	1.64853	1.64853e+06	1	4
7.8641	0	1	108	FullDelay	6.12682	6.12682e+06	3	4
7.89403	0	1	128	LastDelay	1.67163	1.67163e+06	1	4
7.89403	0	1	128	FullDelay	6.02022	6.02022e+06	3	4
7.95001	0	1	133	LastDelay	1.72079	1.72079e+06	1	4
7.95001	0	1	133	FullDelay	6.02841	6.02841e+06	3	4
10.7198	0	1	870	LastDelay	0.176096	176096	1	4
10.7198	0	1	870	FullDelay	0.176096	176096	1	4
10.7475	0	1	872	LastDelay	0.190164	190164	1	4
10.7475	0	1	872	FullDelay	0.190164	190164	1	4
10.7585	0	1	873	LastDelay	0.194358	194358	1	4
10.7585	0	1	873	FullDelay	0.194358	194358	1	4
10.7766	0	1	874	LastDelay	0.205597	205597	1	4
10.7766	0	1	874	FullDelay	0.205597	205597	1	4
10.8136	0	1	875	LastDelay	0.23583	235830	1	4
10.8136	0	1	875	FullDelay	0.23583	235830	1	4
10.8288	0	1	876	LastDelay	0.244146	244146	1	4
10.8288	0	1	876	FullDelay	0.244146	244146	1	4
10.8614	0	1	878	LastDelay	0.26307	263070	1	4
10.8614	0	1	878	FullDelay	0.26307	263070	1	4
10.8813	0	1	879	LastDelay	0.27619	276190	1	4
10.8813	0	1	879	FullDelay	0.27619	276190	1	4
10.9079	0	1	880	LastDelay	0.295926	295926	1	4
10.9079	0	1	880	FullDelay	0.295926	295926	1	4
10.9296	0	1	881	LastDelay	0.310802	310802	1	4
10.9296	0	1	881	FullDelay	0.310802	310802	1	4
10.9837	0	1	883	LastDelay	0.351269	351269	1	4
10.9837	0	1	883	FullDelay	0.351269	351269	1	4
11.0006	0	1	884	LastDelay	0.361341	361341	1	4
11.0006	0	1	884	FullDelay	0.361341	361341	1	4
11.0686	0	1	886	LastDelay	0.415682	415682	1	4
11.0686	0	1	886	FullDelay	0.415682	415682	1	4
11.1388	0	1	888	LastDelay	0.472238	472238	1	4
11.1388	0	1	888	FullDelay	0.472238	472238	1	4
11.211	0	1	889	LastDelay	0.537602	537602	1	4
11.211	0	1	889	FullDelay	0.537602	537602	1	4
11.254	0	1	890	LastDelay	0.573779	573779	1	4
11.254	0	1	890	FullDelay	0.573779	573779	1	4
11.2692	0	1	891	LastDelay	0.582115	582115	1	4
11.2692	0	1	891	FullDelay	0.582115	582115	1	4
11.282	0	1	892	LastDelay	0.588147	588147	1	4
11.282	0	1	892	FullDelay	0.588147	588147	1	4
11.2911	0	1	893	LastDelay	0.590426	590426	1	4
11.2911	0	1	893	FullDelay	0.590426	590426	1	4
11.3154	0	1	894	LastDelay	0.607865	607865	1	4
11.3154	0	1	894	FullDelay	0.607865	607865	1	4
11.3324	0	1	895	LastDelay	0.618061	618061	1	4
11.3324	0	1	895	FullDelay	0.618061	618061	1	4
11.3994	0	1	897	LastDelay	0.671432	671432	1	4
11.3994	0	1	897	FullDelay	0.671432	671432	1	4
11.4328	0	1	898	LastDelay	0.697991	697991	1	4
11.4328	0	1	898	FullDelay	0.697991	697991	1	4
11.4753	0	1	899	LastDelay	0.733659	733659	1	4
11.4753	0	1	899	FullDelay	0.733659	733659	1	4
11.4889	0	1	900	LastDelay	0.740372	740372	1	4
11.4889	0	1	900	FullDelay	0.740372	740372	1	4
11.4989	0	1	72	LastDelay	0.74361	743610	1	4
11.4989	0	1	72	FullDelay	10.0074	1.00074e+07	4	4
11.6076	0	1	136	LastDelay	0.845473	845473	1	4
11.6076	0	1	136	FullDelay	9.66553	9.66553e+06	4	4
11.6287	0	1	174	LastDelay	0.859711	859711	1	4
11.6287	0	1	174	FullDelay	9.39987	9.39987e+06	3	4
11.6497	0	1	184	LastDelay	0.873889	873889	1	4
11.6497	0	1	184	FullDelay	9.35261	9.35261e+06	3	4
11.6624	0	1	193	LastDelay	0.879767	879767	1	4
11.6624	0	1	193	FullDelay	9.30387	9.30387e+06	3	4
11.7187	0	1	198	LastDelay	0.929278	929278	1	4
11.7187	0	1	198	FullDelay	9.32608	9.32608e+06	3	4
11.7434	0	1	199	LastDelay	0.947166	947166	1	4
11.7434	0	1	199	FullDelay	9.34396	9.34396e+06	3	4
11.7615	0	1	200	LastDelay	0.958379	958379	1	4
11.7615	0	1	200	FullDelay	9.34835	9.34835e+06	3	4
11.8174	0	1	202	LastDelay	1.00067	1.00067e+06	1	4
11.8174	0	1	202	FullDelay	9.39064	9.39064e+06	3	4
11.845	0	1	203	LastDelay	1.02144	1.02144e+06	1	4
11.845	0	1	203	FullDelay	9.41141	9.41141e+06	3	4
11.8645	0	1	204	LastDelay	1.03415	1.03415e+06	1	4
11.8645	0	1	204	FullDelay	9.42412	9.42412e+06	3	4
11.8988	0	1	205	LastDelay	1.06153	1.06153e+06	1	4
11.8988	0	1	205	FullDelay	9.4515	9.4515e+06	3	4
11.9105	0	1	206	LastDelay	1.0664	1.0664e+06	1	4
11.9105	0	1	206	FullDelay	9.44955	9.44955e+06	3	4
11.9374	0	1	207	LastDelay	1.08651	1.08651e+06	1	4
11.9374	0	1	207	FullDelay	9.46965	9.46965e+06	3	4
11.9743	0	1	208	LastDelay	1.11659	1.11659e+06	1	4
11.9743	0	1	208	FullDelay	9.49973	9.49973e+06	3	4
11.9887	0	1	209	LastDelay	1.12418	1.12418e+06	1	4
11.9887	0	1	209	FullDelay	9.50732	9.50732e+06	3	4
12.0288	0	1	210	LastDelay	1.15749	1.15749e+06	1	4
12.0288	0	1	210	FullDelay	9.54063	9.54063e+06	3	4
12.0517	0	1	211	LastDelay	1.17355	1.17355e+06	1	4
12.0517	0	1	211	FullDelay	9.55669	9.55669e+06	3	4
12.066	0	1	212	LastDelay	1.18096	1.18096e+06	1	4
12.066	0	1	212	FullDelay	9.5641	9.5641e+06	3	4
12.0797	0	1	213	LastDelay	1.18789	1.18789e+06	1	4
12.0797	0	1	213	FullDelay	9.57104	9.57104e+06	3	4
12.0988	0	1	215	LastDelay	1.19326	1.19326e+06	1	4
12.0988	0	1	215	FullDelay	9.57641	9.57641e+06	3	4
12.1579	0	1	216	LastDelay	1.24562	1.24562e+06	1	4
12.1579	0	1	216	FullDelay	9.62876	9.62876e+06	3	4
12.1846	0	1	217	LastDelay	1.26541	1.26541e+06	1	4
12.1846	0	1	217	FullDelay	9.64856	9.64856e+06	3	4
12.1937	0	1	218	LastDelay	1.26775	1.26775e+06	1	4
12.1937	0	1	218	FullDelay	9.65089	9.65089e+06	3	4
12.2218	0	1	219	LastDelay	1.28903	1.28903e+06	1	4
12.2218	0	1	219	FullDelay	9.67217	9.67217e+06	3	4
12.2309	0	1	220	LastDelay	1.2913	1.2913e+06	1	4
12.2309	0	1	220	FullDelay	9.67444	9.67444e+06	3	4
12.257	0	1	222	LastDelay	1.30374	1.30374e+06	1	4
12.257	0	1	222	FullDelay	9.68688	9.68688e+06	3	4
12.2846	0	1	223	LastDelay	1.32453	1.32453e+06	1	4
12.2846	0	1	223	FullDelay	9.70768	9.70768e+06	3	4
12.2938	0	1	224	LastDelay	1.32686	1.32686e+06	1	4
12.2938	0	1	224	FullDelay	9.71001	9.71001e+06	3	4
12.3064	0	1	225	LastDelay	1.33268	1.33268e+06	1	4
12.3064	0	1	225	FullDelay	9.71583	9.71583e+06	3	4
12.3283	0	1	226	LastDelay	1.34767	1.34767e+06	1	4
12.3283	0	1	226	FullDelay	9.73082	9.73082e+06	3	4
12.3401	0	1	227	LastDelay	1.35267	1.35267e+06	1	4
12.3401	0	1	227	FullDelay	9.73581	9.73581e+06	3	4
12.3839	0	1	228	LastDelay	1.38969	1.38969e+06	1	4
12.3839	0	1	228	FullDelay	9.77284	9.77284e+06	3	4
12.3956	0	1	229	LastDelay	1.39456	1.39456e+06	1	4
12.3956	0	1	229	FullDelay	9.77771	9.77771e+06	3	4
12.4048	0	1	230	LastDelay	1.39692	1.39692e+06	1	4
12.4048	0	1	230	FullDelay	9.78007	9.78007e+06	3	4
12.4239	0	1	231	LastDelay	1.40919	1.40919e+06	1	4
12.4239	0	1	231	FullDelay	9.79234	9.79234e+06	3	4
12.4555	0	1	232	LastDelay	1.43395	1.43395e+06	1	4
12.4555	0	1	232	FullDelay	9.8171	9.8171e+06	3	4
12.5058	0	1	233	LastDelay	1.47739	1.47739e+06	1	4
12.5058	0	1	233	FullDelay	9.86053	9.86053e+06	3	4
12.5297	0	1	234	LastDelay	1.49454	1.49454e+06	1	4
12.5297	0	1	234	FullDelay	9.87768	9.87768e+06	3	4
12.5721	0	1	235	LastDelay	1.53008	1.53008e+06	1	4
12.5721	0	1	235	FullDelay	9.91322	9.91322e+06	3	4
12.7699	0	1	236	LastDelay	1.72108	1.72108e+06	1	4
12.7699	0	1	236	FullDelay	10.1042	1.01042e+07	3	4
12.7829	0	1	237	LastDelay	1.72721	1.72721e+06	1	4
12.7829	0	1	237	FullDelay	10.1104	1.01104e+07	3	4
12.8012	0	1	238	LastDelay	1.73865	1.73865e+06	1	4
12.8012	0	1	238	FullDelay	10.1218	1.01218e+07	3	4
12.8585	0	1	240	LastDelay	1.78238	1.78238e+06	1	4
12.8585	0	1	240	FullDelay	10.1655	1.01655e+07	3	4
12.8957	0	1	241	LastDelay	1.81276	1.81276e+06	1	4
12.8957	0	1	241	FullDelay	10.1959	1.01959e+07	3	4
12.9465	0	1	243	LastDelay	1.8499	1.8499e+06	1	4
12.9465	0	1	243	FullDelay	10.233	1.0233e+07	3	4
12.9717	0	1	244	LastDelay	1.86827	1.86827e+06	1	4
12.9717	0	1	244	FullDelay	10.2514	1.02514e+07	3	4
12.9908	0	1	245	LastDelay	1.88052	1.88052e+06	1	4
12.9908	0	1	245	FullDelay	10.2637	1.02637e+07	3	4
13.0025	0	1	246	LastDelay	1.8854	1.8854e+06	1	4
13.0025	0	1	246	FullDelay	10.2685	1.02685e+07	3	4
13.0231	0	1	247	LastDelay	1.89913	1.89913e+06	1	4
13.0231	0	1	247	FullDelay	10.2823	1.02823e+07	3	4
13.068	0	1	248	LastDelay	1.93726	1.93726e+06	1	4
13.068	0	1	248	FullDelay	10.3204	1.03204e+07	3	4
13.0884	0	1	249	LastDelay	1.95082	1.95082e+06	1	4
13.0884	0	1	249	FullDelay	10.334	1.0334e+07	3	4
13.0993	0	1	250	LastDelay	1.95484	1.95484e+06	1	4
13.0993	0	1	250	FullDelay	10.338	1.0338e+07	3	4
13.117	0	1	251	LastDelay	1.96578	1.96578e+06	1	4
13.117	0	1	251	FullDelay	10.3489	1.03489e+07	3	4
13.1516	0	1	252	LastDelay	1.99355	1.99355e+06	1	4
13.1516	0	1	252	FullDelay	10.3767	1.03767e+07	3	4
13.1643	0	1	253	LastDelay	1.99935	1.99935e+06	1	4
13.1643	0	1	253	FullDelay	10.3825	1.03825e+07	3	4
21.2477	0	1	1763	LastDelay	0.30016	300160	1	4
21.2477	0	1	1763	FullDelay	0.30016	300160	1	4
21.286	0	1	1765	LastDelay	0.324865	324865	1	4
21.286	0	1	1765	FullDelay	0.324865	324865	1	4
21.3004	0	1	1766	LastDelay	0.332448	332448	1	4
21.3004	0	1	1766	FullDelay	0.332448	332448	1	4
21.335	0	1	1767	LastDelay	0.360194	360194	1	4
21.335	0	1	1767	FullDelay	0.360194	360194	1	4
21.3441	0	1	1768	LastDelay	0.362473	362473	1	4
21.3441	0	1	1768	FullDelay	0.362473	362473	1	4
21.3694	0	1	1769	LastDelay	0.380893	380893	1	4
21.3694	0	1	1769	FullDelay	0.380893	380893	1	4
21.4377	0	1	1772	LastDelay	0.428719	428719	1	4
21.4377	0	1	1772	FullDelay	0.428719	428719	1	4
21.4503	0	1	1773	LastDelay	0.434565	434565	1	4
21.4503	0	1	1773	FullDelay	0.434565	434565	1	4
21.4787	0	1	1774	LastDelay	0.456047	456047	1	4
21.4787	0	1	1774	FullDelay	0.456047	456047	1	4
21.4897	0	1	1775	LastDelay	0.460239	460239	1	4
21.4897	0	1	1775	FullDelay	0.460239	460239	1	4
21.5098	0	1	1776	LastDelay	0.473565	473565	1	4
21.5098	0	1	1776	FullDelay	0.473565	473565	1	4
21.5228	0	1	1777	LastDelay	0.479684	479684	1	4
21.5228	0	1	1777	FullDelay	0.479684	479684	1	4
21.5364	0	1	1778	LastDelay	0.486482	486482	1	4
21.5364	0	1	1778	FullDelay	0.486482	486482	1	4
21.5585	0	1	1779	LastDelay	0.501753	501753	1	4
21.5585	0	1	1779	FullDelay	0.501753	501753	1	4
21.5923	0	1	1780	LastDelay	0.52869	528690	1	4
21.5923	0	1	1780	FullDelay	0.52869	528690	1	4
21.6104	0	1	1781	LastDelay	0.539985	539985	1	4
21.6104	0	1	1781	FullDelay	0.539985	539985	1	4
21.6266	0	1	1782	LastDelay	0.549343	549343	1	4
21.6266	0	1	1782	FullDelay	0.549343	549343	1	4
21.6402	0	1	1783	LastDelay	0.556195	556195	1	4
21.6402	0	1	1783	FullDelay	0.556195	556195	1	4
21.6726	0	1	1785	LastDelay	0.574931	574931	1	4
21.6726	0	1	1785	FullDelay	0.574931	574931	1	4
21.752	0	1	1788	LastDelay	0.633804	633804	1	4
21.752	0	1	1788	FullDelay	0.633804	633804	1	4
21.7683	0	1	1789	LastDelay	0.643262	643262	1	4
21.7683	0	1	1789	FullDelay	0.643262	643262	1	4
21.7983	0	1	1790	LastDelay	0.666416	666416	1	4
21.7983	0	1	1790	FullDelay	0.666416	666416	1	4
21.8113	0	1	1791	LastDelay	0.672614	672614	1	4
21.8113	0	1	1791	FullDelay	0.672614	672614	1	4
21.8316	0	1	1792	LastDelay	0.686139	686139	1	4
21.8316	0	1	1792	FullDelay	0.686139	686139	1	4
21.8493	0	1	1793	LastDelay	0.697032	697032	1	4
21.8493	0	1	1793	FullDelay	0.697032	697032	1	4
21.8644	0	1	1794	LastDelay	0.705227	705227	1	4
21.8644	0	1	1794	FullDelay	0.705227	705227	1	4
21.9305	0	1	1797	LastDelay	0.750869	750869	1	4
21.9305	0	1	1797	FullDelay	0.750869	750869	1	4
21.953	0	1	1798	LastDelay	0.766539	766539	1	4
21.953	0	1	1798	FullDelay	0.766539	766539	1	4
21.9865	0	1	1799	LastDelay	0.793177	793177	1	4
21.9865	0	1	1799	FullDelay	0.793177	793177	1	4
22.0117	0	1	1800	LastDelay	0.811628	811628	1	4
22.0117	0	1	1800	FullDelay	0.811628	811628	1	4
22.0962	0	1	1802	LastDelay	0.882469	882469	1	4
22.0962	0	1	1802	FullDelay	0.882469	882469	1	4
22.1412	0	1	1803	LastDelay	0.920628	920628	1	4
22.1412	0	1	1803	FullDelay	0.920628	920628	1	4
22.1698	0	1	1804	LastDelay	0.94235	942350	1	4
22.1698	0	1	1804	FullDelay	0.94235	942350	1	4
22.1798	0	1	1805	LastDelay	0.945517	945517	1	4
22.1798	0	1	1805	FullDelay	0.945517	945517	1	4
22.2228	0	1	1806	LastDelay	0.981697	981697	1	4
22.2228	0	1	1806	FullDelay	0.981697	981697	1	4
22.2584	0	1	1807	LastDelay	1.01049	1.01049e+06	1	4
22.2584	0	1	1807	FullDelay	1.01049	1.01049e+06	1	4
22.2711	0	1	201	LastDelay	1.01635	1.01635e+06	1	4
22.2711	0	1	201	FullDelay	19.8511	1.98511e+07	4	4
22.3019	0	1	221	LastDelay	1.03348	1.03348e+06	1	4
22.3019	0	1	221	FullDelay	19.7385	1.97385e+07	4	4
22.3118	0	1	239	LastDelay	1.03658	1.03658e+06	1	4
22.3118	0	1	239	FullDelay	19.6256	1.96256e+07	4	4
22.4321	0	1	255	LastDelay	1.13641	1.13641e+06	1	4
22.4321	0	1	255	FullDelay	19.6367	1.96367e+07	4	4
22.4555	0	1	256	LastDelay	1.15301	1.15301e+06	1	4
22.4555	0	1	256	FullDelay	19.6533	1.96533e+07	4	4
22.4646	0	1	257	LastDelay	1.15531	1.15531e+06	1	4
22.4646	0	1	257	FullDelay	19.6556	1.96556e+07	4	4
22.5023	0	1	259	LastDelay	1.17932	1.17932e+06	1	4
22.5023	0	1	259	FullDelay	19.6796	1.96796e+07	4	4
22.535	0	1	260	LastDelay	1.20515	1.20515e+06	1	4
22.535	0	1	260	FullDelay	19.7054	1.97054e+07	4	4
22.5572	0	1	261	LastDelay	1.22058	1.22058e+06	1	4
22.5572	0	1	261	FullDelay	19.7208	1.97208e+07	4	4
22.5663	0	1	262	LastDelay	1.22284	1.22284e+06	1	4
22.5663	0	1	262	FullDelay	19.7231	1.97231e+07	4	4
22.5818	0	1	263	LastDelay	1.23154	1.23154e+06	1	4
22.5818	0	1	263	FullDelay	19.7182	1.97182e+07	4	4
22.625	0	1	264	LastDelay	1.26793	1.26793e+06	1	4
22.625	0	1	264	FullDelay	19.7545	1.97545e+07	4	4
22.635	0	1	265	LastDelay	1.27108	1.27108e+06	1	4
22.635	0	1	265	FullDelay	19.7577	1.97577e+07	4	4
22.6474	0	1	266	LastDelay	1.27662	1.27662e+06	1	4
22.6474	0	1	266	FullDelay	19.7632	1.97632e+07	4	4
22.6777	0	1	268	LastDelay	1.29325	1.29325e+06	1	4
22.6777	0	1	268	FullDelay	19.7799	1.97799e+07	4	4
22.6894	0	1	269	LastDelay	1.29813	1.29813e+06	1	4
22.6894	0	1	269	FullDelay	19.7779	1.97779e+07	4	4
22.7195	0	1	270	LastDelay	1.32145	1.32145e+06	1	4
22.7195	0	1	270	FullDelay	19.8012	1.98012e+07	4	4
22.7423	0	1	271	LastDelay	1.33742	1.33742e+06	1	4
22.7423	0	1	271	FullDelay	19.8172	1.98172e+07	4	4
22.7715	0	1	272	LastDelay	1.35976	1.35976e+06	1	4
22.7715	0	1	272	FullDelay	19.8395	1.98395e+07	4	4
22.8043	0	1	274	LastDelay	1.37892	1.37892e+06	1	4
22.8043	0	1	274	FullDelay	19.8587	1.98587e+07	4	4
22.8377	0	1	275	LastDelay	1.40545	1.40545e+06	1	4
22.8377	0	1	275	FullDelay	19.8852	1.98852e+07	4	4
22.8477	0	1	276	LastDelay	1.40867	1.40867e+06	1	4
22.8477	0	1	276	FullDelay	19.8885	1.98885e+07	4	4
22.8684	0	1	278	LastDelay	1.4157	1.4157e+06	1	4
22.8684	0	1	278	FullDelay	19.8955	1.98955e+07	4	4
22.8924	0	1	279	LastDelay	1.43287	1.43287e+06	1	4
22.8924	0	1	279	FullDelay	19.9127	1.99127e+07	4	4
22.9099	0	1	280	LastDelay	1.44352	1.44352e+06	1	4
22.9099	0	1	280	FullDelay	19.9233	1.99233e+07	4	4
22.9253	0	1	281	LastDelay	1.45213	1.45213e+06	1	4
22.9253	0	1	281	FullDelay	19.9319	1.99319e+07	4	4
22.9683	0	1	283	LastDelay	1.48151	1.48151e+06	1	4
22.9683	0	1	283	FullDelay	19.9545	1.99545e+07	4	4
22.9871	0	1	284	LastDelay	1.49349	1.49349e+06	1	4
22.9871	0	1	284	FullDelay	19.9665	1.99665e+07	4	4
23.0099	0	1	286	LastDelay	1.50259	1.50259e+06	1	4
23.0099	0	1	286	FullDelay	19.9756	1.99756e+07	4	4
23.0333	0	1	287	LastDelay	1.51915	1.51915e+06	1	4
23.0333	0	1	287	FullDelay	19.9921	1.99921e+07	4	4
23.0426	0	1	288	LastDelay	1.52167	1.52167e+06	1	4
23.0426	0	1	288	FullDelay	19.9946	1.99946e+07	4	4
23.0518	0	1	289	LastDelay	1.52397	1.52397e+06	1	4
23.0518	0	1	289	FullDelay	19.9969	1.99969e+07	4	4
23.0715	0	1	290	LastDelay	1.53685	1.53685e+06	1	4
23.0715	0	1	290	FullDelay	20.0098	2.00098e+07	4	4
23.1849	0	1	293	LastDelay	1.62978	1.62978e+06	1	4
23.1849	0	1	293	FullDelay	20.1027	2.01027e+07	4	4
23.1983	0	1	294	LastDelay	1.63641	1.63641e+06	1	4
23.1983	0	1	294	FullDelay	20.1094	2.01094e+07	4	4
23.244	0	1	296	LastDelay	1.66839	1.66839e+06	1	4
23.244	0	1	296	FullDelay	20.1345	2.01345e+07	4	4
23.2818	0	1	298	LastDelay	1.69254	1.69254e+06	1	4
23.2818	0	1	298	FullDelay	20.1587	2.01587e+07	4	4
23.3043	0	1	299	LastDelay	1.70828	1.70828e+06	1	4
23.3043	0	1	299	FullDelay	20.1744	2.01744e+07	4	4
23.3176	0	1	300	LastDelay	1.71469	1.71469e+06	1	4
23.3176	0	1	300	FullDelay	20.1808	2.01808e+07	4	4
23.3399	0	1	301	LastDelay	1.7302	1.7302e+06	1	4
23.3399	0	1	301	FullDelay	20.1963	2.01963e+07	4	4
23.397	0	1	303	LastDelay	1.77366	1.77366e+06	1	4
23.397	0	1	303	FullDelay	20.233	2.0233e+07	4	4
23.4131	0	1	304	LastDelay	1.78295	1.78295e+06	1	4
23.4131	0	1	304	FullDelay	20.2423	2.02423e+07	4	4
23.4302	0	1	305	LastDelay	1.79318	1.79318e+06	1	4
23.4302	0	1	305	FullDelay	20.2525	2.02525e+07	4	4
23.4528	0	1	306	LastDelay	1.80898	1.80898e+06	1	4
23.4528	0	1	306	FullDelay	20.2683	2.02683e+07	4	4
23.4834	0	1	308	LastDelay	1.82592	1.82592e+06	1	4
23.4834	0	1	308	FullDelay	20.2852	2.02852e+07	4	4
23.503	0	1	309	LastDelay	1.83868	1.83868e+06	1	4
23.503	0	1	309	FullDelay	20.298	2.0298e+07	4	4
23.5168	0	1	310	LastDelay	1.84568	1.84568e+06	1	4
23.5168	0	1	310	FullDelay	20.305	2.0305e+07	4	4
23.571	0	1	312	LastDelay	1.8862	1.8862e+06	1	4
23.571	0	1	312	FullDelay	20.3455	2.03455e+07	4	4
23.5966	0	1	314	LastDelay	1.89815	1.89815e+06	1	4
23.5966	0	1	314	FullDelay	20.3575	2.03575e+07	4	4
23.612	0	1	315	LastDelay	1.90673	1.90673e+06	1	4
23.612	0	1	315	FullDelay	20.366	2.0366e+07	4	4
23.622	0	1	316	LastDelay	1.9099	1.9099e+06	1	4
23.622	0	1	316	FullDelay	20.3692	2.03692e+07	4	4
23.6477	0	1	317	LastDelay	1.92873	1.92873e+06	1	4
23.6477	0	1	317	FullDelay	20.388	2.0388e+07	4	4
23.6833	0	1	318	LastDelay	1.95749	1.95749e+06	1	4
23.6833	0	1	318	FullDelay	20.4168	2.04168e+07	4	4
23.7151	0	1	320	LastDelay	1.97566	1.97566e+06	1	4
23.7151	0	1	320	FullDelay	20.435	2.0435e+07	4	4
