Time	Node	AppId	SeqNo	Type	DelayS	DelayUS	RetxCount	HopCount
1.02468	0	1	0	LastDelay	0.0246836	24683.6	1	4
1.02468	0	1	0	FullDelay	0.0246836	24683.6	1	4
1.04282	0	1	1	LastDelay	0.0359884	35988.4	1	4
1.04282	0	1	1	FullDelay	0.0359884	35988.4	1	4
1.06408	0	1	2	LastDelay	0.0504247	50424.7	1	4
1.06408	0	1	2	FullDelay	0.0504247	50424.7	1	4
1.09492	0	1	4	LastDelay	0.0676118	67611.8	1	4
1.09492	0	1	4	FullDelay	0.0676118	67611.8	1	4
1.11373	0	1	5	LastDelay	0.0795992	79599.2	1	4
1.11373	0	1	5	FullDelay	0.0795992	79599.2	1	4
1.14148	0	1	7	LastDelay	0.0936933	93693.3	1	4
1.14148	0	1	7	FullDelay	0.0936933	93693.3	1	4
1.15568	0	1	8	LastDelay	0.101068	101068	1	4
1.15568	0	1	8	FullDelay	0.101068	101068	1	4
1.17	0	1	9	LastDelay	0.108562	108562	1	4
1.17	0	1	9	FullDelay	0.108562	108562	1	4
1.19496	0	1	10	LastDelay	0.126698	126698	1	4
1.19496	0	1	10	FullDelay	0.126698	126698	1	4
1.21319	0	1	11	LastDelay	0.138096	138096	1	4
1.21319	0	1	11	FullDelay	0.138096	138096	1	4
1.22828	0	1	12	LastDelay	0.14636	146360	1	4
1.22828	0	1	12	FullDelay	0.14636	146360	1	4
1.27169	0	1	14	LastDelay	0.176117	176117	1	4
1.27169	0	1	14	FullDelay	0.176117	176117	1	4
1.29966	0	1	16	LastDelay	0.19043	190430	1	4
1.29966	0	1	16	FullDelay	0.19043	190430	1	4
1.31498	0	1	17	LastDelay	0.198929	198929	1	4
1.31498	0	1	17	FullDelay	0.198929	198929	1	4
1.33041	0	1	18	LastDelay	0.207526	207526	1	4
1.33041	0	1	18	FullDelay	0.207526	207526	1	4
1.34477	0	1	19	LastDelay	0.215066	215066	1	4
1.34477	0	1	19	FullDelay	0.215066	215066	1	4
1.39011	0	1	22	LastDelay	0.239925	239925	1	4
1.39011	0	1	22	FullDelay	0.239925	239925	1	4
1.43093	0	1	24	LastDelay	0.267087	267087	1	4
1.43093	0	1	24	FullDelay	0.267087	267087	1	4
1.44442	0	1	25	LastDelay	0.273749	273749	1	4
1.44442	0	1	25	FullDelay	0.273749	273749	1	4
1.50432	0	1	29	LastDelay	0.306342	306342	1	4
1.50432	0	1	29	FullDelay	0.306342	306342	1	4
1.51675	0	1	30	LastDelay	0.311949	311949	1	4
1.51675	0	1	30	FullDelay	0.311949	311949	1	4
1.53634	0	1	31	LastDelay	0.324714	324714	1	4
1.53634	0	1	31	FullDelay	0.324714	324714	1	4
1.55043	0	1	32	LastDelay	0.331978	331978	1	4
1.55043	0	1	32	FullDelay	0.331978	331978	1	4
1.58087	0	1	33	LastDelay	0.355593	355593	1	4
1.58087	0	1	33	FullDelay	0.355593	355593	1	4
1.59631	0	1	34	LastDelay	0.364204	364204	1	4
1.59631	0	1	34	FullDelay	0.364204	364204	1	4
1.61234	0	1	35	LastDelay	0.373409	373409	1	4
1.61234	0	1	35	FullDelay	0.373409	373409	1	4
1.63615	0	1	36	LastDelay	0.390395	390395	1	4
1.63615	0	1	36	FullDelay	0.390395	390395	1	4
1.67737	0	1	39	LastDelay	0.411133	411133	1	4
1.67737	0	1	39	FullDelay	0.411133	411133	1	4
1.69904	0	1	40	LastDelay	0.425978	425978	1	4
1.69904	0	1	40	FullDelay	0.425978	425978	1	4
1.7329	0	1	42	LastDelay	0.446182	446182	1	4
1.7329	0	1	42	FullDelay	0.446182	446182	1	4
1.7618	0	1	43	LastDelay	0.468256	468256	1	4
1.7618	0	1	43	FullDelay	0.468256	468256	1	4
1.77348	0	1	44	LastDelay	0.473104	473104	1	4
1.77348	0	1	44	FullDelay	0.473104	473104	1	4
1.78256	0	1	45	LastDelay	0.475355	475355	1	4
1.78256	0	1	45	FullDelay	0.475355	475355	1	4
1.79724	0	1	46	LastDelay	0.483211	483211	1	4
1.79724	0	1	46	FullDelay	0.483211	483211	1	4
1.82799	0	1	47	LastDelay	0.507138	507138	1	4
1.82799	0	1	47	FullDelay	0.507138	507138	1	4
1.87338	0	1	50	LastDelay	0.532046	532046	1	4
1.87338	0	1	50	FullDelay	0.532046	532046	1	4
1.88786	0	1	51	LastDelay	0.539701	539701	1	4
1.88786	0	1	51	FullDelay	0.539701	539701	1	4
1.93127	0	1	52	LastDelay	0.576284	576284	1	4
1.93127	0	1	52	FullDelay	0.576284	576284	1	4
1.95319	0	1	53	LastDelay	0.591378	591378	1	4
1.95319	0	1	53	FullDelay	0.591378	591378	1	4
1.96424	0	1	54	LastDelay	0.5956	595600	1	4
1.96424	0	1	54	FullDelay	0.5956	595600	1	4
1.98917	0	1	55	LastDelay	0.6137	613700	1	4
1.98917	0	1	55	FullDelay	0.6137	613700	1	4
2.00546	0	1	56	LastDelay	0.623171	623171	1	4
2.00546	0	1	56	FullDelay	0.623171	623171	1	4
2.07059	0	1	59	LastDelay	0.667821	667821	1	4
2.07059	0	1	59	FullDelay	0.667821	667821	1	4
2.08385	0	1	60	LastDelay	0.67425	674250	1	4
2.08385	0	1	60	FullDelay	0.67425	674250	1	4
2.10477	0	1	61	LastDelay	0.688346	688346	1	4
2.10477	0	1	61	FullDelay	0.688346	688346	1	4
2.12365	0	1	63	LastDelay	0.69357	693570	1	4
2.12365	0	1	63	FullDelay	0.69357	693570	1	4
2.1364	0	1	64	LastDelay	0.699495	699495	1	4
2.1364	0	1	64	FullDelay	0.699495	699495	1	4
2.18233	0	1	66	LastDelay	0.731766	731766	1	4
2.18233	0	1	66	FullDelay	0.731766	731766	1	4
2.19319	0	1	67	LastDelay	0.735801	735801	1	4
2.19319	0	1	67	FullDelay	0.735801	735801	1	4
2.2246	0	1	69	LastDelay	0.753555	753555	1	4
2.2246	0	1	69	FullDelay	0.753555	753555	1	4
2.26735	0	1	70	LastDelay	0.78948	789480	1	4
2.26735	0	1	70	FullDelay	0.78948	789480	1	4
2.29498	0	1	71	LastDelay	0.810289	810289	1	4
2.29498	0	1	71	FullDelay	0.810289	810289	1	4
2.31548	0	1	72	LastDelay	0.823963	823963	1	4
2.31548	0	1	72	FullDelay	0.823963	823963	1	4
2.33001	0	1	73	LastDelay	0.831659	831659	1	4
2.33001	0	1	73	FullDelay	0.831659	831659	1	4
2.36365	0	1	74	LastDelay	0.858481	858481	1	4
2.36365	0	1	74	FullDelay	0.858481	858481	1	4
2.37654	0	1	75	LastDelay	0.86454	864540	1	4
2.37654	0	1	75	FullDelay	0.86454	864540	1	4
2.41669	0	1	76	LastDelay	0.89786	897860	1	4
2.41669	0	1	76	FullDelay	0.89786	897860	1	4
2.43965	0	1	77	LastDelay	0.913996	913996	1	4
2.43965	0	1	77	FullDelay	0.913996	913996	1	4
2.45829	0	1	78	LastDelay	0.925809	925809	1	4
2.45829	0	1	78	FullDelay	0.925809	925809	1	4
2.47421	0	1	79	LastDelay	0.934901	934901	1	4
2.47421	0	1	79	FullDelay	0.934901	934901	1	4
2.49027	0	1	80	LastDelay	0.944139	944139	1	4
2.49027	0	1	80	FullDelay	0.944139	944139	1	4
2.5083	0	1	81	LastDelay	0.955335	955335	1	4
2.5083	0	1	81	FullDelay	0.955335	955335	1	4
2.52265	0	1	82	LastDelay	0.962859	962859	1	4
2.52265	0	1	82	FullDelay	0.962859	962859	1	4
2.54529	0	1	83	LastDelay	0.97868	978680	1	4
2.54529	0	1	83	FullDelay	0.97868	978680	1	4
2.56141	0	1	84	LastDelay	0.987975	987975	1	4
2.56141	0	1	84	FullDelay	0.987975	987975	1	4
2.58872	0	1	85	LastDelay	1.00845	1.00845e+06	1	4
2.58872	0	1	85	FullDelay	1.00845	1.00845e+06	1	4
2.60863	0	1	86	LastDelay	1.02154	1.02154e+06	1	4
2.60863	0	1	86	FullDelay	1.02154	1.02154e+06	1	4
2.62602	0	1	87	LastDelay	1.0321	1.0321e+06	1	4
2.62602	0	1	87	FullDelay	1.0321	1.0321e+06	1	4
2.63955	0	1	88	LastDelay	1.03881	1.03881e+06	1	4
2.63955	0	1	88	FullDelay	1.03881	1.03881e+06	1	4
2.66505	0	1	89	LastDelay	1.05748	1.05748e+06	1	4
2.66505	0	1	89	FullDelay	1.05748	1.05748e+06	1	4
2.71581	0	1	92	LastDelay	1.08776	1.08776e+06	1	4
2.71581	0	1	92	FullDelay	1.08776	1.08776e+06	1	4
2.73946	0	1	94	LastDelay	1.09776	1.09776e+06	1	4
2.73946	0	1	94	FullDelay	1.09776	1.09776e+06	1	4
2.75879	0	1	95	LastDelay	1.11025	1.11025e+06	1	4
2.75879	0	1	95	FullDelay	1.11025	1.11025e+06	1	4
2.77749	0	1	96	LastDelay	1.12213	1.12213e+06	1	4
2.77749	0	1	96	FullDelay	1.12213	1.12213e+06	1	4
2.8064	0	1	97	LastDelay	1.14421	1.14421e+06	1	4
2.8064	0	1	97	FullDelay	1.14421	1.14421e+06	1	4
2.81875	0	1	98	LastDelay	1.14974	1.14974e+06	1	4
2.81875	0	1	98	FullDelay	1.14974	1.14974e+06	1	4
2.82962	0	1	99	LastDelay	1.15378	1.15378e+06	1	4
2.82962	0	1	99	FullDelay	1.15378	1.15378e+06	1	4
2.83959	0	1	100	LastDelay	1.15692	1.15692e+06	1	4
2.83959	0	1	100	FullDelay	1.15692	1.15692e+06	1	4
2.85953	0	1	101	LastDelay	1.17004	1.17004e+06	1	4
2.85953	0	1	101	FullDelay	1.17004	1.17004e+06	1	4
2.89662	0	1	102	LastDelay	1.2003	1.2003e+06	1	4
2.89662	0	1	102	FullDelay	1.2003	1.2003e+06	1	4
2.91303	0	1	103	LastDelay	1.20988	1.20988e+06	1	4
2.91303	0	1	103	FullDelay	1.20988	1.20988e+06	1	4
2.92506	0	1	104	LastDelay	1.21509	1.21509e+06	1	4
2.92506	0	1	104	FullDelay	1.21509	1.21509e+06	1	4
2.96323	0	1	105	LastDelay	1.24643	1.24643e+06	1	4
2.96323	0	1	105	FullDelay	1.24643	1.24643e+06	1	4
2.98919	0	1	107	LastDelay	1.25874	1.25874e+06	1	4
2.98919	0	1	107	FullDelay	1.25874	1.25874e+06	1	4
2.9992	0	1	108	LastDelay	1.26192	1.26192e+06	1	4
2.9992	0	1	108	FullDelay	1.26192	1.26192e+06	1	4
3.01011	0	1	109	LastDelay	1.266	1.266e+06	1	4
3.01011	0	1	109	FullDelay	1.266	1.266e+06	1	4
3.02376	0	1	110	LastDelay	1.27282	1.27282e+06	1	4
3.02376	0	1	110	FullDelay	1.27282	1.27282e+06	1	4
3.04576	0	1	111	LastDelay	1.288	1.288e+06	1	4
3.04576	0	1	111	FullDelay	1.288	1.288e+06	1	4
3.0721	0	1	112	LastDelay	1.30752	1.30752e+06	1	4
3.0721	0	1	112	FullDelay	1.30752	1.30752e+06	1	4
3.0865	0	1	113	LastDelay	1.31508	1.31508e+06	1	4
3.0865	0	1	113	FullDelay	1.31508	1.31508e+06	1	4
3.09733	0	1	114	LastDelay	1.31909	1.31909e+06	1	4
3.09733	0	1	114	FullDelay	1.31909	1.31909e+06	1	4
3.11414	0	1	115	LastDelay	1.32907	1.32907e+06	1	4
3.11414	0	1	115	FullDelay	1.32907	1.32907e+06	1	4
3.15923	0	1	116	LastDelay	1.36734	1.36734e+06	1	4
3.15923	0	1	116	FullDelay	1.36734	1.36734e+06	1	4
3.17253	0	1	117	LastDelay	1.37381	1.37381e+06	1	4
3.17253	0	1	117	FullDelay	1.37381	1.37381e+06	1	4
3.18685	0	1	118	LastDelay	1.3813	1.3813e+06	1	4
3.18685	0	1	118	FullDelay	1.3813	1.3813e+06	1	4
3.1968	0	1	119	LastDelay	1.38442	1.38442e+06	1	4
3.1968	0	1	119	FullDelay	1.38442	1.38442e+06	1	4
3.21817	0	1	120	LastDelay	1.39897	1.39897e+06	1	4
3.21817	0	1	120	FullDelay	1.39897	1.39897e+06	1	4
3.22898	0	1	121	LastDelay	1.40295	1.40295e+06	1	4
3.22898	0	1	121	FullDelay	1.40295	1.40295e+06	1	4
3.24251	0	1	122	LastDelay	1.40966	1.40966e+06	1	4
3.24251	0	1	122	FullDelay	1.40966	1.40966e+06	1	4
3.25515	0	1	123	LastDelay	1.41547	1.41547e+06	1	4
3.25515	0	1	123	FullDelay	1.41547	1.41547e+06	1	4
4.43303	0	1	471	LastDelay	0.0606605	60660.5	1	4
4.43303	0	1	471	FullDelay	0.0606605	60660.5	1	4
4.44801	0	1	472	LastDelay	0.0688058	68805.8	1	4
4.44801	0	1	472	FullDelay	0.0688058	68805.8	1	4
4.46086	0	1	473	LastDelay	0.0748378	74837.8	1	4
4.46086	0	1	473	FullDelay	0.0748378	74837.8	1	4
4.49803	0	1	474	LastDelay	0.105177	105177	1	4
4.49803	0	1	474	FullDelay	0.105177	105177	1	4
4.50714	0	1	475	LastDelay	0.107456	107456	1	4
4.50714	0	1	475	FullDelay	0.107456	107456	1	4
4.64465	0	1	477	LastDelay	0.231316	231316	1	4
4.64465	0	1	477	FullDelay	0.231316	231316	1	4
4.66095	0	1	478	LastDelay	0.240795	240795	1	4
4.66095	0	1	478	FullDelay	0.240795	240795	1	4
4.70785	0	1	479	LastDelay	0.280863	280863	1	4
4.70785	0	1	479	FullDelay	0.280863	280863	1	4
4.77959	0	1	481	LastDelay	0.338954	338954	1	4
4.77959	0	1	481	FullDelay	0.338954	338954	1	4
4.81521	0	1	483	LastDelay	0.360922	360922	1	4
4.81521	0	1	483	FullDelay	0.360922	360922	1	4
4.8484	0	1	484	LastDelay	0.387278	387278	1	4
4.8484	0	1	484	FullDelay	0.387278	387278	1	4
4.86168	0	1	485	LastDelay	0.39373	393730	1	4
4.86168	0	1	485	FullDelay	0.39373	393730	1	4
4.8769	0	1	486	LastDelay	0.402129	402129	1	4
4.8769	0	1	486	FullDelay	0.402129	402129	1	4
4.90333	0	1	487	LastDelay	0.421731	421731	1	4
4.90333	0	1	487	FullDelay	0.421731	421731	1	4
4.96912	0	1	488	LastDelay	0.480691	480691	1	4
4.96912	0	1	488	FullDelay	0.480691	480691	1	4
5.03023	0	1	489	LastDelay	0.534977	534977	1	4
5.03023	0	1	489	FullDelay	0.534977	534977	1	4
5.08626	0	1	490	LastDelay	0.584176	584176	1	4
5.08626	0	1	490	FullDelay	0.584176	584176	1	4
5.10136	0	1	491	LastDelay	0.592453	592453	1	4
5.10136	0	1	491	FullDelay	0.592453	592453	1	4
5.16763	0	1	492	LastDelay	0.651896	651896	1	4
5.16763	0	1	492	FullDelay	0.651896	651896	1	4
5.19663	0	1	493	LastDelay	0.674068	674068	1	4
5.19663	0	1	493	FullDelay	0.674068	674068	1	4
5.22198	0	1	494	LastDelay	0.692594	692594	1	4
5.22198	0	1	494	FullDelay	0.692594	692594	1	4
5.25508	0	1	495	LastDelay	0.718869	718869	1	4
5.25508	0	1	495	FullDelay	0.718869	718869	1	4
5.31239	0	1	497	LastDelay	0.762522	762522	1	4
5.31239	0	1	497	FullDelay	0.762522	762522	1	4
5.34018	0	1	499	LastDelay	0.776659	776659	1	4
5.34018	0	1	499	FullDelay	0.776659	776659	1	4
5.38279	0	1	500	LastDelay	0.812447	812447	1	4
5.38279	0	1	500	FullDelay	0.812447	812447	1	4
5.45057	0	1	501	LastDelay	0.873402	873402	1	4
5.45057	0	1	501	FullDelay	0.873402	873402	1	4
5.49048	0	1	502	LastDelay	0.906479	906479	1	4
5.49048	0	1	502	FullDelay	0.906479	906479	1	4
5.51583	0	1	503	LastDelay	0.924999	924999	1	4
5.51583	0	1	503	FullDelay	0.924999	924999	1	4
5.56553	0	1	504	LastDelay	0.96788	967880	1	4
5.56553	0	1	504	FullDelay	0.96788	967880	1	4
5.5746	0	1	505	LastDelay	0.970119	970119	1	4
5.5746	0	1	505	FullDelay	0.970119	970119	1	4
5.60481	0	1	506	LastDelay	0.9935	993500	1	4
5.60481	0	1	506	FullDelay	0.9935	993500	1	4
5.635	0	1	508	LastDelay	1.01004	1.01004e+06	1	4
5.635	0	1	508	FullDelay	1.01004	1.01004e+06	1	4
5.66732	0	1	509	LastDelay	1.03553	1.03553e+06	1	4
5.66732	0	1	509	FullDelay	1.03553	1.03553e+06	1	4
5.74074	0	1	510	LastDelay	1.10213	1.10213e+06	1	4
5.74074	0	1	510	FullDelay	1.10213	1.10213e+06	1	4
5.78865	0	1	511	LastDelay	1.14321	1.14321e+06	1	4
5.78865	0	1	511	FullDelay	1.14321	1.14321e+06	1	4
5.80659	0	1	512	LastDelay	1.15433	1.15433e+06	1	4
5.80659	0	1	512	FullDelay	1.15433	1.15433e+06	1	4
5.86649	0	1	515	LastDelay	1.19374	1.19374e+06	1	4
5.86649	0	1	515	FullDelay	1.19374	1.19374e+06	1	4
5.89998	0	1	516	LastDelay	1.22041	1.22041e+06	1	4
5.89998	0	1	516	FullDelay	1.22041	1.22041e+06	1	4
5.9108	0	1	517	LastDelay	1.2244	1.2244e+06	1	4
5.9108	0	1	517	FullDelay	1.2244	1.2244e+06	1	4
5.94699	0	1	518	LastDelay	1.25376	1.25376e+06	1	4
5.94699	0	1	518	FullDelay	1.25376	1.25376e+06	1	4
6.04066	0	1	521	LastDelay	1.32695	1.32695e+06	1	4
6.04066	0	1	521	FullDelay	1.32695	1.32695e+06	1	4
6.1122	0	1	524	LastDelay	1.37802	1.37802e+06	1	4
6.1122	0	1	524	FullDelay	1.37802	1.37802e+06	1	4
6.13	0	1	525	LastDelay	1.38899	1.38899e+06	1	4
6.13	0	1	525	FullDelay	1.38899	1.38899e+06	1	4
6.13907	0	1	526	LastDelay	1.39123	1.39123e+06	1	4
6.13907	0	1	526	FullDelay	1.39123	1.39123e+06	1	4
6.20155	0	1	106	LastDelay	1.44689	1.44689e+06	1	4
6.20155	0	1	106	FullDelay	4.47793	4.47793e+06	2	4
6.21156	0	1	124	LastDelay	1.45006	1.45006e+06	1	4
6.21156	0	1	124	FullDelay	4.36505	4.36505e+06	2	4
6.25428	0	1	126	LastDelay	1.47913	1.47913e+06	1	4
6.25428	0	1	126	FullDelay	4.39412	4.39412e+06	2	4
6.26941	0	1	127	LastDelay	1.48744	1.48744e+06	1	4
6.26941	0	1	127	FullDelay	4.40242	4.40242e+06	2	4
6.32406	0	1	129	LastDelay	1.52844	1.52844e+06	1	4
6.32406	0	1	129	FullDelay	4.44342	4.44342e+06	2	4
6.33998	0	1	3	LastDelay	1.53752	1.53752e+06	1	4
6.33998	0	1	3	FullDelay	5.3195	5.3195e+06	3	4
6.40225	0	1	13	LastDelay	1.58614	1.58614e+06	1	4
6.40225	0	1	13	FullDelay	5.3135	5.3135e+06	3	4
6.44321	0	1	15	LastDelay	1.62028	1.62028e+06	1	4
6.44321	0	1	15	FullDelay	5.34081	5.34081e+06	3	4
6.45579	0	1	130	LastDelay	1.62603	1.62603e+06	1	4
6.45579	0	1	130	FullDelay	4.56833	4.56833e+06	2	4
6.57339	0	1	132	LastDelay	1.72998	1.72998e+06	1	4
6.57339	0	1	132	FullDelay	4.67227	4.67227e+06	2	4
6.60592	0	1	20	LastDelay	1.75568	1.75568e+06	1	4
6.60592	0	1	20	FullDelay	5.46939	5.46939e+06	3	4
6.61504	0	1	21	LastDelay	1.75797	1.75797e+06	1	4
6.61504	0	1	21	FullDelay	5.47168	5.47168e+06	3	4
6.6466	0	1	27	LastDelay	1.76905	1.76905e+06	1	4
6.6466	0	1	27	FullDelay	5.46228	5.46228e+06	3	4
6.67437	0	1	28	LastDelay	1.79	1.79e+06	1	4
6.67437	0	1	28	FullDelay	5.48323	5.48323e+06	3	4
6.69869	0	1	37	LastDelay	1.80749	1.80749e+06	1	4
6.69869	0	1	37	FullDelay	5.44611	5.44611e+06	3	4
6.71041	0	1	38	LastDelay	1.81238	1.81238e+06	1	4
6.71041	0	1	38	FullDelay	5.451	5.451e+06	3	4
6.7221	0	1	41	LastDelay	1.81725	1.81725e+06	1	4
6.7221	0	1	41	FullDelay	5.44221	5.44221e+06	3	4
6.8354	0	1	57	LastDelay	1.91006	1.91006e+06	1	4
6.8354	0	1	57	FullDelay	5.44628	5.44628e+06	3	4
6.84517	0	1	58	LastDelay	1.91302	1.91302e+06	1	4
6.84517	0	1	58	FullDelay	5.44923	5.44923e+06	3	4
6.86661	0	1	62	LastDelay	1.92762	1.92762e+06	1	4
6.86661	0	1	62	FullDelay	5.44335	5.44335e+06	3	4
6.90146	0	1	65	LastDelay	1.95565	1.95565e+06	1	4
6.90146	0	1	65	FullDelay	5.45773	5.45773e+06	3	4
6.91052	0	1	68	LastDelay	1.95788	1.95788e+06	1	4
6.91052	0	1	68	FullDelay	5.44631	5.44631e+06	3	4
6.9487	0	1	91	LastDelay	1.9824	1.9824e+06	1	4
6.9487	0	1	91	FullDelay	5.32747	5.32747e+06	3	4
6.95866	0	1	93	LastDelay	1.98554	1.98554e+06	1	4
6.95866	0	1	93	FullDelay	5.32378	5.32378e+06	3	4
10.9768	0	1	1056	LastDelay	0.207852	207852	1	4
10.9768	0	1	1056	FullDelay	0.207852	207852	1	4
11.0339	0	1	1058	LastDelay	0.251291	251291	1	4
11.0339	0	1	1058	FullDelay	0.251291	251291	1	4
11.0447	0	1	1059	LastDelay	0.255303	255303	1	4
11.0447	0	1	1059	FullDelay	0.255303	255303	1	4
11.0635	0	1	1060	LastDelay	0.267195	267195	1	4
11.0635	0	1	1060	FullDelay	0.267195	267195	1	4
11.0783	0	1	1061	LastDelay	0.275223	275223	1	4
11.0783	0	1	1061	FullDelay	0.275223	275223	1	4
11.2332	0	1	1062	LastDelay	0.423307	423307	1	4
11.2332	0	1	1062	FullDelay	0.423307	423307	1	4
11.2423	0	1	1063	LastDelay	0.425586	425586	1	4
11.2423	0	1	1063	FullDelay	0.425586	425586	1	4
11.3569	0	1	1066	LastDelay	0.519663	519663	1	4
11.3569	0	1	1066	FullDelay	0.519663	519663	1	4
11.3704	0	1	1067	LastDelay	0.52635	526350	1	4
11.3704	0	1	1067	FullDelay	0.52635	526350	1	4
11.4004	0	1	1069	LastDelay	0.542655	542655	1	4
11.4004	0	1	1069	FullDelay	0.542655	542655	1	4
11.4129	0	1	1070	LastDelay	0.548415	548415	1	4
11.4129	0	1	1070	FullDelay	0.548415	548415	1	4
11.4722	0	1	1071	LastDelay	0.600803	600803	1	4
11.4722	0	1	1071	FullDelay	0.600803	600803	1	4
11.4847	0	1	1072	LastDelay	0.60655	606550	1	4
11.4847	0	1	1072	FullDelay	0.60655	606550	1	4
11.5457	0	1	1073	LastDelay	0.660701	660701	1	4
11.5457	0	1	1073	FullDelay	0.660701	660701	1	4
11.5593	0	1	1074	LastDelay	0.667413	667413	1	4
11.5593	0	1	1074	FullDelay	0.667413	667413	1	4
11.5954	0	1	1075	LastDelay	0.696736	696736	1	4
11.5954	0	1	1075	FullDelay	0.696736	696736	1	4
11.6391	0	1	1077	LastDelay	0.726773	726773	1	4
11.6391	0	1	1077	FullDelay	0.726773	726773	1	4
11.6539	0	1	1078	LastDelay	0.734784	734784	1	4
11.6539	0	1	1078	FullDelay	0.734784	734784	1	4
11.7056	0	1	1079	LastDelay	0.779652	779652	1	4
11.7056	0	1	1079	FullDelay	0.779652	779652	1	4
11.773	0	1	1080	LastDelay	0.84017	840170	1	4
11.773	0	1	1080	FullDelay	0.84017	840170	1	4
11.793	0	1	1081	LastDelay	0.853389	853389	1	4
11.793	0	1	1081	FullDelay	0.853389	853389	1	4
11.8022	0	1	1082	LastDelay	0.855709	855709	1	4
11.8022	0	1	1082	FullDelay	0.855709	855709	1	4
11.8556	0	1	1083	LastDelay	0.90232	902320	1	4
11.8556	0	1	1083	FullDelay	0.90232	902320	1	4
11.8647	0	1	1084	LastDelay	0.904599	904599	1	4
11.8647	0	1	1084	FullDelay	0.904599	904599	1	4
11.8825	0	1	1085	LastDelay	0.915536	915536	1	4
11.8825	0	1	1085	FullDelay	0.915536	915536	1	4
11.906	0	1	1086	LastDelay	0.932287	932287	1	4
11.906	0	1	1086	FullDelay	0.932287	932287	1	4
11.9392	0	1	1087	LastDelay	0.958582	958582	1	4
11.9392	0	1	1087	FullDelay	0.958582	958582	1	4
11.9895	0	1	1089	LastDelay	0.995248	995248	1	4
11.9895	0	1	1089	FullDelay	0.995248	995248	1	4
12.0106	0	1	6	LastDelay	1.00951	1.00951e+06	1	4
12.0106	0	1	6	FullDelay	10.9696	1.09696e+07	4	4
12.0205	0	1	23	LastDelay	1.01259	1.01259e+06	1	4
12.0205	0	1	23	FullDelay	10.8635	1.08635e+07	4	4
12.0392	0	1	26	LastDelay	1.02444	1.02444e+06	1	4
12.0392	0	1	26	FullDelay	10.8617	1.08617e+07	4	4
12.0509	0	1	48	LastDelay	1.02937	1.02937e+06	1	4
12.0509	0	1	48	FullDelay	10.7232	1.07232e+07	4	4
12.0937	0	1	49	LastDelay	1.06532	1.06532e+06	1	4
12.0937	0	1	49	FullDelay	10.7592	1.07592e+07	4	4
12.1054	0	1	90	LastDelay	1.07017	1.07017e+06	1	4
12.1054	0	1	90	FullDelay	10.491	1.0491e+07	4	4
12.1244	0	1	125	LastDelay	1.08239	1.08239e+06	1	4
12.1244	0	1	125	FullDelay	10.2711	1.02711e+07	3	4
12.1501	0	1	128	LastDelay	1.10129	1.10129e+06	1	4
12.1501	0	1	128	FullDelay	10.2763	1.02763e+07	3	4
12.1829	0	1	131	LastDelay	1.12721	1.12721e+06	1	4
12.1829	0	1	131	FullDelay	10.2886	1.02886e+07	3	4
12.2082	0	1	133	LastDelay	1.14572	1.14572e+06	1	4
12.2082	0	1	133	FullDelay	10.3003	1.03003e+07	3	4
14.7611	0	1	679	LastDelay	0.27165	271650	1	4
14.7611	0	1	679	FullDelay	6.56584	6.56584e+06	2	4
14.7798	0	1	680	LastDelay	0.283492	283492	1	4
14.7798	0	1	680	FullDelay	6.57768	6.57768e+06	2	4
14.8029	0	1	681	LastDelay	0.299773	299773	1	4
14.8029	0	1	681	FullDelay	6.59396	6.59396e+06	2	4
14.8641	0	1	682	LastDelay	0.354096	354096	1	4
14.8641	0	1	682	FullDelay	6.64828	6.64828e+06	2	4
14.8881	0	1	683	LastDelay	0.371287	371287	1	4
14.8881	0	1	683	FullDelay	6.66547	6.66547e+06	2	4
14.8995	0	1	684	LastDelay	0.375833	375833	1	4
14.8995	0	1	684	FullDelay	6.67002	6.67002e+06	2	4
14.913	0	1	685	LastDelay	0.382512	382512	1	4
14.913	0	1	685	FullDelay	6.6767	6.6767e+06	2	4
14.9225	0	1	686	LastDelay	0.385207	385207	1	4
14.9225	0	1	686	FullDelay	6.67939	6.67939e+06	2	4
14.9588	0	1	688	LastDelay	0.407903	407903	1	4
14.9588	0	1	688	FullDelay	6.70209	6.70209e+06	2	4
15.0224	0	1	690	LastDelay	0.457827	457827	1	4
15.0224	0	1	690	FullDelay	6.75201	6.75201e+06	2	4
15.0421	0	1	691	LastDelay	0.470685	470685	1	4
15.0421	0	1	691	FullDelay	6.76487	6.76487e+06	2	4
15.0886	0	1	692	LastDelay	0.510356	510356	1	4
15.0886	0	1	692	FullDelay	6.80454	6.80454e+06	2	4
15.1216	0	1	693	LastDelay	0.536515	536515	1	4
15.1216	0	1	693	FullDelay	6.8307	6.8307e+06	2	4
15.2391	0	1	694	LastDelay	0.647172	647172	1	4
15.2391	0	1	694	FullDelay	6.94136	6.94136e+06	2	4
15.2667	0	1	695	LastDelay	0.667951	667951	1	4
15.2667	0	1	695	FullDelay	6.96214	6.96214e+06	2	4
15.2775	0	1	696	LastDelay	0.671944	671944	1	4
15.2775	0	1	696	FullDelay	6.96613	6.96613e+06	2	4
15.2905	0	1	697	LastDelay	0.678117	678117	1	4
15.2905	0	1	697	FullDelay	6.9723	6.9723e+06	2	4
15.3022	0	1	698	LastDelay	0.683036	683036	1	4
15.3022	0	1	698	FullDelay	6.97722	6.97722e+06	2	4
15.4266	0	1	700	LastDelay	0.793705	793705	1	4
15.4266	0	1	700	FullDelay	7.08789	7.08789e+06	2	4
15.4747	0	1	701	LastDelay	0.835023	835023	1	4
15.4747	0	1	701	FullDelay	7.12921	7.12921e+06	2	4
15.531	0	1	703	LastDelay	0.877697	877697	1	4
15.531	0	1	703	FullDelay	7.17188	7.17188e+06	2	4
15.5537	0	1	705	LastDelay	0.886669	886669	1	4
15.5537	0	1	705	FullDelay	7.18086	7.18086e+06	2	4
15.6092	0	1	706	LastDelay	0.935369	935369	1	4
15.6092	0	1	706	FullDelay	7.22956	7.22956e+06	2	4
15.6879	0	1	707	LastDelay	1.0073	1.0073e+06	1	4
15.6879	0	1	707	FullDelay	7.30148	7.30148e+06	2	4
15.7007	0	1	708	LastDelay	1.0132	1.0132e+06	1	4
15.7007	0	1	708	FullDelay	7.30739	7.30739e+06	2	4
15.7389	0	1	709	LastDelay	1.04461	1.04461e+06	1	4
15.7389	0	1	709	FullDelay	7.3388	7.3388e+06	2	4
15.823	0	1	712	LastDelay	1.10825	1.10825e+06	1	4
15.823	0	1	712	FullDelay	7.40244	7.40244e+06	2	4
15.8497	0	1	713	LastDelay	1.12812	1.12812e+06	1	4
15.8497	0	1	713	FullDelay	7.42231	7.42231e+06	2	4
15.8596	0	1	714	LastDelay	1.13119	1.13119e+06	1	4
15.8596	0	1	714	FullDelay	7.42537	7.42537e+06	2	4
15.8745	0	1	715	LastDelay	1.13922	1.13922e+06	1	4
15.8745	0	1	715	FullDelay	7.43341	7.43341e+06	2	4
15.8886	0	1	716	LastDelay	1.14648	1.14648e+06	1	4
15.8886	0	1	716	FullDelay	7.44067	7.44067e+06	2	4
15.9444	0	1	717	LastDelay	1.19549	1.19549e+06	1	4
15.9444	0	1	717	FullDelay	7.48967	7.48967e+06	2	4
15.9536	0	1	718	LastDelay	1.19789	1.19789e+06	1	4
15.9536	0	1	718	FullDelay	7.49207	7.49207e+06	2	4
15.9894	0	1	719	LastDelay	1.22689	1.22689e+06	1	4
15.9894	0	1	719	FullDelay	7.52108	7.52108e+06	2	4
16.0089	0	1	720	LastDelay	1.2395	1.2395e+06	1	4
16.0089	0	1	720	FullDelay	7.53368	7.53368e+06	2	4
16.049	0	1	721	LastDelay	1.2728	1.2728e+06	1	4
16.049	0	1	721	FullDelay	7.56699	7.56699e+06	2	4
16.061	0	1	722	LastDelay	1.27793	1.27793e+06	1	4
16.061	0	1	722	FullDelay	7.57212	7.57212e+06	2	4
16.1092	0	1	724	LastDelay	1.31253	1.31253e+06	1	4
16.1092	0	1	724	FullDelay	7.60672	7.60672e+06	2	4
16.1204	0	1	725	LastDelay	1.31685	1.31685e+06	1	4
16.1204	0	1	725	FullDelay	7.61104	7.61104e+06	2	4
16.1848	0	1	726	LastDelay	1.37445	1.37445e+06	1	4
16.1848	0	1	726	FullDelay	7.66863	7.66863e+06	2	4
16.2209	0	1	727	LastDelay	1.40372	1.40372e+06	1	4
16.2209	0	1	727	FullDelay	7.69791	7.69791e+06	2	4
16.2334	0	1	728	LastDelay	1.40936	1.40936e+06	1	4
16.2334	0	1	728	FullDelay	7.70355	7.70355e+06	2	4
16.2454	0	1	729	LastDelay	1.41461	1.41461e+06	1	4
16.2454	0	1	729	FullDelay	7.7088	7.7088e+06	2	4
16.4661	0	1	730	LastDelay	1.62848	1.62848e+06	1	4
16.4661	0	1	730	FullDelay	7.92266	7.92266e+06	2	4
16.4773	0	1	731	LastDelay	1.63285	1.63285e+06	1	4
16.4773	0	1	731	FullDelay	7.92703	7.92703e+06	2	4
16.5054	0	1	732	LastDelay	1.65413	1.65413e+06	1	4
16.5054	0	1	732	FullDelay	7.94831	7.94831e+06	2	4
16.5201	0	1	733	LastDelay	1.66198	1.66198e+06	1	4
16.5201	0	1	733	FullDelay	7.95617	7.95617e+06	2	4
16.5322	0	1	734	LastDelay	1.66722	1.66722e+06	1	4
16.5322	0	1	734	FullDelay	7.96141	7.96141e+06	2	4
16.5518	0	1	735	LastDelay	1.67999	1.67999e+06	1	4
16.5518	0	1	735	FullDelay	7.97417	7.97417e+06	2	4
16.6132	0	1	737	LastDelay	1.72773	1.72773e+06	1	4
16.6132	0	1	737	FullDelay	8.02191	8.02191e+06	2	4
16.631	0	1	738	LastDelay	1.7387	1.7387e+06	1	4
16.631	0	1	738	FullDelay	8.03289	8.03289e+06	2	4
16.6586	0	1	739	LastDelay	1.75947	1.75947e+06	1	4
16.6586	0	1	739	FullDelay	8.05365	8.05365e+06	2	4
16.695	0	1	740	LastDelay	1.7891	1.7891e+06	1	4
16.695	0	1	740	FullDelay	8.08329	8.08329e+06	2	4
16.7172	0	1	741	LastDelay	1.80448	1.80448e+06	1	4
16.7172	0	1	741	FullDelay	8.09867	8.09867e+06	2	4
16.7292	0	1	742	LastDelay	1.80967	1.80967e+06	1	4
16.7292	0	1	742	FullDelay	8.10385	8.10385e+06	2	4
16.7542	0	1	744	LastDelay	1.82102	1.82102e+06	1	4
16.7542	0	1	744	FullDelay	8.11521	8.11521e+06	2	4
16.7753	0	1	746	LastDelay	1.82845	1.82845e+06	1	4
16.7753	0	1	746	FullDelay	8.12263	8.12263e+06	2	4
16.8189	0	1	748	LastDelay	1.85839	1.85839e+06	1	4
16.8189	0	1	748	FullDelay	8.15257	8.15257e+06	2	4
16.8387	0	1	749	LastDelay	1.87137	1.87137e+06	1	4
16.8387	0	1	749	FullDelay	8.16555	8.16555e+06	2	4
16.8557	0	1	750	LastDelay	1.88156	1.88156e+06	1	4
16.8557	0	1	750	FullDelay	8.17575	8.17575e+06	2	4
16.9099	0	1	752	LastDelay	1.92207	1.92207e+06	1	4
16.9099	0	1	752	FullDelay	8.21625	8.21625e+06	2	4
16.922	0	1	753	LastDelay	1.92738	1.92738e+06	1	4
16.922	0	1	753	FullDelay	8.22156	8.22156e+06	2	4
16.9347	0	1	754	LastDelay	1.93316	1.93316e+06	1	4
16.9347	0	1	754	FullDelay	8.22735	8.22735e+06	2	4
16.9804	0	1	756	LastDelay	1.96522	1.96522e+06	1	4
16.9804	0	1	756	FullDelay	8.25941	8.25941e+06	2	4
16.9938	0	1	757	LastDelay	1.97181	1.97181e+06	1	4
16.9938	0	1	757	FullDelay	8.266	8.266e+06	2	4
17.0246	0	1	758	LastDelay	1.99579	1.99579e+06	1	4
17.0246	0	1	758	FullDelay	8.28998	8.28998e+06	2	4
