Time	Node	AppId	SeqNo	Type	DelayS	DelayUS	RetxCount	HopCount
1.02468	0	1	0	LastDelay	0.0246835	24683.5	1	4
1.02468	0	1	0	FullDelay	0.0246835	24683.5	1	4
1.04282	0	1	1	LastDelay	0.0359884	35988.4	1	4
1.04282	0	1	1	FullDelay	0.0359884	35988.4	1	4
1.06408	0	1	2	LastDelay	0.0504247	50424.7	1	4
1.06408	0	1	2	FullDelay	0.0504247	50424.7	1	4
1.09492	0	1	4	LastDelay	0.0676118	67611.8	1	4
1.09492	0	1	4	FullDelay	0.0676118	67611.8	1	4
1.11373	0	1	5	LastDelay	0.0795993	79599.3	1	4
1.11373	0	1	5	FullDelay	0.0795993	79599.3	1	4
1.14148	0	1	7	LastDelay	0.0936934	93693.4	1	4
1.14148	0	1	7	FullDelay	0.0936934	93693.4	1	4
1.15568	0	1	8	LastDelay	0.101068	101068	1	4
1.15568	0	1	8	FullDelay	0.101068	101068	1	4
1.19077	0	1	10	LastDelay	0.122507	122507	1	4
1.19077	0	1	10	FullDelay	0.122507	122507	1	4
1.20591	0	1	11	LastDelay	0.130816	130816	1	4
1.20591	0	1	11	FullDelay	0.130816	130816	1	4
1.22068	0	1	12	LastDelay	0.138764	138764	1	4
1.22068	0	1	12	FullDelay	0.138764	138764	1	4
1.2373	0	1	13	LastDelay	0.148552	148552	1	4
1.2373	0	1	13	FullDelay	0.148552	148552	1	4
1.26174	0	1	14	LastDelay	0.166163	166163	1	4
1.26174	0	1	14	FullDelay	0.166163	166163	1	4
1.27903	0	1	15	LastDelay	0.176626	176626	1	4
1.27903	0	1	15	FullDelay	0.176626	176626	1	4
1.289	0	1	16	LastDelay	0.179775	179775	1	4
1.289	0	1	16	FullDelay	0.179775	179775	1	4
1.31076	0	1	17	LastDelay	0.19471	194710	1	4
1.31076	0	1	17	FullDelay	0.19471	194710	1	4
1.31984	0	1	18	LastDelay	0.196961	196961	1	4
1.31984	0	1	18	FullDelay	0.196961	196961	1	4
1.33869	0	1	19	LastDelay	0.208983	208983	1	4
1.33869	0	1	19	FullDelay	0.208983	208983	1	4
1.36739	0	1	20	LastDelay	0.230853	230853	1	4
1.36739	0	1	20	FullDelay	0.230853	230853	1	4
1.3773	0	1	21	LastDelay	0.233943	233943	1	4
1.3773	0	1	21	FullDelay	0.233943	233943	1	4
1.39555	0	1	22	LastDelay	0.245365	245365	1	4
1.39555	0	1	22	FullDelay	0.245365	245365	1	4
1.43139	0	1	24	LastDelay	0.267548	267548	1	4
1.43139	0	1	24	FullDelay	0.267548	267548	1	4
1.4546	0	1	25	LastDelay	0.28393	283930	1	4
1.4546	0	1	25	FullDelay	0.28393	283930	1	4
1.46877	0	1	26	LastDelay	0.291276	291276	1	4
1.46877	0	1	26	FullDelay	0.291276	291276	1	4
1.49272	0	1	27	LastDelay	0.308396	308396	1	4
1.49272	0	1	27	FullDelay	0.308396	308396	1	4
1.55532	0	1	30	LastDelay	0.350519	350519	1	4
1.55532	0	1	30	FullDelay	0.350519	350519	1	4
1.5655	0	1	31	LastDelay	0.35387	353870	1	4
1.5655	0	1	31	FullDelay	0.35387	353870	1	4
1.61358	0	1	34	LastDelay	0.381473	381473	1	4
1.61358	0	1	34	FullDelay	0.381473	381473	1	4
1.62354	0	1	35	LastDelay	0.384603	384603	1	4
1.62354	0	1	35	FullDelay	0.384603	384603	1	4
1.65482	0	1	36	LastDelay	0.409061	409061	1	4
1.65482	0	1	36	FullDelay	0.409061	409061	1	4
1.67222	0	1	37	LastDelay	0.419631	419631	1	4
1.67222	0	1	37	FullDelay	0.419631	419631	1	4
1.68245	0	1	38	LastDelay	0.423039	423039	1	4
1.68245	0	1	38	FullDelay	0.423039	423039	1	4
1.72191	0	1	40	LastDelay	0.448838	448838	1	4
1.72191	0	1	40	FullDelay	0.448838	448838	1	4
1.73372	0	1	41	LastDelay	0.453826	453826	1	4
1.73372	0	1	41	FullDelay	0.453826	453826	1	4
1.75872	0	1	42	LastDelay	0.472	472000	1	4
1.75872	0	1	42	FullDelay	0.472	472000	1	4
1.78203	0	1	44	LastDelay	0.48166	481660	1	4
1.78203	0	1	44	FullDelay	0.48166	481660	1	4
1.79383	0	1	45	LastDelay	0.486627	486627	1	4
1.79383	0	1	45	FullDelay	0.486627	486627	1	4
1.80601	0	1	46	LastDelay	0.491979	491979	1	4
1.80601	0	1	46	FullDelay	0.491979	491979	1	4
1.83313	0	1	47	LastDelay	0.512278	512278	1	4
1.83313	0	1	47	FullDelay	0.512278	512278	1	4
1.84223	0	1	48	LastDelay	0.51455	514550	1	4
1.84223	0	1	48	FullDelay	0.51455	514550	1	4
1.89292	0	1	50	LastDelay	0.551584	551584	1	4
1.89292	0	1	50	FullDelay	0.551584	551584	1	4
1.90459	0	1	51	LastDelay	0.556432	556432	1	4
1.90459	0	1	51	FullDelay	0.556432	556432	1	4
1.92049	0	1	52	LastDelay	0.565503	565503	1	4
1.92049	0	1	52	FullDelay	0.565503	565503	1	4
1.93248	0	1	53	LastDelay	0.570666	570666	1	4
1.93248	0	1	53	FullDelay	0.570666	570666	1	4
1.94187	0	1	54	LastDelay	0.573234	573234	1	4
1.94187	0	1	54	FullDelay	0.573234	573234	1	4
1.95938	0	1	55	LastDelay	0.583911	583911	1	4
1.95938	0	1	55	FullDelay	0.583911	583911	1	4
2.00051	0	1	56	LastDelay	0.618222	618222	1	4
2.00051	0	1	56	FullDelay	0.618222	618222	1	4
2.01113	0	1	57	LastDelay	0.622013	622013	1	4
2.01113	0	1	57	FullDelay	0.622013	622013	1	4
2.04097	0	1	59	LastDelay	0.6382	638200	1	4
2.04097	0	1	59	FullDelay	0.6382	638200	1	4
2.05433	0	1	60	LastDelay	0.644731	644731	1	4
2.05433	0	1	60	FullDelay	0.644731	644731	1	4
2.08756	0	1	62	LastDelay	0.66431	664310	1	4
2.08756	0	1	62	FullDelay	0.66431	664310	1	4
2.09752	0	1	63	LastDelay	0.667439	667439	1	4
2.09752	0	1	63	FullDelay	0.667439	667439	1	4
2.10836	0	1	64	LastDelay	0.671449	671449	1	4
2.10836	0	1	64	FullDelay	0.671449	671449	1	4
2.14523	0	1	65	LastDelay	0.701496	701496	1	4
2.14523	0	1	65	FullDelay	0.701496	701496	1	4
2.16434	0	1	66	LastDelay	0.71378	713780	1	4
2.16434	0	1	66	FullDelay	0.71378	713780	1	4
2.17839	0	1	67	LastDelay	0.721006	721006	1	4
2.17839	0	1	67	FullDelay	0.721006	721006	1	4
2.21809	0	1	69	LastDelay	0.747045	747045	1	4
2.21809	0	1	69	FullDelay	0.747045	747045	1	4
2.23085	0	1	70	LastDelay	0.752986	752986	1	4
2.23085	0	1	70	FullDelay	0.752986	752986	1	4
2.24329	0	1	71	LastDelay	0.758602	758602	1	4
2.24329	0	1	71	FullDelay	0.758602	758602	1	4
2.26643	0	1	72	LastDelay	0.774914	774914	1	4
2.26643	0	1	72	FullDelay	0.774914	774914	1	4
2.29698	0	1	74	LastDelay	0.791808	791808	1	4
2.29698	0	1	74	FullDelay	0.791808	791808	1	4
2.30983	0	1	75	LastDelay	0.797831	797831	1	4
2.30983	0	1	75	FullDelay	0.797831	797831	1	4
2.32492	0	1	76	LastDelay	0.806092	806092	1	4
2.32492	0	1	76	FullDelay	0.806092	806092	1	4
2.34854	0	1	77	LastDelay	0.822887	822887	1	4
2.34854	0	1	77	FullDelay	0.822887	822887	1	4
2.37626	0	1	79	LastDelay	0.836951	836951	1	4
2.37626	0	1	79	FullDelay	0.836951	836951	1	4
2.41723	0	1	80	LastDelay	0.871093	871093	1	4
2.41723	0	1	80	FullDelay	0.871093	871093	1	4
2.4323	0	1	81	LastDelay	0.879336	879336	1	4
2.4323	0	1	81	FullDelay	0.879336	879336	1	4
2.44393	0	1	82	LastDelay	0.884143	884143	1	4
2.44393	0	1	82	FullDelay	0.884143	884143	1	4
2.47227	0	1	83	LastDelay	0.905661	905661	1	4
2.47227	0	1	83	FullDelay	0.905661	905661	1	4
2.49489	0	1	84	LastDelay	0.92145	921450	1	4
2.49489	0	1	84	FullDelay	0.92145	921450	1	4
2.50723	0	1	85	LastDelay	0.92696	926960	1	4
2.50723	0	1	85	FullDelay	0.92696	926960	1	4
2.52987	0	1	86	LastDelay	0.942775	942775	1	4
2.52987	0	1	86	FullDelay	0.942775	942775	1	4
2.56451	0	1	87	LastDelay	0.970589	970589	1	4
2.56451	0	1	87	FullDelay	0.970589	970589	1	4
2.60832	0	1	90	LastDelay	0.993923	993923	1	4
2.60832	0	1	90	FullDelay	0.993923	993923	1	4
2.62353	0	1	91	LastDelay	1.0023	1.0023e+06	1	4
2.62353	0	1	91	FullDelay	1.0023	1.0023e+06	1	4
2.64201	0	1	92	LastDelay	1.01395	1.01395e+06	1	4
2.64201	0	1	92	FullDelay	1.01395	1.01395e+06	1	4
2.65711	0	1	93	LastDelay	1.02223	1.02223e+06	1	4
2.65711	0	1	93	FullDelay	1.02223	1.02223e+06	1	4
2.67564	0	1	94	LastDelay	1.03394	1.03394e+06	1	4
2.67564	0	1	94	FullDelay	1.03394	1.03394e+06	1	4
2.69641	0	1	95	LastDelay	1.04787	1.04787e+06	1	4
2.69641	0	1	95	FullDelay	1.04787	1.04787e+06	1	4
2.74723	0	1	98	LastDelay	1.07822	1.07822e+06	1	4
2.74723	0	1	98	FullDelay	1.07822	1.07822e+06	1	4
2.81333	0	1	101	LastDelay	1.12384	1.12384e+06	1	4
2.81333	0	1	101	FullDelay	1.12384	1.12384e+06	1	4
2.8242	0	1	102	LastDelay	1.12788	1.12788e+06	1	4
2.8242	0	1	102	FullDelay	1.12788	1.12788e+06	1	4
2.84419	0	1	103	LastDelay	1.14104	1.14104e+06	1	4
2.84419	0	1	103	FullDelay	1.14104	1.14104e+06	1	4
2.85696	0	1	104	LastDelay	1.14699	1.14699e+06	1	4
2.85696	0	1	104	FullDelay	1.14699	1.14699e+06	1	4
2.86865	0	1	105	LastDelay	1.15185	1.15185e+06	1	4
2.86865	0	1	105	FullDelay	1.15185	1.15185e+06	1	4
2.89778	0	1	106	LastDelay	1.17415	1.17415e+06	1	4
2.89778	0	1	106	FullDelay	1.17415	1.17415e+06	1	4
2.92275	0	1	107	LastDelay	1.1923	1.1923e+06	1	4
2.92275	0	1	107	FullDelay	1.1923	1.1923e+06	1	4
2.93537	0	1	108	LastDelay	1.19809	1.19809e+06	1	4
2.93537	0	1	108	FullDelay	1.19809	1.19809e+06	1	4
2.96274	0	1	109	LastDelay	1.21864	1.21864e+06	1	4
2.96274	0	1	109	FullDelay	1.21864	1.21864e+06	1	4
2.98673	0	1	110	LastDelay	1.2358	1.2358e+06	1	4
2.98673	0	1	110	FullDelay	1.2358	1.2358e+06	1	4
3.00625	0	1	111	LastDelay	1.24849	1.24849e+06	1	4
3.00625	0	1	111	FullDelay	1.24849	1.24849e+06	1	4
3.04758	0	1	113	LastDelay	1.27617	1.27617e+06	1	4
3.04758	0	1	113	FullDelay	1.27617	1.27617e+06	1	4
3.05832	0	1	114	LastDelay	1.28008	1.28008e+06	1	4
3.05832	0	1	114	FullDelay	1.28008	1.28008e+06	1	4
3.0709	0	1	115	LastDelay	1.28583	1.28583e+06	1	4
3.0709	0	1	115	FullDelay	1.28583	1.28583e+06	1	4
3.09962	0	1	116	LastDelay	1.30773	1.30773e+06	1	4
3.09962	0	1	116	FullDelay	1.30773	1.30773e+06	1	4
3.10962	0	1	117	LastDelay	1.3109	1.3109e+06	1	4
3.10962	0	1	117	FullDelay	1.3109	1.3109e+06	1	4
3.13684	0	1	118	LastDelay	1.33129	1.33129e+06	1	4
3.13684	0	1	118	FullDelay	1.33129	1.33129e+06	1	4
3.1477	0	1	119	LastDelay	1.33533	1.33533e+06	1	4
3.1477	0	1	119	FullDelay	1.33533	1.33533e+06	1	4
3.16115	0	1	120	LastDelay	1.34195	1.34195e+06	1	4
3.16115	0	1	120	FullDelay	1.34195	1.34195e+06	1	4
3.17023	0	1	121	LastDelay	1.3442	1.3442e+06	1	4
3.17023	0	1	121	FullDelay	1.3442	1.3442e+06	1	4
3.19667	0	1	122	LastDelay	1.36381	1.36381e+06	1	4
3.19667	0	1	122	FullDelay	1.36381	1.36381e+06	1	4
3.22972	0	1	124	LastDelay	1.38321	1.38321e+06	1	4
3.22972	0	1	124	FullDelay	1.38321	1.38321e+06	1	4
3.24236	0	1	125	LastDelay	1.38902	1.38902e+06	1	4
3.24236	0	1	125	FullDelay	1.38902	1.38902e+06	1	4
3.27728	0	1	126	LastDelay	1.41712	1.41712e+06	1	4
3.27728	0	1	126	FullDelay	1.41712	1.41712e+06	1	4
3.28994	0	1	127	LastDelay	1.42296	1.42296e+06	1	4
3.28994	0	1	127	FullDelay	1.42296	1.42296e+06	1	4
3.30232	0	1	128	LastDelay	1.42851	1.42851e+06	1	4
3.30232	0	1	128	FullDelay	1.42851	1.42851e+06	1	4
3.32243	0	1	129	LastDelay	1.44179	1.44179e+06	1	4
3.32243	0	1	129	FullDelay	1.44179	1.44179e+06	1	4
3.347	0	1	130	LastDelay	1.45954	1.45954e+06	1	4
3.347	0	1	130	FullDelay	1.45954	1.45954e+06	1	4
3.36194	0	1	3	LastDelay	1.46082	1.46082e+06	1	2
3.36194	0	1	3	FullDelay	2.34146	2.34146e+06	2	2
3.38247	0	1	131	LastDelay	1.48818	1.48818e+06	1	4
3.38247	0	1	131	FullDelay	1.48818	1.48818e+06	1	4
3.41785	0	1	133	LastDelay	1.50307	1.50307e+06	1	4
3.41785	0	1	133	FullDelay	1.50307	1.50307e+06	1	4
3.42953	0	1	134	LastDelay	1.50793	1.50793e+06	1	4
3.42953	0	1	134	FullDelay	1.50793	1.50793e+06	1	4
3.4556	0	1	136	LastDelay	1.52035	1.52035e+06	1	4
3.4556	0	1	136	FullDelay	1.52035	1.52035e+06	1	4
3.47845	0	1	138	LastDelay	1.52954	1.52954e+06	1	4
3.47845	0	1	138	FullDelay	1.52954	1.52954e+06	1	4
3.5223	0	1	139	LastDelay	1.55974	1.55974e+06	1	4
3.5223	0	1	139	FullDelay	1.55974	1.55974e+06	1	4
3.53513	0	1	140	LastDelay	1.56575	1.56575e+06	1	4
3.53513	0	1	140	FullDelay	1.56575	1.56575e+06	1	4
3.55665	0	1	141	LastDelay	1.58044	1.58044e+06	1	4
3.55665	0	1	141	FullDelay	1.58044	1.58044e+06	1	4
3.58055	0	1	9	LastDelay	1.57703	1.57703e+06	1	2
3.58055	0	1	9	FullDelay	2.51911	2.51911e+06	2	2
3.594	0	1	142	LastDelay	1.61096	1.61096e+06	1	4
3.594	0	1	142	FullDelay	1.61096	1.61096e+06	1	4
3.61395	0	1	144	LastDelay	1.61726	1.61726e+06	1	4
3.61395	0	1	144	FullDelay	1.61726	1.61726e+06	1	4
3.6571	0	1	146	LastDelay	1.63993	1.63993e+06	1	4
3.6571	0	1	146	FullDelay	1.63993	1.63993e+06	1	4
3.68234	0	1	147	LastDelay	1.65834	1.65834e+06	1	4
3.68234	0	1	147	FullDelay	1.65834	1.65834e+06	1	4
3.72907	0	1	149	LastDelay	1.69141	1.69141e+06	1	4
3.72907	0	1	149	FullDelay	1.69141	1.69141e+06	1	4
3.74017	0	1	150	LastDelay	1.69569	1.69569e+06	1	4
3.74017	0	1	150	FullDelay	1.69569	1.69569e+06	1	4
3.76627	0	1	152	LastDelay	1.70813	1.70813e+06	1	4
3.76627	0	1	152	FullDelay	1.70813	1.70813e+06	1	4
3.77532	0	1	153	LastDelay	1.71036	1.71036e+06	1	4
3.77532	0	1	153	FullDelay	1.71036	1.71036e+06	1	4
3.78597	0	1	154	LastDelay	1.71418	1.71418e+06	1	4
3.78597	0	1	154	FullDelay	1.71418	1.71418e+06	1	4
3.79593	0	1	155	LastDelay	1.71732	1.71732e+06	1	4
3.79593	0	1	155	FullDelay	1.71732	1.71732e+06	1	4
3.80509	0	1	156	LastDelay	1.71965	1.71965e+06	1	4
3.80509	0	1	156	FullDelay	1.71965	1.71965e+06	1	4
3.8187	0	1	157	LastDelay	1.72643	1.72643e+06	1	4
3.8187	0	1	157	FullDelay	1.72643	1.72643e+06	1	4
3.87668	0	1	159	LastDelay	1.77076	1.77076e+06	1	4
3.87668	0	1	159	FullDelay	1.77076	1.77076e+06	1	4
3.89249	0	1	160	LastDelay	1.77974	1.77974e+06	1	4
3.89249	0	1	160	FullDelay	1.77974	1.77974e+06	1	4
3.93116	0	1	162	LastDelay	1.80476	1.80476e+06	1	4
3.93116	0	1	162	FullDelay	1.80476	1.80476e+06	1	4
3.94022	0	1	163	LastDelay	1.80699	1.80699e+06	1	4
3.94022	0	1	163	FullDelay	1.80699	1.80699e+06	1	4
3.95373	0	1	164	LastDelay	1.81368	1.81368e+06	1	4
3.95373	0	1	164	FullDelay	1.81368	1.81368e+06	1	4
3.96621	0	1	165	LastDelay	1.81933	1.81933e+06	1	4
3.96621	0	1	165	FullDelay	1.81933	1.81933e+06	1	4
3.97615	0	1	166	LastDelay	1.82245	1.82245e+06	1	4
3.97615	0	1	166	FullDelay	1.82245	1.82245e+06	1	4
3.98537	0	1	167	LastDelay	1.82484	1.82484e+06	1	4
3.98537	0	1	167	FullDelay	1.82484	1.82484e+06	1	4
3.99855	0	1	168	LastDelay	1.83119	1.83119e+06	1	4
3.99855	0	1	168	FullDelay	1.83119	1.83119e+06	1	4
4.00763	0	1	169	LastDelay	1.83345	1.83345e+06	1	4
4.00763	0	1	169	FullDelay	1.83345	1.83345e+06	1	4
4.0303	0	1	170	LastDelay	1.84929	1.84929e+06	1	4
4.0303	0	1	170	FullDelay	1.84929	1.84929e+06	1	4
4.04551	0	1	171	LastDelay	1.85767	1.85767e+06	1	4
4.04551	0	1	171	FullDelay	1.85767	1.85767e+06	1	4
4.07958	0	1	23	LastDelay	1.87809	1.87809e+06	1	2
4.07958	0	1	23	FullDelay	2.92257	2.92257e+06	2	2
4.10557	0	1	173	LastDelay	1.89725	1.89725e+06	1	4
4.10557	0	1	173	FullDelay	1.89725	1.89725e+06	1	4
4.13343	0	1	174	LastDelay	1.91828	1.91828e+06	1	4
4.13343	0	1	174	FullDelay	1.91828	1.91828e+06	1	4
4.14371	0	1	175	LastDelay	1.92174	1.92174e+06	1	4
4.14371	0	1	175	FullDelay	1.92174	1.92174e+06	1	4
4.15652	0	1	176	LastDelay	1.92772	1.92772e+06	1	4
4.15652	0	1	176	FullDelay	1.92772	1.92772e+06	1	4
4.18877	0	1	178	LastDelay	1.94632	1.94632e+06	1	4
4.18877	0	1	178	FullDelay	1.94632	1.94632e+06	1	4
4.2203	0	1	180	LastDelay	1.9642	1.9642e+06	1	4
4.2203	0	1	180	FullDelay	1.9642	1.9642e+06	1	4
4.23025	0	1	181	LastDelay	1.96732	1.96732e+06	1	4
4.23025	0	1	181	FullDelay	1.96732	1.96732e+06	1	4
4.25513	0	1	182	LastDelay	1.98537	1.98537e+06	1	4
4.25513	0	1	182	FullDelay	1.98537	1.98537e+06	1	4
4.27239	0	1	183	LastDelay	1.9958	1.9958e+06	1	4
4.27239	0	1	183	FullDelay	1.9958	1.9958e+06	1	4
4.30598	0	1	184	LastDelay	2.02257	2.02257e+06	1	4
4.30598	0	1	184	FullDelay	2.02257	2.02257e+06	1	4
4.34765	0	1	187	LastDelay	2.04376	2.04376e+06	1	4
4.34765	0	1	187	FullDelay	2.04376	2.04376e+06	1	4
4.38545	0	1	188	LastDelay	2.07473	2.07473e+06	1	4
4.38545	0	1	188	FullDelay	2.07473	2.07473e+06	1	4
4.41473	0	1	190	LastDelay	2.09036	2.09036e+06	1	4
4.41473	0	1	190	FullDelay	2.09036	2.09036e+06	1	4
4.46193	0	1	191	LastDelay	2.13073	2.13073e+06	1	4
4.46193	0	1	191	FullDelay	2.13073	2.13073e+06	1	4
4.47254	0	1	192	LastDelay	2.13451	2.13451e+06	1	4
4.47254	0	1	192	FullDelay	2.13451	2.13451e+06	1	4
4.52882	0	1	194	LastDelay	2.16348	2.16348e+06	1	4
4.52882	0	1	194	FullDelay	2.16348	2.16348e+06	1	4
4.56411	0	1	196	LastDelay	2.18512	2.18512e+06	1	4
4.56411	0	1	196	FullDelay	2.18512	2.18512e+06	1	4
4.57317	0	1	197	LastDelay	2.18735	2.18735e+06	1	4
4.57317	0	1	197	FullDelay	2.18735	2.18735e+06	1	4
4.58662	0	1	198	LastDelay	2.19398	2.19398e+06	1	4
4.58662	0	1	198	FullDelay	2.19398	2.19398e+06	1	4
4.68555	0	1	201	LastDelay	2.25877	2.25877e+06	1	4
4.68555	0	1	201	FullDelay	2.25877	2.25877e+06	1	4
4.72436	0	1	204	LastDelay	2.27711	2.27711e+06	1	4
4.72436	0	1	204	FullDelay	2.27711	2.27711e+06	1	4
4.73517	0	1	205	LastDelay	2.28109	2.28109e+06	1	4
4.73517	0	1	205	FullDelay	2.28109	2.28109e+06	1	4
4.8062	0	1	208	LastDelay	2.33164	2.33164e+06	1	4
4.8062	0	1	208	FullDelay	2.33164	2.33164e+06	1	4
4.83541	0	1	209	LastDelay	2.35402	2.35402e+06	1	4
4.83541	0	1	209	FullDelay	2.35402	2.35402e+06	1	4
4.84449	0	1	210	LastDelay	2.35627	2.35627e+06	1	4
4.84449	0	1	210	FullDelay	2.35627	2.35627e+06	1	4
4.85969	0	1	211	LastDelay	2.36465	2.36465e+06	1	4
4.85969	0	1	211	FullDelay	2.36465	2.36465e+06	1	4
4.86958	0	1	212	LastDelay	2.36771	2.36771e+06	1	4
4.86958	0	1	212	FullDelay	2.36771	2.36771e+06	1	4
4.88301	0	1	213	LastDelay	2.37432	2.37432e+06	1	4
4.88301	0	1	213	FullDelay	2.37432	2.37432e+06	1	4
4.89737	0	1	214	LastDelay	2.38185	2.38185e+06	1	4
4.89737	0	1	214	FullDelay	2.38185	2.38185e+06	1	4
4.93053	0	1	215	LastDelay	2.40818	2.40818e+06	1	4
4.93053	0	1	215	FullDelay	2.40818	2.40818e+06	1	4
4.99072	0	1	219	LastDelay	2.44107	2.44107e+06	1	4
4.99072	0	1	219	FullDelay	2.44107	2.44107e+06	1	4
5.03022	0	1	221	LastDelay	2.46692	2.46692e+06	1	4
5.03022	0	1	221	FullDelay	2.46692	2.46692e+06	1	4
5.06134	0	1	223	LastDelay	2.48438	2.48438e+06	1	4
5.06134	0	1	223	FullDelay	2.48438	2.48438e+06	1	4
5.07131	0	1	224	LastDelay	2.48752	2.48752e+06	1	4
5.07131	0	1	224	FullDelay	2.48752	2.48752e+06	1	4
5.09573	0	1	225	LastDelay	2.50511	2.50511e+06	1	4
5.09573	0	1	225	FullDelay	2.50511	2.50511e+06	1	4
5.12658	0	1	226	LastDelay	2.52914	2.52914e+06	1	4
5.12658	0	1	226	FullDelay	2.52914	2.52914e+06	1	4
5.19103	0	1	229	LastDelay	2.56629	2.56629e+06	1	4
5.19103	0	1	229	FullDelay	2.56629	2.56629e+06	1	4
5.20616	0	1	230	LastDelay	2.57458	2.57458e+06	1	4
5.20616	0	1	230	FullDelay	2.57458	2.57458e+06	1	4
5.25478	0	1	233	LastDelay	2.60273	2.60273e+06	1	4
5.25478	0	1	233	FullDelay	2.60273	2.60273e+06	1	4
5.27343	0	1	234	LastDelay	2.61455	2.61455e+06	1	4
5.27343	0	1	234	FullDelay	2.61455	2.61455e+06	1	4
5.30615	0	1	235	LastDelay	2.64045	2.64045e+06	1	4
5.30615	0	1	235	FullDelay	2.64045	2.64045e+06	1	4
5.3246	0	1	238	LastDelay	2.63841	2.63841e+06	1	4
5.3246	0	1	238	FullDelay	2.63841	2.63841e+06	1	4
5.38937	0	1	242	LastDelay	2.67587	2.67587e+06	1	4
5.38937	0	1	242	FullDelay	2.67587	2.67587e+06	1	4
5.40001	0	1	245	LastDelay	2.66604	2.66604e+06	1	4
5.40001	0	1	245	FullDelay	2.66604	2.66604e+06	1	4
5.43185	0	1	249	LastDelay	2.66374	2.66374e+06	1	4
5.43185	0	1	249	FullDelay	2.66374	2.66374e+06	1	4
5.44436	0	1	250	LastDelay	2.66942	2.66942e+06	1	4
5.44436	0	1	250	FullDelay	2.66942	2.66942e+06	1	4
5.4543	0	1	251	LastDelay	2.67254	2.67254e+06	1	4
5.4543	0	1	251	FullDelay	2.67254	2.67254e+06	1	4
5.48174	0	1	256	LastDelay	2.66584	2.66584e+06	1	4
5.48174	0	1	256	FullDelay	2.66584	2.66584e+06	1	4
5.50586	0	1	259	LastDelay	2.66948	2.66948e+06	1	4
5.50586	0	1	259	FullDelay	2.66948	2.66948e+06	1	4
5.52263	0	1	263	LastDelay	2.65895	2.65895e+06	1	4
5.52263	0	1	263	FullDelay	2.65895	2.65895e+06	1	4
5.54105	0	1	266	LastDelay	2.65689	2.65689e+06	1	4
5.54105	0	1	266	FullDelay	2.65689	2.65689e+06	1	4
5.5729	0	1	270	LastDelay	2.66143	2.66143e+06	1	4
5.5729	0	1	270	FullDelay	2.66143	2.66143e+06	1	4
5.61658	0	1	278	LastDelay	2.64367	2.64367e+06	1	4
5.61658	0	1	278	FullDelay	2.64367	2.64367e+06	1	4
5.62792	0	1	279	LastDelay	2.64818	2.64818e+06	1	4
5.62792	0	1	279	FullDelay	2.64818	2.64818e+06	1	4
5.65849	0	1	281	LastDelay	2.66511	2.66511e+06	1	4
5.65849	0	1	281	FullDelay	2.66511	2.66511e+06	1	4
6.32284	0	1	368	LastDelay	2.68775	2.68775e+06	1	4
6.32284	0	1	368	FullDelay	2.68775	2.68775e+06	1	4
6.33826	0	1	370	LastDelay	2.68951	2.68951e+06	1	4
6.33826	0	1	370	FullDelay	2.68951	2.68951e+06	1	4
6.39782	0	1	375	LastDelay	2.70129	2.70129e+06	1	4
6.39782	0	1	375	FullDelay	2.70129	2.70129e+06	1	4
6.45992	0	1	385	LastDelay	2.69512	2.69512e+06	1	4
6.45992	0	1	385	FullDelay	2.69512	2.69512e+06	1	4
6.53441	0	1	389	LastDelay	2.7423	2.7423e+06	1	4
6.53441	0	1	389	FullDelay	2.7423	2.7423e+06	1	4
6.57796	0	1	391	LastDelay	2.75855	2.75855e+06	1	4
6.57796	0	1	391	FullDelay	2.75855	2.75855e+06	1	4
6.59861	0	1	393	LastDelay	2.76554	2.76554e+06	1	4
6.59861	0	1	393	FullDelay	2.76554	2.76554e+06	1	4
6.62641	0	1	400	LastDelay	2.73873	2.73873e+06	1	4
6.62641	0	1	400	FullDelay	2.73873	2.73873e+06	1	4
6.65972	0	1	403	LastDelay	2.75156	2.75156e+06	1	4
6.65972	0	1	403	FullDelay	2.75156	2.75156e+06	1	4
6.6784	0	1	405	LastDelay	2.75658	2.75658e+06	1	4
6.6784	0	1	405	FullDelay	2.75658	2.75658e+06	1	4
6.71977	0	1	407	LastDelay	2.78431	2.78431e+06	1	4
6.71977	0	1	407	FullDelay	2.78431	2.78431e+06	1	4
6.73391	0	1	409	LastDelay	2.78479	2.78479e+06	1	4
6.73391	0	1	409	FullDelay	2.78479	2.78479e+06	1	4
6.80015	0	1	420	LastDelay	2.76911	2.76911e+06	1	4
6.80015	0	1	420	FullDelay	2.76911	2.76911e+06	1	4
6.81241	0	1	421	LastDelay	2.77454	2.77454e+06	1	4
6.81241	0	1	421	FullDelay	2.77454	2.77454e+06	1	4
6.86569	0	1	428	LastDelay	2.76638	2.76638e+06	1	4
6.86569	0	1	428	FullDelay	2.76638	2.76638e+06	1	4
6.8825	0	1	429	LastDelay	2.77637	2.77637e+06	1	4
6.8825	0	1	429	FullDelay	2.77637	2.77637e+06	1	4
6.97252	0	1	439	LastDelay	2.79812	2.79812e+06	1	4
6.97252	0	1	439	FullDelay	2.79812	2.79812e+06	1	4
7.00772	0	1	442	LastDelay	2.81284	2.81284e+06	1	4
7.00772	0	1	442	FullDelay	2.81284	2.81284e+06	1	4
7.04826	0	1	444	LastDelay	2.82607	2.82607e+06	1	4
7.04826	0	1	444	FullDelay	2.82607	2.82607e+06	1	4
7.10688	0	1	453	LastDelay	2.82326	2.82326e+06	1	4
7.10688	0	1	453	FullDelay	2.82326	2.82326e+06	1	4
7.1342	0	1	456	LastDelay	2.82326	2.82326e+06	1	4
7.1342	0	1	456	FullDelay	2.82326	2.82326e+06	1	4
7.21646	0	1	468	LastDelay	2.82361	2.82361e+06	1	4
7.21646	0	1	468	FullDelay	2.82361	2.82361e+06	1	4
7.2693	0	1	477	LastDelay	2.81501	2.81501e+06	1	4
7.2693	0	1	477	FullDelay	2.81501	2.81501e+06	1	4
7.28816	0	1	479	LastDelay	2.82021	2.82021e+06	1	4
7.28816	0	1	479	FullDelay	2.82021	2.82021e+06	1	4
7.29815	0	1	480	LastDelay	2.82338	2.82338e+06	1	4
7.29815	0	1	480	FullDelay	2.82338	2.82338e+06	1	4
7.32367	0	1	481	LastDelay	2.84207	2.84207e+06	1	4
7.32367	0	1	481	FullDelay	2.84207	2.84207e+06	1	4
7.36705	0	1	485	LastDelay	2.85815	2.85815e+06	1	4
7.36705	0	1	485	FullDelay	2.85815	2.85815e+06	1	4
7.46747	0	1	504	LastDelay	2.82885	2.82885e+06	1	4
7.46747	0	1	504	FullDelay	2.82885	2.82885e+06	1	4
7.50071	0	1	506	LastDelay	2.84162	2.84162e+06	1	4
7.50071	0	1	506	FullDelay	2.84162	2.84162e+06	1	4
7.55425	0	1	509	LastDelay	2.87468	2.87468e+06	1	4
7.55425	0	1	509	FullDelay	2.87468	2.87468e+06	1	4
7.61056	0	1	512	LastDelay	2.9105	2.9105e+06	1	4
7.61056	0	1	512	FullDelay	2.9105	2.9105e+06	1	4
7.63285	0	1	513	LastDelay	2.92597	2.92597e+06	1	4
7.63285	0	1	513	FullDelay	2.92597	2.92597e+06	1	4
7.64947	0	1	514	LastDelay	2.93576	2.93576e+06	1	4
7.64947	0	1	514	FullDelay	2.93576	2.93576e+06	1	4
7.66371	0	1	515	LastDelay	2.94317	2.94317e+06	1	4
7.66371	0	1	515	FullDelay	2.94317	2.94317e+06	1	4
7.67638	0	1	517	LastDelay	2.94219	2.94219e+06	1	4
7.67638	0	1	517	FullDelay	2.94219	2.94219e+06	1	4
7.72842	0	1	526	LastDelay	2.93279	2.93279e+06	1	4
7.72842	0	1	526	FullDelay	2.93279	2.93279e+06	1	4
7.79962	0	1	531	LastDelay	2.96303	2.96303e+06	1	4
7.79962	0	1	531	FullDelay	2.96303	2.96303e+06	1	4
7.80881	0	1	534	LastDelay	2.95174	2.95174e+06	1	4
7.80881	0	1	534	FullDelay	2.95174	2.95174e+06	1	4
7.85064	0	1	538	LastDelay	2.96627	2.96627e+06	1	4
7.85064	0	1	538	FullDelay	2.96627	2.96627e+06	1	4
7.91102	0	1	543	LastDelay	2.98568	2.98568e+06	1	4
7.91102	0	1	543	FullDelay	2.98568	2.98568e+06	1	4
7.93514	0	1	547	LastDelay	2.97567	2.97567e+06	1	4
7.93514	0	1	547	FullDelay	2.97567	2.97567e+06	1	4
7.95316	0	1	548	LastDelay	2.98687	2.98687e+06	1	4
7.95316	0	1	548	FullDelay	2.98687	2.98687e+06	1	4
8.00225	0	1	552	LastDelay	3.00865	3.00865e+06	1	4
8.00225	0	1	552	FullDelay	3.00865	3.00865e+06	1	4
8.02795	0	1	554	LastDelay	3.01388	3.01388e+06	1	4
8.02795	0	1	554	FullDelay	3.01388	3.01388e+06	1	4
8.04223	0	1	555	LastDelay	3.02133	3.02133e+06	1	4
8.04223	0	1	555	FullDelay	3.02133	3.02133e+06	1	4
8.05317	0	1	556	LastDelay	3.02544	3.02544e+06	1	4
8.05317	0	1	556	FullDelay	3.02544	3.02544e+06	1	4
8.08778	0	1	558	LastDelay	3.04639	3.04639e+06	1	4
8.08778	0	1	558	FullDelay	3.04639	3.04639e+06	1	4
8.10307	0	1	559	LastDelay	3.05486	3.05486e+06	1	4
8.10307	0	1	559	FullDelay	3.05486	3.05486e+06	1	4
8.1407	0	1	566	LastDelay	3.0447	3.0447e+06	1	4
8.1407	0	1	566	FullDelay	3.0447	3.0447e+06	1	4
8.16315	0	1	569	LastDelay	3.04667	3.04667e+06	1	4
8.16315	0	1	569	FullDelay	3.04667	3.04667e+06	1	4
8.1818	0	1	570	LastDelay	3.05849	3.05849e+06	1	4
8.1818	0	1	570	FullDelay	3.05849	3.05849e+06	1	4
8.24514	0	1	580	LastDelay	3.05356	3.05356e+06	1	4
8.24514	0	1	580	FullDelay	3.05356	3.05356e+06	1	4
8.34083	0	1	593	LastDelay	3.05368	3.05368e+06	1	4
8.34083	0	1	593	FullDelay	3.05368	3.05368e+06	1	4
8.36421	0	1	595	LastDelay	3.06342	3.06342e+06	1	4
8.36421	0	1	595	FullDelay	3.06342	3.06342e+06	1	4
8.37923	0	1	596	LastDelay	3.0716	3.0716e+06	1	4
8.37923	0	1	596	FullDelay	3.0716	3.0716e+06	1	4
8.38829	0	1	597	LastDelay	3.07384	3.07384e+06	1	4
8.38829	0	1	597	FullDelay	3.07384	3.07384e+06	1	4
8.39996	0	1	598	LastDelay	3.07868	3.07868e+06	1	4
8.39996	0	1	598	FullDelay	3.07868	3.07868e+06	1	4
8.50097	0	1	614	LastDelay	3.05681	3.05681e+06	1	4
8.50097	0	1	614	FullDelay	3.05681	3.05681e+06	1	4
8.54802	0	1	616	LastDelay	3.04925	3.04925e+06	1	4
8.54802	0	1	616	FullDelay	3.04925	3.04925e+06	1	4
8.85594	0	1	622	LastDelay	3.02949	3.02949e+06	1	4
8.85594	0	1	622	FullDelay	3.02949	3.02949e+06	1	4
8.8968	0	1	632	LastDelay	3.00208	3.00208e+06	1	4
8.8968	0	1	632	FullDelay	3.00208	3.00208e+06	1	4
8.92277	0	1	635	LastDelay	3.00757	3.00757e+06	1	4
8.92277	0	1	635	FullDelay	3.00757	3.00757e+06	1	4
8.93194	0	1	636	LastDelay	3.00991	3.00991e+06	1	4
8.93194	0	1	636	FullDelay	3.00991	3.00991e+06	1	4
8.99197	0	1	643	LastDelay	3.02216	3.02216e+06	1	4
8.99197	0	1	643	FullDelay	3.02216	3.02216e+06	1	4
9.02987	0	1	645	LastDelay	3.0464	3.0464e+06	1	4
9.02987	0	1	645	FullDelay	3.0464	3.0464e+06	1	4
9.08331	0	1	650	LastDelay	3.06571	3.06571e+06	1	4
9.08331	0	1	650	FullDelay	3.06571	3.06571e+06	1	4
9.2264	0	1	660	LastDelay	3.14054	3.14054e+06	1	4
9.2264	0	1	660	FullDelay	3.14054	3.14054e+06	1	4
9.3738	0	1	672	LastDelay	3.20602	3.20602e+06	1	4
9.3738	0	1	672	FullDelay	3.20602	3.20602e+06	1	4
9.38839	0	1	673	LastDelay	3.21378	3.21378e+06	1	4
9.38839	0	1	673	FullDelay	3.21378	3.21378e+06	1	4
12.7509	0	1	1226	LastDelay	0.12504	125040	1	4
12.7509	0	1	1226	FullDelay	0.12504	125040	1	4
12.7677	0	1	1227	LastDelay	0.13509	135090	1	4
12.7677	0	1	1227	FullDelay	0.13509	135090	1	4
12.79	0	1	1228	LastDelay	0.150507	150507	1	4
12.79	0	1	1228	FullDelay	0.150507	150507	1	4
12.8389	0	1	1230	LastDelay	0.185733	185733	1	4
12.8389	0	1	1230	FullDelay	0.185733	185733	1	4
12.8757	0	1	1232	LastDelay	0.208976	208976	1	4
12.8757	0	1	1232	FullDelay	0.208976	208976	1	4
12.9031	0	1	1233	LastDelay	0.229509	229509	1	4
12.9031	0	1	1233	FullDelay	0.229509	229509	1	4
12.9194	0	1	1234	LastDelay	0.238963	238963	1	4
12.9194	0	1	1234	FullDelay	0.238963	238963	1	4
12.9682	0	1	1235	LastDelay	0.280967	280967	1	4
12.9682	0	1	1235	FullDelay	0.280967	280967	1	4
12.9815	0	1	1236	LastDelay	0.287392	287392	1	4
12.9815	0	1	1236	FullDelay	0.287392	287392	1	4
12.9914	0	1	1237	LastDelay	0.290518	290518	1	4
12.9914	0	1	1237	FullDelay	0.290518	290518	1	4
13.0032	0	1	1238	LastDelay	0.295418	295418	1	4
13.0032	0	1	1238	FullDelay	0.295418	295418	1	4
13.0122	0	1	1239	LastDelay	0.297677	297677	1	4
13.0122	0	1	1239	FullDelay	0.297677	297677	1	4
13.0632	0	1	1240	LastDelay	0.341813	341813	1	4
13.0632	0	1	1240	FullDelay	0.341813	341813	1	4
13.077	0	1	1241	LastDelay	0.348805	348805	1	4
13.077	0	1	1241	FullDelay	0.348805	348805	1	4
13.1256	0	1	1242	LastDelay	0.390599	390599	1	4
13.1256	0	1	1242	FullDelay	0.390599	390599	1	4
13.1395	0	1	1243	LastDelay	0.397658	397658	1	4
13.1395	0	1	1243	FullDelay	0.397658	397658	1	4
13.1574	0	1	1244	LastDelay	0.40868	408680	1	4
13.1574	0	1	1244	FullDelay	0.40868	408680	1	4
13.169	0	1	1245	LastDelay	0.413471	413471	1	4
13.169	0	1	1245	FullDelay	0.413471	413471	1	4
13.1949	0	1	1246	LastDelay	0.43255	432550	1	4
13.1949	0	1	1246	FullDelay	0.43255	432550	1	4
13.2117	0	1	1247	LastDelay	0.442527	442527	1	4
13.2117	0	1	1247	FullDelay	0.442527	442527	1	4
13.2569	0	1	1248	LastDelay	0.480929	480929	1	4
13.2569	0	1	1248	FullDelay	0.480929	480929	1	4
13.2821	0	1	1249	LastDelay	0.499297	499297	1	4
13.2821	0	1	1249	FullDelay	0.499297	499297	1	4
13.3138	0	1	1250	LastDelay	0.524141	524141	1	4
13.3138	0	1	1250	FullDelay	0.524141	524141	1	4
13.3229	0	1	1251	LastDelay	0.5264	526400	1	4
13.3229	0	1	1251	FullDelay	0.5264	526400	1	4
13.3485	0	1	1252	LastDelay	0.545207	545207	1	4
13.3485	0	1	1252	FullDelay	0.545207	545207	1	4
13.3754	0	1	1254	LastDelay	0.558463	558463	1	4
13.3754	0	1	1254	FullDelay	0.558463	558463	1	4
13.3845	0	1	1255	LastDelay	0.560763	560763	1	4
13.3845	0	1	1255	FullDelay	0.560763	560763	1	4
13.3946	0	1	1256	LastDelay	0.563989	563989	1	4
13.3946	0	1	1256	FullDelay	0.563989	563989	1	4
13.4091	0	1	1257	LastDelay	0.571667	571667	1	4
13.4091	0	1	1257	FullDelay	0.571667	571667	1	4
13.4244	0	1	1258	LastDelay	0.580111	580111	1	4
13.4244	0	1	1258	FullDelay	0.580111	580111	1	4
13.4343	0	1	1259	LastDelay	0.583257	583257	1	4
13.4343	0	1	1259	FullDelay	0.583257	583257	1	4
13.4512	0	1	1260	LastDelay	0.593293	593293	1	4
13.4512	0	1	1260	FullDelay	0.593293	593293	1	4
13.4676	0	1	1261	LastDelay	0.602843	602843	1	4
13.4676	0	1	1261	FullDelay	0.602843	602843	1	4
13.499	0	1	1262	LastDelay	0.627418	627418	1	4
13.499	0	1	1262	FullDelay	0.627418	627418	1	4
13.5703	0	1	1263	LastDelay	0.691919	691919	1	4
13.5703	0	1	1263	FullDelay	0.691919	691919	1	4
13.6338	0	1	1264	LastDelay	0.748545	748545	1	4
13.6338	0	1	1264	FullDelay	0.748545	748545	1	4
13.6439	0	1	1265	LastDelay	0.751831	751831	1	4
13.6439	0	1	1265	FullDelay	0.751831	751831	1	4
13.6614	0	1	1266	LastDelay	0.762539	762539	1	4
13.6614	0	1	1266	FullDelay	0.762539	762539	1	4
13.6731	0	1	1267	LastDelay	0.767377	767377	1	4
13.6731	0	1	1267	FullDelay	0.767377	767377	1	4
13.7407	0	1	1268	LastDelay	0.828143	828143	1	4
13.7407	0	1	1268	FullDelay	0.828143	828143	1	4
13.753	0	1	1269	LastDelay	0.833673	833673	1	4
13.753	0	1	1269	FullDelay	0.833673	833673	1	4
13.7847	0	1	1270	LastDelay	0.85851	858510	1	4
13.7847	0	1	1270	FullDelay	0.85851	858510	1	4
13.8105	0	1	1271	LastDelay	0.877478	877478	1	4
13.8105	0	1	1271	FullDelay	0.877478	877478	1	4
13.8295	0	1	1272	LastDelay	0.889674	889674	1	4
13.8295	0	1	1272	FullDelay	0.889674	889674	1	4
13.8503	0	1	1273	LastDelay	0.90368	903680	1	4
13.8503	0	1	1273	FullDelay	0.90368	903680	1	4
13.8695	0	1	1274	LastDelay	0.916013	916013	1	4
13.8695	0	1	1274	FullDelay	0.916013	916013	1	4
13.9307	0	1	1275	LastDelay	0.970419	970419	1	4
13.9307	0	1	1275	FullDelay	0.970419	970419	1	4
13.9522	0	1	1276	LastDelay	0.985009	985009	1	4
13.9522	0	1	1276	FullDelay	0.985009	985009	1	4
13.9684	0	1	1277	LastDelay	0.994457	994457	1	4
13.9684	0	1	1277	FullDelay	0.994457	994457	1	4
13.9991	0	1	1278	LastDelay	1.01835	1.01835e+06	1	4
13.9991	0	1	1278	FullDelay	1.01835	1.01835e+06	1	4
14.0192	0	1	1279	LastDelay	1.03157	1.03157e+06	1	4
14.0192	0	1	1279	FullDelay	1.03157	1.03157e+06	1	4
14.0294	0	1	1280	LastDelay	1.03498	1.03498e+06	1	4
14.0294	0	1	1280	FullDelay	1.03498	1.03498e+06	1	4
14.0403	0	1	6	LastDelay	1.03901	1.03901e+06	1	4
14.0403	0	1	6	FullDelay	12.9993	1.29993e+07	5	4
14.0941	0	1	49	LastDelay	1.08595	1.08595e+06	1	4
14.0941	0	1	49	FullDelay	12.7596	1.27596e+07	4	4
14.1494	0	1	58	LastDelay	1.13443	1.13443e+06	1	4
14.1494	0	1	58	FullDelay	12.7534	1.27534e+07	4	4
14.1772	0	1	68	LastDelay	1.1486	1.1486e+06	1	4
14.1772	0	1	68	FullDelay	12.713	1.2713e+07	4	4
14.1886	0	1	73	LastDelay	1.15316	1.15316e+06	1	4
14.1886	0	1	73	FullDelay	12.6902	1.26902e+07	4	4
14.2019	0	1	78	LastDelay	1.15966	1.15966e+06	1	4
14.2019	0	1	78	FullDelay	12.6694	1.26694e+07	4	4
14.2365	0	1	88	LastDelay	1.18742	1.18742e+06	1	4
14.2365	0	1	88	FullDelay	12.6357	1.26357e+07	4	4
14.2465	0	1	89	LastDelay	1.19062	1.19062e+06	1	4
14.2465	0	1	89	FullDelay	12.6389	1.26389e+07	4	4
14.4274	0	1	96	LastDelay	1.36466	1.36466e+06	1	4
14.4274	0	1	96	FullDelay	12.772	1.2772e+07	4	4
14.4583	0	1	97	LastDelay	1.38877	1.38877e+06	1	4
14.4583	0	1	97	FullDelay	12.7961	1.27961e+07	4	4
14.4768	0	1	99	LastDelay	1.40044	1.40044e+06	1	4
14.4768	0	1	99	FullDelay	12.801	1.2801e+07	4	4
14.5503	0	1	112	LastDelay	1.46027	1.46027e+06	1	4
14.5503	0	1	112	FullDelay	12.7857	1.27857e+07	4	4
14.5827	0	1	28	LastDelay	1.47906	1.47906e+06	1	4
14.5827	0	1	28	FullDelay	13.3916	1.33916e+07	5	4
14.6252	0	1	29	LastDelay	1.51465	1.51465e+06	1	4
14.6252	0	1	29	FullDelay	13.4272	1.34272e+07	5	4
14.6772	0	1	33	LastDelay	1.55304	1.55304e+06	1	4
14.6772	0	1	33	FullDelay	13.4519	1.34519e+07	5	4
14.7418	0	1	39	LastDelay	1.61078	1.61078e+06	1	4
14.7418	0	1	39	FullDelay	13.4755	1.34755e+07	5	4
14.7551	0	1	43	LastDelay	1.61728	1.61728e+06	1	4
14.7551	0	1	43	FullDelay	13.4615	1.34615e+07	5	4
14.765	0	1	132	LastDelay	1.62034	1.62034e+06	1	4
14.765	0	1	132	FullDelay	12.857	1.2857e+07	4	4
14.8007	0	1	135	LastDelay	1.64919	1.64919e+06	1	4
14.8007	0	1	135	FullDelay	12.8722	1.28722e+07	4	4
14.8132	0	1	137	LastDelay	1.65493	1.65493e+06	1	4
14.8132	0	1	137	FullDelay	12.8711	1.28711e+07	4	4
14.8601	0	1	143	LastDelay	1.695	1.695e+06	1	4
14.8601	0	1	143	FullDelay	12.8703	1.28703e+07	4	4
14.8701	0	1	145	LastDelay	1.69818	1.69818e+06	1	4
14.8701	0	1	145	FullDelay	12.8598	1.28598e+07	4	4
14.8827	0	1	148	LastDelay	1.70394	1.70394e+06	1	4
14.8827	0	1	148	FullDelay	12.8519	1.28519e+07	4	4
14.9506	0	1	158	LastDelay	1.75817	1.75817e+06	1	4
14.9506	0	1	158	FullDelay	12.8515	1.28515e+07	4	4
14.9988	0	1	161	LastDelay	1.79956	1.79956e+06	1	4
14.9988	0	1	161	FullDelay	12.8792	1.28792e+07	4	4
15.0126	0	1	172	LastDelay	1.80654	1.80654e+06	1	4
15.0126	0	1	172	FullDelay	12.818	1.2818e+07	4	4
15.0386	0	1	177	LastDelay	1.82572	1.82572e+06	1	4
15.0386	0	1	177	FullDelay	12.803	1.2803e+07	4	4
15.1495	0	1	179	LastDelay	1.92975	1.92975e+06	1	4
15.1495	0	1	179	FullDelay	12.9002	1.29002e+07	4	4
15.1681	0	1	185	LastDelay	1.94155	1.94155e+06	1	4
15.1681	0	1	185	FullDelay	12.8779	1.28779e+07	4	4
15.2197	0	1	186	LastDelay	1.98629	1.98629e+06	1	4
15.2197	0	1	186	FullDelay	12.9226	1.29226e+07	4	4
33.6848	0	1	3287	LastDelay	0.394622	394622	1	4
33.6848	0	1	3287	FullDelay	0.394622	394622	1	4
33.7071	0	1	3288	LastDelay	0.410119	410119	1	4
33.7071	0	1	3288	FullDelay	0.410119	410119	1	4
33.7189	0	1	3289	LastDelay	0.415079	415079	1	4
33.7189	0	1	3289	FullDelay	0.415079	415079	1	4
33.7306	0	1	3290	LastDelay	0.420019	420019	1	4
33.7306	0	1	3290	FullDelay	0.420019	420019	1	4
33.7645	0	1	3291	LastDelay	0.447036	447036	1	4
33.7645	0	1	3291	FullDelay	0.447036	447036	1	4
33.8009	0	1	3292	LastDelay	0.476626	476626	1	4
33.8009	0	1	3292	FullDelay	0.476626	476626	1	4
33.8796	0	1	3293	LastDelay	0.548507	548507	1	4
33.8796	0	1	3293	FullDelay	0.548507	548507	1	4
33.8958	0	1	3294	LastDelay	0.557931	557931	1	4
33.8958	0	1	3294	FullDelay	0.557931	557931	1	4
33.9349	0	1	3296	LastDelay	0.583306	583306	1	4
33.9349	0	1	3296	FullDelay	0.583306	583306	1	4
33.964	0	1	3297	LastDelay	0.605595	605595	1	4
33.964	0	1	3297	FullDelay	0.605595	605595	1	4
34.0078	0	1	3298	LastDelay	0.642624	642624	1	4
34.0078	0	1	3298	FullDelay	0.642624	642624	1	4
34.0213	0	1	3299	LastDelay	0.649276	649276	1	4
34.0213	0	1	3299	FullDelay	0.649276	649276	1	4
34.0609	0	1	3300	LastDelay	0.682011	682011	1	4
34.0609	0	1	3300	FullDelay	0.682011	682011	1	4
34.0954	0	1	3301	LastDelay	0.709721	709721	1	4
34.0954	0	1	3301	FullDelay	0.709721	709721	1	4
34.1071	0	1	3302	LastDelay	0.714581	714581	1	4
34.1071	0	1	3302	FullDelay	0.714581	714581	1	4
34.1234	0	1	3303	LastDelay	0.724019	724019	1	4
34.1234	0	1	3303	FullDelay	0.724019	724019	1	4
34.1513	0	1	3304	LastDelay	0.745151	745151	1	4
34.1513	0	1	3304	FullDelay	0.745151	745151	1	4
34.1621	0	1	3305	LastDelay	0.749103	749103	1	4
34.1621	0	1	3305	FullDelay	0.749103	749103	1	4
34.1712	0	1	3306	LastDelay	0.751343	751343	1	4
34.1712	0	1	3306	FullDelay	0.751343	751343	1	4
34.2053	0	1	3307	LastDelay	0.778681	778681	1	4
34.2053	0	1	3307	FullDelay	0.778681	778681	1	4
34.2247	0	1	3308	LastDelay	0.791213	791213	1	4
34.2247	0	1	3308	FullDelay	0.791213	791213	1	4
34.2356	0	1	3309	LastDelay	0.795283	795283	1	4
34.2356	0	1	3309	FullDelay	0.795283	795283	1	4
34.2465	0	1	3310	LastDelay	0.799316	799316	1	4
34.2465	0	1	3310	FullDelay	0.799316	799316	1	4
34.2735	0	1	3311	LastDelay	0.819482	819482	1	4
34.2735	0	1	3311	FullDelay	0.819482	819482	1	4
34.2895	0	1	3312	LastDelay	0.828657	828657	1	4
34.2895	0	1	3312	FullDelay	0.828657	828657	1	4
34.3139	0	1	3313	LastDelay	0.846266	846266	1	4
34.3139	0	1	3313	FullDelay	0.846266	846266	1	4
34.3272	0	1	3314	LastDelay	0.852797	852797	1	4
34.3272	0	1	3314	FullDelay	0.852797	852797	1	4
34.3625	0	1	3315	LastDelay	0.881268	881268	1	4
34.3625	0	1	3315	FullDelay	0.881268	881268	1	4
34.4004	0	1	3317	LastDelay	0.905502	905502	1	4
34.4004	0	1	3317	FullDelay	0.905502	905502	1	4
34.4156	0	1	3318	LastDelay	0.913883	913883	1	4
34.4156	0	1	3318	FullDelay	0.913883	913883	1	4
34.4732	0	1	3320	LastDelay	0.957817	957817	1	4
34.4732	0	1	3320	FullDelay	0.957817	957817	1	4
34.4874	0	1	3321	LastDelay	0.965189	965189	1	4
34.4874	0	1	3321	FullDelay	0.965189	965189	1	4
34.5053	0	1	3322	LastDelay	0.976194	976194	1	4
34.5053	0	1	3322	FullDelay	0.976194	976194	1	4
34.5187	0	1	3323	LastDelay	0.982765	982765	1	4
34.5187	0	1	3323	FullDelay	0.982765	982765	1	4
34.5287	0	1	3324	LastDelay	0.985992	985992	1	4
34.5287	0	1	3324	FullDelay	0.985992	985992	1	4
34.5405	0	1	3325	LastDelay	0.990951	990951	1	4
34.5405	0	1	3325	FullDelay	0.990951	990951	1	4
34.5697	0	1	3326	LastDelay	1.01328	1.01328e+06	1	4
34.5697	0	1	3326	FullDelay	1.01328	1.01328e+06	1	4
34.58	0	1	3327	LastDelay	1.01679	1.01679e+06	1	4
34.58	0	1	3327	FullDelay	1.01679	1.01679e+06	1	4
34.5964	0	1	3328	LastDelay	1.02637	1.02637e+06	1	4
34.5964	0	1	3328	FullDelay	1.02637	1.02637e+06	1	4
34.619	0	1	3329	LastDelay	1.04217	1.04217e+06	1	4
34.619	0	1	3329	FullDelay	1.04217	1.04217e+06	1	4
34.6311	0	1	3330	LastDelay	1.04739	1.04739e+06	1	4
34.6311	0	1	3330	FullDelay	1.04739	1.04739e+06	1	4
34.6494	0	1	3331	LastDelay	1.05886	1.05886e+06	1	4
34.6494	0	1	3331	FullDelay	1.05886	1.05886e+06	1	4
34.6631	0	1	3332	LastDelay	1.06572	1.06572e+06	1	4
34.6631	0	1	3332	FullDelay	1.06572	1.06572e+06	1	4
34.708	0	1	3334	LastDelay	1.09701	1.09701e+06	1	4
34.708	0	1	3334	FullDelay	1.09701	1.09701e+06	1	4
34.8059	0	1	3335	LastDelay	1.18806	1.18806e+06	1	4
34.8059	0	1	3335	FullDelay	1.18806	1.18806e+06	1	4
34.8159	0	1	3336	LastDelay	1.19125	1.19125e+06	1	4
34.8159	0	1	3336	FullDelay	1.19125	1.19125e+06	1	4
34.8928	0	1	3338	LastDelay	1.25451	1.25451e+06	1	4
34.8928	0	1	3338	FullDelay	1.25451	1.25451e+06	1	4
34.9066	0	1	3339	LastDelay	1.26145	1.26145e+06	1	4
34.9066	0	1	3339	FullDelay	1.26145	1.26145e+06	1	4
34.9226	0	1	3340	LastDelay	1.27066	1.27066e+06	1	4
34.9226	0	1	3340	FullDelay	1.27066	1.27066e+06	1	4
34.9317	0	1	3341	LastDelay	1.2729	1.2729e+06	1	4
34.9317	0	1	3341	FullDelay	1.2729	1.2729e+06	1	4
34.9508	0	1	3342	LastDelay	1.28521	1.28521e+06	1	4
34.9508	0	1	3342	FullDelay	1.28521	1.28521e+06	1	4
34.9742	0	1	3343	LastDelay	1.30174	1.30174e+06	1	4
34.9742	0	1	3343	FullDelay	1.30174	1.30174e+06	1	4
34.9854	0	1	3344	LastDelay	1.30614	1.30614e+06	1	4
34.9854	0	1	3344	FullDelay	1.30614	1.30614e+06	1	4
35.0332	0	1	3346	LastDelay	1.34031	1.34031e+06	1	4
35.0332	0	1	3346	FullDelay	1.34031	1.34031e+06	1	4
35.0455	0	1	3347	LastDelay	1.34578	1.34578e+06	1	4
35.0455	0	1	3347	FullDelay	1.34578	1.34578e+06	1	4
35.0546	0	1	32	LastDelay	1.34805	1.34805e+06	1	4
35.0546	0	1	32	FullDelay	33.8362	3.38362e+07	6	4
35.0695	0	1	61	LastDelay	1.35617	1.35617e+06	1	4
35.0695	0	1	61	FullDelay	33.6531	3.36531e+07	6	4
35.0846	0	1	100	LastDelay	1.36441	1.36441e+06	1	4
35.0846	0	1	100	FullDelay	33.402	3.3402e+07	6	4
35.1071	0	1	123	LastDelay	1.38007	1.38007e+06	1	4
35.1071	0	1	123	FullDelay	33.2674	3.32674e+07	6	4
35.1263	0	1	151	LastDelay	1.3924	1.3924e+06	1	4
35.1263	0	1	151	FullDelay	33.075	3.3075e+07	5	4
35.202	0	1	189	LastDelay	1.46136	1.46136e+06	1	4
35.202	0	1	189	FullDelay	32.8845	3.28845e+07	5	4
35.2198	0	1	193	LastDelay	1.47228	1.47228e+06	1	4
35.2198	0	1	193	FullDelay	32.8749	3.28749e+07	5	4
35.2378	0	1	195	LastDelay	1.48346	1.48346e+06	1	4
35.2378	0	1	195	FullDelay	32.8656	3.28656e+07	5	4
35.2626	0	1	199	LastDelay	1.50144	1.50144e+06	1	4
35.2626	0	1	199	FullDelay	32.8631	3.28631e+07	5	4
35.2788	0	1	200	LastDelay	1.51079	1.51079e+06	1	4
35.2788	0	1	200	FullDelay	32.8588	3.28588e+07	5	4
35.3207	0	1	202	LastDelay	1.54589	1.54589e+06	1	4
35.3207	0	1	202	FullDelay	32.8871	3.28871e+07	5	4
35.3443	0	1	203	LastDelay	1.56266	1.56266e+06	1	4
35.3443	0	1	203	FullDelay	32.9039	3.29039e+07	5	4
35.3762	0	1	207	LastDelay	1.58094	1.58094e+06	1	4
35.3762	0	1	207	FullDelay	32.9085	3.29085e+07	5	4
35.3889	0	1	216	LastDelay	1.58674	1.58674e+06	1	4
35.3889	0	1	216	FullDelay	32.8597	3.28597e+07	5	4
35.4394	0	1	217	LastDelay	1.63049	1.63049e+06	1	4
35.4394	0	1	217	FullDelay	32.9034	3.29034e+07	5	4
35.4494	0	1	218	LastDelay	1.63362	1.63362e+06	1	4
35.4494	0	1	218	FullDelay	32.9066	3.29066e+07	5	4
35.472	0	1	220	LastDelay	1.64936	1.64936e+06	1	4
35.472	0	1	220	FullDelay	32.9155	3.29155e+07	5	4
35.4872	0	1	222	LastDelay	1.65775	1.65775e+06	1	4
35.4872	0	1	222	FullDelay	32.9171	3.29171e+07	5	4
35.5026	0	1	227	LastDelay	1.66635	1.66635e+06	1	4
35.5026	0	1	227	FullDelay	32.8915	3.28915e+07	5	4
35.5177	0	1	228	LastDelay	1.67456	1.67456e+06	1	4
35.5177	0	1	228	FullDelay	32.8997	3.28997e+07	5	4
35.5491	0	1	232	LastDelay	1.6924	1.6924e+06	1	4
35.5491	0	1	232	FullDelay	32.9039	3.29039e+07	5	4
35.5692	0	1	236	LastDelay	1.70564	1.70564e+06	1	4
35.5692	0	1	236	FullDelay	32.8967	3.28967e+07	5	4
35.6106	0	1	237	LastDelay	1.74019	1.74019e+06	1	4
35.6106	0	1	237	FullDelay	32.9312	3.29312e+07	5	4
35.6218	0	1	239	LastDelay	1.74461	1.74461e+06	1	4
35.6218	0	1	239	FullDelay	32.9288	3.29288e+07	5	4
35.6512	0	1	240	LastDelay	1.76711	1.76711e+06	1	4
35.6512	0	1	240	FullDelay	32.9513	3.29513e+07	5	4
35.699	0	1	241	LastDelay	1.80814	1.80814e+06	1	4
35.699	0	1	241	FullDelay	32.9923	3.29923e+07	5	4
35.7293	0	1	243	LastDelay	1.83157	1.83157e+06	1	4
35.7293	0	1	243	FullDelay	33.0089	3.30089e+07	5	4
35.7588	0	1	244	LastDelay	1.85426	1.85426e+06	1	4
35.7588	0	1	244	FullDelay	33.0316	3.30316e+07	5	4
35.7732	0	1	246	LastDelay	1.86187	1.86187e+06	1	4
35.7732	0	1	246	FullDelay	33.0324	3.30324e+07	5	4
35.8552	0	1	247	LastDelay	1.937	1.937e+06	1	4
35.8552	0	1	247	FullDelay	33.1076	3.31076e+07	5	4
35.8864	0	1	248	LastDelay	1.96135	1.96135e+06	1	4
35.8864	0	1	248	FullDelay	33.1251	3.31251e+07	5	4
35.9057	0	1	252	LastDelay	1.97382	1.97382e+06	1	4
35.9057	0	1	252	FullDelay	33.1171	3.31171e+07	5	4
35.919	0	1	253	LastDelay	1.9803	1.9803e+06	1	4
35.919	0	1	253	FullDelay	33.1236	3.31236e+07	5	4
51.147	0	1	2868	LastDelay	0.237264	237264	1	4
51.147	0	1	2868	FullDelay	20.7173	2.07173e+07	2	4
51.1965	0	1	2869	LastDelay	0.279931	279931	1	4
51.1965	0	1	2869	FullDelay	20.7599	2.07599e+07	2	4
51.2237	0	1	2871	LastDelay	0.293513	293513	1	4
51.2237	0	1	2871	FullDelay	20.7735	2.07735e+07	2	4
51.251	0	1	2872	LastDelay	0.313972	313972	1	4
51.251	0	1	2872	FullDelay	20.794	2.0794e+07	2	4
51.2832	0	1	2873	LastDelay	0.339297	339297	1	4
51.2832	0	1	2873	FullDelay	20.8193	2.08193e+07	2	4
51.3296	0	1	2874	LastDelay	0.378839	378839	1	4
51.3296	0	1	2874	FullDelay	20.8588	2.08588e+07	2	4
51.343	0	1	2875	LastDelay	0.385499	385499	1	4
51.343	0	1	2875	FullDelay	20.8655	2.08655e+07	2	4
51.3574	0	1	2876	LastDelay	0.393044	393044	1	4
51.3574	0	1	2876	FullDelay	20.873	2.0873e+07	2	4
51.3885	0	1	2877	LastDelay	0.417327	417327	1	4
51.3885	0	1	2877	FullDelay	20.8973	2.08973e+07	2	4
51.4103	0	1	2878	LastDelay	0.432264	432264	1	4
51.4103	0	1	2878	FullDelay	20.9123	2.09123e+07	2	4
51.425	0	1	2879	LastDelay	0.440114	440114	1	4
51.425	0	1	2879	FullDelay	20.9201	2.09201e+07	2	4
51.4504	0	1	2880	LastDelay	0.458724	458724	1	4
51.4504	0	1	2880	FullDelay	20.9387	2.09387e+07	2	4
51.4614	0	1	2881	LastDelay	0.462876	462876	1	4
51.4614	0	1	2881	FullDelay	20.9429	2.09429e+07	2	4
51.4717	0	1	2882	LastDelay	0.466335	466335	1	4
51.4717	0	1	2882	FullDelay	20.9463	2.09463e+07	2	4
51.4994	0	1	2883	LastDelay	0.487246	487246	1	4
51.4994	0	1	2883	FullDelay	20.9672	2.09672e+07	2	4
51.5423	0	1	2884	LastDelay	0.523326	523326	1	4
51.5423	0	1	2884	FullDelay	21.0033	2.10033e+07	2	4
51.5635	0	1	2885	LastDelay	0.537702	537702	1	4
51.5635	0	1	2885	FullDelay	21.0177	2.10177e+07	2	4
51.5828	0	1	2886	LastDelay	0.550134	550134	1	4
51.5828	0	1	2886	FullDelay	21.0301	2.10301e+07	2	4
51.6081	0	1	2887	LastDelay	0.568626	568626	1	4
51.6081	0	1	2887	FullDelay	21.0486	2.10486e+07	2	4
51.6304	0	1	2888	LastDelay	0.584111	584111	1	4
51.6304	0	1	2888	FullDelay	21.0641	2.10641e+07	2	4
51.6395	0	1	2889	LastDelay	0.58635	586350	1	4
51.6395	0	1	2889	FullDelay	21.0663	2.10663e+07	2	4
51.6548	0	1	2890	LastDelay	0.594869	594869	1	4
51.6548	0	1	2890	FullDelay	21.0749	2.10749e+07	2	4
51.6673	0	1	2891	LastDelay	0.600516	600516	1	4
51.6673	0	1	2891	FullDelay	21.0805	2.10805e+07	2	4
51.6909	0	1	2892	LastDelay	0.617326	617326	1	4
51.6909	0	1	2892	FullDelay	21.0973	2.10973e+07	2	4
51.7282	0	1	2894	LastDelay	0.640967	640967	1	4
51.7282	0	1	2894	FullDelay	21.121	2.1121e+07	2	4
51.7575	0	1	2895	LastDelay	0.663382	663382	1	4
51.7575	0	1	2895	FullDelay	21.1434	2.11434e+07	2	4
51.7674	0	1	2896	LastDelay	0.666548	666548	1	4
51.7674	0	1	2896	FullDelay	21.1465	2.11465e+07	2	4
51.7896	0	1	2897	LastDelay	0.681839	681839	1	4
51.7896	0	1	2897	FullDelay	21.1618	2.11618e+07	2	4
51.816	0	1	2898	LastDelay	0.701494	701494	1	4
51.816	0	1	2898	FullDelay	21.1815	2.11815e+07	2	4
51.8645	0	1	2900	LastDelay	0.736255	736255	1	4
51.8645	0	1	2900	FullDelay	21.2163	2.12163e+07	2	4
51.8835	0	1	2901	LastDelay	0.748507	748507	1	4
51.8835	0	1	2901	FullDelay	21.2285	2.12285e+07	2	4
51.8954	0	1	2902	LastDelay	0.753506	753506	1	4
51.8954	0	1	2902	FullDelay	21.2335	2.12335e+07	2	4
51.9345	0	1	2903	LastDelay	0.785856	785856	1	4
51.9345	0	1	2903	FullDelay	21.2659	2.12659e+07	2	4
51.9455	0	1	2904	LastDelay	0.789952	789952	1	4
51.9455	0	1	2904	FullDelay	21.27	2.127e+07	2	4
51.9698	0	1	2905	LastDelay	0.807504	807504	1	4
51.9698	0	1	2905	FullDelay	21.2875	2.12875e+07	2	4
52.0094	0	1	2906	LastDelay	0.840213	840213	1	4
52.0094	0	1	2906	FullDelay	21.3202	2.13202e+07	2	4
52.0718	0	1	2908	LastDelay	0.888953	888953	1	4
52.0718	0	1	2908	FullDelay	21.369	2.1369e+07	2	4
52.0817	0	1	2909	LastDelay	0.8921	892100	1	4
52.0817	0	1	2909	FullDelay	21.3721	2.13721e+07	2	4
52.0948	0	1	2910	LastDelay	0.898336	898336	1	4
52.0948	0	1	2910	FullDelay	21.3783	2.13783e+07	2	4
52.1134	0	1	2911	LastDelay	0.910098	910098	1	4
52.1134	0	1	2911	FullDelay	21.3901	2.13901e+07	2	4
52.1364	0	1	2912	LastDelay	0.926285	926285	1	4
52.1364	0	1	2912	FullDelay	21.4063	2.14063e+07	2	4
52.1743	0	1	2914	LastDelay	0.950482	950482	1	4
52.1743	0	1	2914	FullDelay	21.4305	2.14305e+07	2	4
52.2146	0	1	2915	LastDelay	0.983984	983984	1	4
52.2146	0	1	2915	FullDelay	21.464	2.1464e+07	2	4
52.2237	0	1	2916	LastDelay	0.986243	986243	1	4
52.2237	0	1	2916	FullDelay	21.4662	2.14662e+07	2	4
52.279	0	1	2917	LastDelay	1.03478	1.03478e+06	1	4
52.279	0	1	2917	FullDelay	21.5148	2.15148e+07	2	4
52.3152	0	1	2919	LastDelay	1.05729	1.05729e+06	1	4
52.3152	0	1	2919	FullDelay	21.5373	2.15373e+07	2	4
52.3286	0	1	2920	LastDelay	1.06388	1.06388e+06	1	4
52.3286	0	1	2920	FullDelay	21.5439	2.15439e+07	2	4
52.3447	0	1	2921	LastDelay	1.07317	1.07317e+06	1	4
52.3447	0	1	2921	FullDelay	21.5532	2.15532e+07	2	4
52.3655	0	1	2922	LastDelay	1.08713	1.08713e+06	1	4
52.3655	0	1	2922	FullDelay	21.5671	2.15671e+07	2	4
52.3746	0	1	2923	LastDelay	1.08937	1.08937e+06	1	4
52.3746	0	1	2923	FullDelay	21.5694	2.15694e+07	2	4
52.3842	0	1	2924	LastDelay	1.09215	1.09215e+06	1	4
52.3842	0	1	2924	FullDelay	21.5721	2.15721e+07	2	4
52.4042	0	1	2925	LastDelay	1.10531	1.10531e+06	1	4
52.4042	0	1	2925	FullDelay	21.5853	2.15853e+07	2	4
52.465	0	1	2926	LastDelay	1.15926	1.15926e+06	1	4
52.465	0	1	2926	FullDelay	21.6393	2.16393e+07	2	4
52.5036	0	1	2928	LastDelay	1.18427	1.18427e+06	1	4
52.5036	0	1	2928	FullDelay	21.6643	2.16643e+07	2	4
52.5315	0	1	2929	LastDelay	1.20533	1.20533e+06	1	4
52.5315	0	1	2929	FullDelay	21.6853	2.16853e+07	2	4
52.5781	0	1	2931	LastDelay	1.2383	1.2383e+06	1	4
52.5781	0	1	2931	FullDelay	21.7183	2.17183e+07	2	4
52.5893	0	1	2932	LastDelay	1.24261	1.24261e+06	1	4
52.5893	0	1	2932	FullDelay	21.7226	2.17226e+07	2	4
52.6341	0	1	2934	LastDelay	1.27379	1.27379e+06	1	4
52.6341	0	1	2934	FullDelay	21.7538	2.17538e+07	2	4
52.6499	0	1	2935	LastDelay	1.28278	1.28278e+06	1	4
52.6499	0	1	2935	FullDelay	21.7628	2.17628e+07	2	4
52.6629	0	1	2936	LastDelay	1.28891	1.28891e+06	1	4
52.6629	0	1	2936	FullDelay	21.7689	2.17689e+07	2	4
52.6737	0	1	2937	LastDelay	1.29291	1.29291e+06	1	4
52.6737	0	1	2937	FullDelay	21.7729	2.17729e+07	2	4
52.6836	0	1	2938	LastDelay	1.29601	1.29601e+06	1	4
52.6836	0	1	2938	FullDelay	21.776	2.1776e+07	2	4
52.7214	0	1	2939	LastDelay	1.32694	1.32694e+06	1	4
52.7214	0	1	2939	FullDelay	21.8069	2.18069e+07	2	4
52.7314	0	1	2940	LastDelay	1.33013	1.33013e+06	1	4
52.7314	0	1	2940	FullDelay	21.8101	2.18101e+07	2	4
52.744	0	1	2941	LastDelay	1.33591	1.33591e+06	1	4
52.744	0	1	2941	FullDelay	21.8159	2.18159e+07	2	4
52.7951	0	1	2943	LastDelay	1.37331	1.37331e+06	1	4
52.7951	0	1	2943	FullDelay	21.8533	2.18533e+07	2	4
52.806	0	1	2944	LastDelay	1.37738	1.37738e+06	1	4
52.806	0	1	2944	FullDelay	21.8574	2.18574e+07	2	4
52.8179	0	1	2945	LastDelay	1.3825	1.3825e+06	1	4
52.8179	0	1	2945	FullDelay	21.8625	2.18625e+07	2	4
52.8339	0	1	2946	LastDelay	1.39171	1.39171e+06	1	4
52.8339	0	1	2946	FullDelay	21.8717	2.18717e+07	2	4
52.8476	0	1	2947	LastDelay	1.3985	1.3985e+06	1	4
52.8476	0	1	2947	FullDelay	21.8785	2.18785e+07	2	4
52.9181	0	1	2948	LastDelay	1.46225	1.46225e+06	1	4
52.9181	0	1	2948	FullDelay	21.9422	2.19422e+07	2	4
52.9443	0	1	2949	LastDelay	1.48162	1.48162e+06	1	4
52.9443	0	1	2949	FullDelay	21.9616	2.19616e+07	2	4
52.9553	0	1	2950	LastDelay	1.48573	1.48573e+06	1	4
52.9553	0	1	2950	FullDelay	21.9657	2.19657e+07	2	4
52.9677	0	1	2951	LastDelay	1.49128	1.49128e+06	1	4
52.9677	0	1	2951	FullDelay	21.9713	2.19713e+07	2	4
52.9786	0	1	2952	LastDelay	1.49535	1.49535e+06	1	4
52.9786	0	1	2952	FullDelay	21.9754	2.19754e+07	2	4
53.0132	0	1	2954	LastDelay	1.51638	1.51638e+06	1	4
53.0132	0	1	2954	FullDelay	21.9964	2.19964e+07	2	4
53.0235	0	1	2955	LastDelay	1.51982	1.51982e+06	1	4
53.0235	0	1	2955	FullDelay	21.9998	2.19998e+07	2	4
53.0518	0	1	2956	LastDelay	1.54128	1.54128e+06	1	4
53.0518	0	1	2956	FullDelay	22.0213	2.20213e+07	2	4
53.0812	0	1	2958	LastDelay	1.55702	1.55702e+06	1	4
53.0812	0	1	2958	FullDelay	22.037	2.2037e+07	2	4
53.1225	0	1	2961	LastDelay	1.57782	1.57782e+06	1	4
53.1225	0	1	2961	FullDelay	22.0578	2.20578e+07	2	4
53.1676	0	1	2963	LastDelay	1.60931	1.60931e+06	1	4
53.1676	0	1	2963	FullDelay	22.0893	2.20893e+07	2	4
53.1927	0	1	2964	LastDelay	1.62761	1.62761e+06	1	4
53.1927	0	1	2964	FullDelay	22.1076	2.21076e+07	2	4
53.2036	0	1	2965	LastDelay	1.63166	1.63166e+06	1	4
53.2036	0	1	2965	FullDelay	22.1117	2.21117e+07	2	4
53.2391	0	1	2966	LastDelay	1.66031	1.66031e+06	1	4
53.2391	0	1	2966	FullDelay	22.1403	2.21403e+07	2	4
53.2482	0	1	2967	LastDelay	1.66257	1.66257e+06	1	4
53.2482	0	1	2967	FullDelay	22.1426	2.21426e+07	2	4
53.2632	0	1	2968	LastDelay	1.67079	1.67079e+06	1	4
53.2632	0	1	2968	FullDelay	22.1508	2.21508e+07	2	4
53.2723	0	1	2969	LastDelay	1.67305	1.67305e+06	1	4
53.2723	0	1	2969	FullDelay	22.153	2.2153e+07	2	4
53.2887	0	1	2970	LastDelay	1.68262	1.68262e+06	1	4
53.2887	0	1	2970	FullDelay	22.1626	2.21626e+07	2	4
53.335	0	1	2973	LastDelay	1.70848	1.70848e+06	1	4
53.335	0	1	2973	FullDelay	22.1885	2.21885e+07	2	4
53.3546	0	1	2974	LastDelay	1.72118	1.72118e+06	1	4
53.3546	0	1	2974	FullDelay	22.2012	2.22012e+07	2	4
53.3689	0	1	2975	LastDelay	1.72871	1.72871e+06	1	4
53.3689	0	1	2975	FullDelay	22.2087	2.22087e+07	2	4
53.378	0	1	2976	LastDelay	1.73097	1.73097e+06	1	4
53.378	0	1	2976	FullDelay	22.211	2.2211e+07	2	4
53.3889	0	1	2977	LastDelay	1.73504	1.73504e+06	1	4
53.3889	0	1	2977	FullDelay	22.215	2.2215e+07	2	4
53.4041	0	1	2978	LastDelay	1.74339	1.74339e+06	1	4
53.4041	0	1	2978	FullDelay	22.2234	2.22234e+07	2	4
53.4169	0	1	2979	LastDelay	1.74934	1.74934e+06	1	4
53.4169	0	1	2979	FullDelay	22.2293	2.22293e+07	2	4
53.4348	0	1	2980	LastDelay	1.76044	1.76044e+06	1	4
53.4348	0	1	2980	FullDelay	22.2404	2.22404e+07	2	4
53.4797	0	1	2982	LastDelay	1.79167	1.79167e+06	1	4
53.4797	0	1	2982	FullDelay	22.2717	2.22717e+07	2	4
53.5075	0	1	2984	LastDelay	1.80586	1.80586e+06	1	4
53.5075	0	1	2984	FullDelay	22.2859	2.22859e+07	2	4
53.5175	0	1	2985	LastDelay	1.809	1.809e+06	1	4
53.5175	0	1	2985	FullDelay	22.289	2.2289e+07	2	4
53.5505	0	1	2986	LastDelay	1.83518	1.83518e+06	1	4
53.5505	0	1	2986	FullDelay	22.3152	2.23152e+07	2	4
53.5829	0	1	2988	LastDelay	1.85396	1.85396e+06	1	4
53.5829	0	1	2988	FullDelay	22.334	2.2334e+07	2	4
53.667	0	1	2991	LastDelay	1.91755	1.91755e+06	1	4
53.667	0	1	2991	FullDelay	22.3975	2.23975e+07	2	4
53.6761	0	1	2992	LastDelay	1.91982	1.91982e+06	1	4
53.6761	0	1	2992	FullDelay	22.3998	2.23998e+07	2	4
53.7233	0	1	2995	LastDelay	1.94653	1.94653e+06	1	4
53.7233	0	1	2995	FullDelay	22.4265	2.24265e+07	2	4
53.7342	0	1	2996	LastDelay	1.95065	1.95065e+06	1	4
53.7342	0	1	2996	FullDelay	22.4306	2.24306e+07	2	4
53.7562	0	1	2997	LastDelay	1.96583	1.96583e+06	1	4
53.7562	0	1	2997	FullDelay	22.4458	2.24458e+07	2	4
53.7848	0	1	2999	LastDelay	1.98072	1.98072e+06	1	4
53.7848	0	1	2999	FullDelay	22.4607	2.24607e+07	2	4
53.8171	0	1	3001	LastDelay	1.99944	1.99944e+06	1	4
53.8171	0	1	3001	FullDelay	22.4794	2.24794e+07	2	4
