Time	Node	AppId	SeqNo	Type	DelayS	DelayUS	RetxCount	HopCount
1.03135	0	1	0	LastDelay	0.0313515	31351.5	1	6
1.03135	0	1	0	FullDelay	0.0313515	31351.5	1	6
1.04155	0	1	1	LastDelay	0.0347211	34721.1	1	6
1.04155	0	1	1	FullDelay	0.0347211	34721.1	1	6
1.05494	0	1	2	LastDelay	0.0412876	41287.6	1	6
1.05494	0	1	2	FullDelay	0.0412876	41287.6	1	6
1.06703	0	1	3	LastDelay	0.0465478	46547.8	1	6
1.06703	0	1	3	FullDelay	0.0465478	46547.8	1	6
1.08541	0	1	4	LastDelay	0.0580986	58098.6	1	6
1.08541	0	1	4	FullDelay	0.0580986	58098.6	1	6
1.09572	0	1	5	LastDelay	0.0615821	61582.1	1	6
1.09572	0	1	5	FullDelay	0.0615821	61582.1	1	6
1.1059	0	1	6	LastDelay	0.0649376	64937.6	1	6
1.1059	0	1	6	FullDelay	0.0649376	64937.6	1	6
1.12136	0	1	7	LastDelay	0.0735692	73569.2	1	6
1.12136	0	1	7	FullDelay	0.0735692	73569.2	1	6
1.14305	0	1	9	LastDelay	0.0816072	81607.2	1	6
1.14305	0	1	9	FullDelay	0.0816072	81607.2	1	6
1.15397	0	1	10	LastDelay	0.0857069	85706.9	1	6
1.15397	0	1	10	FullDelay	0.0857069	85706.9	1	6
1.16307	0	1	11	LastDelay	0.0879783	87978.3	1	6
1.16307	0	1	11	FullDelay	0.0879783	87978.3	1	6
1.17385	0	1	12	LastDelay	0.0919318	91931.8	1	6
1.17385	0	1	12	FullDelay	0.0919318	91931.8	1	6
1.18743	0	1	13	LastDelay	0.0986862	98686.2	1	6
1.18743	0	1	13	FullDelay	0.0986862	98686.2	1	6
1.19655	0	1	14	LastDelay	0.100978	100978	1	6
1.19655	0	1	14	FullDelay	0.100978	100978	1	6
1.20835	0	1	15	LastDelay	0.10595	105950	1	6
1.20835	0	1	15	FullDelay	0.10595	105950	1	6
1.23621	0	1	17	LastDelay	0.120161	120161	1	6
1.23621	0	1	17	FullDelay	0.120161	120161	1	6
1.25715	0	1	19	LastDelay	0.127439	127439	1	6
1.25715	0	1	19	FullDelay	0.127439	127439	1	6
1.26934	0	1	20	LastDelay	0.132809	132809	1	6
1.26934	0	1	20	FullDelay	0.132809	132809	1	6
1.30523	0	1	23	LastDelay	0.148217	148217	1	6
1.30523	0	1	23	FullDelay	0.148217	148217	1	6
1.31441	0	1	24	LastDelay	0.150568	150568	1	6
1.31441	0	1	24	FullDelay	0.150568	150568	1	6
1.32349	0	1	25	LastDelay	0.152819	152819	1	6
1.32349	0	1	25	FullDelay	0.152819	152819	1	6
1.33254	0	1	26	LastDelay	0.155051	155051	1	6
1.33254	0	1	26	FullDelay	0.155051	155051	1	6
1.34964	0	1	27	LastDelay	0.165322	165322	1	6
1.34964	0	1	27	FullDelay	0.165322	165322	1	6
1.35874	0	1	28	LastDelay	0.167593	167593	1	6
1.35874	0	1	28	FullDelay	0.167593	167593	1	6
1.36792	0	1	29	LastDelay	0.169945	169945	1	6
1.36792	0	1	29	FullDelay	0.169945	169945	1	6
1.377	0	1	30	LastDelay	0.172196	172196	1	6
1.377	0	1	30	FullDelay	0.172196	172196	1	6
1.38623	0	1	31	LastDelay	0.174607	174607	1	6
1.38623	0	1	31	FullDelay	0.174607	174607	1	6
1.39549	0	1	32	LastDelay	0.177039	177039	1	6
1.39549	0	1	32	FullDelay	0.177039	177039	1	6
1.42835	0	1	33	LastDelay	0.203067	203067	1	6
1.42835	0	1	33	FullDelay	0.203067	203067	1	6
1.44316	0	1	34	LastDelay	0.211051	211051	1	6
1.44316	0	1	34	FullDelay	0.211051	211051	1	6
1.45386	0	1	35	LastDelay	0.214922	214922	1	6
1.45386	0	1	35	FullDelay	0.214922	214922	1	6
1.46436	0	1	36	LastDelay	0.218596	218596	1	6
1.46436	0	1	36	FullDelay	0.218596	218596	1	6
1.47511	0	1	37	LastDelay	0.222524	222524	1	6
1.47511	0	1	37	FullDelay	0.222524	222524	1	6
1.48421	0	1	38	LastDelay	0.224795	224795	1	6
1.48421	0	1	38	FullDelay	0.224795	224795	1	6
1.49329	0	1	39	LastDelay	0.227046	227046	1	6
1.49329	0	1	39	FullDelay	0.227046	227046	1	6
1.51432	0	1	41	LastDelay	0.234427	234427	1	6
1.51432	0	1	41	FullDelay	0.234427	234427	1	6
1.52506	0	1	42	LastDelay	0.238338	238338	1	6
1.52506	0	1	42	FullDelay	0.238338	238338	1	6
1.5358	0	1	43	LastDelay	0.242249	242249	1	6
1.5358	0	1	43	FullDelay	0.242249	242249	1	6
1.54959	0	1	44	LastDelay	0.249218	249218	1	6
1.54959	0	1	44	FullDelay	0.249218	249218	1	6
1.5671	0	1	45	LastDelay	0.259901	259901	1	6
1.5671	0	1	45	FullDelay	0.259901	259901	1	6
1.57712	0	1	46	LastDelay	0.263091	263091	1	6
1.57712	0	1	46	FullDelay	0.263091	263091	1	6
1.58856	0	1	47	LastDelay	0.267711	267711	1	6
1.58856	0	1	47	FullDelay	0.267711	267711	1	6
1.60105	0	1	48	LastDelay	0.273367	273367	1	6
1.60105	0	1	48	FullDelay	0.273367	273367	1	6
1.61271	0	1	49	LastDelay	0.278203	278203	1	6
1.61271	0	1	49	FullDelay	0.278203	278203	1	6
1.62647	0	1	50	LastDelay	0.285132	285132	1	6
1.62647	0	1	50	FullDelay	0.285132	285132	1	6
1.64949	0	1	51	LastDelay	0.301328	301328	1	6
1.64949	0	1	51	FullDelay	0.301328	301328	1	6
1.65972	0	1	52	LastDelay	0.304734	304734	1	6
1.65972	0	1	52	FullDelay	0.304734	304734	1	6
1.66894	0	1	53	LastDelay	0.307125	307125	1	6
1.66894	0	1	53	FullDelay	0.307125	307125	1	6
1.68017	0	1	54	LastDelay	0.311529	311529	1	6
1.68017	0	1	54	FullDelay	0.311529	311529	1	6
1.69021	0	1	55	LastDelay	0.314739	314739	1	6
1.69021	0	1	55	FullDelay	0.314739	314739	1	6
1.70084	0	1	56	LastDelay	0.318542	318542	1	6
1.70084	0	1	56	FullDelay	0.318542	318542	1	6
1.71494	0	1	8	LastDelay	0.312164	312164	1	2
1.71494	0	1	8	FullDelay	0.660324	660324	2	2
1.72539	0	1	57	LastDelay	0.33627	336270	1	6
1.72539	0	1	57	FullDelay	0.33627	336270	1	6
1.73927	0	1	58	LastDelay	0.343328	343328	1	6
1.73927	0	1	58	FullDelay	0.343328	343328	1	6
1.75107	0	1	59	LastDelay	0.341466	341466	1	6
1.75107	0	1	59	FullDelay	0.341466	341466	1	6
1.76403	0	1	60	LastDelay	0.347606	347606	1	6
1.76403	0	1	60	FullDelay	0.347606	347606	1	6
1.7746	0	1	61	LastDelay	0.351348	351348	1	6
1.7746	0	1	61	FullDelay	0.351348	351348	1	6
1.78485	0	1	62	LastDelay	0.354774	354774	1	6
1.78485	0	1	62	FullDelay	0.354774	354774	1	6
1.79493	0	1	63	LastDelay	0.358024	358024	1	6
1.79493	0	1	63	FullDelay	0.358024	358024	1	6
1.80994	0	1	64	LastDelay	0.366211	366211	1	6
1.80994	0	1	64	FullDelay	0.366211	366211	1	6
1.82034	0	1	65	LastDelay	0.369777	369777	1	6
1.82034	0	1	65	FullDelay	0.369777	369777	1	6
1.84156	0	1	67	LastDelay	0.377351	377351	1	6
1.84156	0	1	67	FullDelay	0.377351	377351	1	6
1.85447	0	1	68	LastDelay	0.383428	383428	1	6
1.85447	0	1	68	FullDelay	0.383428	383428	1	6
1.86371	0	1	69	LastDelay	0.385839	385839	1	6
1.86371	0	1	69	FullDelay	0.385839	385839	1	6
1.87519	0	1	16	LastDelay	0.370019	370019	1	2
1.87519	0	1	16	FullDelay	0.765966	765966	2	2
1.88429	0	1	70	LastDelay	0.399597	399597	1	6
1.88429	0	1	70	FullDelay	0.399597	399597	1	6
1.8954	0	1	18	LastDelay	0.383402	383402	1	2
1.8954	0	1	18	FullDelay	0.772522	772522	2	2
1.90972	0	1	71	LastDelay	0.418204	418204	1	6
1.90972	0	1	71	FullDelay	0.418204	418204	1	6
1.92	0	1	72	LastDelay	0.42165	421650	1	6
1.92	0	1	72	FullDelay	0.42165	421650	1	6
1.92919	0	1	73	LastDelay	0.410368	410368	1	6
1.92919	0	1	73	FullDelay	0.410368	410368	1	6
1.95403	0	1	75	LastDelay	0.42155	421550	1	6
1.95403	0	1	75	FullDelay	0.42155	421550	1	6
1.96315	0	1	76	LastDelay	0.423841	423841	1	6
1.96315	0	1	76	FullDelay	0.423841	423841	1	6
1.97695	0	1	21	LastDelay	0.423988	423988	1	2
1.97695	0	1	21	FullDelay	0.833588	833588	2	2
1.98866	0	1	22	LastDelay	0.428874	428874	1	2
1.98866	0	1	22	FullDelay	0.838474	838474	2	2
1.99776	0	1	77	LastDelay	0.451625	451625	1	6
1.99776	0	1	77	FullDelay	0.451625	451625	1	6
2.01014	0	1	78	LastDelay	0.443526	443526	1	6
2.01014	0	1	78	FullDelay	0.443526	443526	1	6
2.03352	0	1	80	LastDelay	0.453258	453258	1	6
2.03352	0	1	80	FullDelay	0.453258	453258	1	6
2.04625	0	1	81	LastDelay	0.459156	459156	1	6
2.04625	0	1	81	FullDelay	0.459156	459156	1	6
2.06922	0	1	83	LastDelay	0.468476	468476	1	6
2.06922	0	1	83	FullDelay	0.468476	468476	1	6
2.08169	0	1	84	LastDelay	0.474112	474112	1	6
2.08169	0	1	84	FullDelay	0.474112	474112	1	6
2.09933	0	1	85	LastDelay	0.484928	484928	1	6
2.09933	0	1	85	FullDelay	0.484928	484928	1	6
2.11752	0	1	87	LastDelay	0.489471	489471	1	6
2.11752	0	1	87	FullDelay	0.489471	489471	1	6
2.12911	0	1	88	LastDelay	0.494228	494228	1	6
2.12911	0	1	88	FullDelay	0.494228	494228	1	6
2.13819	0	1	89	LastDelay	0.496479	496479	1	6
2.13819	0	1	89	FullDelay	0.496479	496479	1	6
2.15429	0	1	90	LastDelay	0.505759	505759	1	6
2.15429	0	1	90	FullDelay	0.505759	505759	1	6
2.16893	0	1	91	LastDelay	0.513575	513575	1	6
2.16893	0	1	91	FullDelay	0.513575	513575	1	6
2.17889	0	1	92	LastDelay	0.516705	516705	1	6
2.17889	0	1	92	FullDelay	0.516705	516705	1	6
2.19333	0	1	93	LastDelay	0.524313	524313	1	6
2.19333	0	1	93	FullDelay	0.524313	524313	1	6
2.20853	0	1	94	LastDelay	0.53269	532690	1	6
2.20853	0	1	94	FullDelay	0.53269	532690	1	6
2.21926	0	1	95	LastDelay	0.536589	536589	1	6
2.21926	0	1	95	FullDelay	0.536589	536589	1	6
2.23988	0	1	97	LastDelay	0.543558	543558	1	6
2.23988	0	1	97	FullDelay	0.543558	543558	1	6
2.25439	0	1	98	LastDelay	0.551241	551241	1	6
2.25439	0	1	98	FullDelay	0.551241	551241	1	6
2.2666	0	1	99	LastDelay	0.556628	556628	1	6
2.2666	0	1	99	FullDelay	0.556628	556628	1	6
2.27633	0	1	100	LastDelay	0.559528	559528	1	6
2.27633	0	1	100	FullDelay	0.559528	559528	1	6
2.28701	0	1	101	LastDelay	0.563388	563388	1	6
2.28701	0	1	101	FullDelay	0.563388	563388	1	6
2.3048	0	1	102	LastDelay	0.574347	574347	1	6
2.3048	0	1	102	FullDelay	0.574347	574347	1	6
2.31574	0	1	103	LastDelay	0.578455	578455	1	6
2.31574	0	1	103	FullDelay	0.578455	578455	1	6
2.32501	0	1	104	LastDelay	0.580906	580906	1	6
2.32501	0	1	104	FullDelay	0.580906	580906	1	6
2.33614	0	1	105	LastDelay	0.585211	585211	1	6
2.33614	0	1	105	FullDelay	0.585211	585211	1	6
2.35097	0	1	106	LastDelay	0.593207	593207	1	6
2.35097	0	1	106	FullDelay	0.593207	593207	1	6
2.37156	0	1	108	LastDelay	0.600147	600147	1	6
2.37156	0	1	108	FullDelay	0.600147	600147	1	6
2.39484	0	1	40	LastDelay	0.589293	589293	1	2
2.39484	0	1	40	FullDelay	1.12177	1.12177e+06	2	2
2.4075	0	1	110	LastDelay	0.622431	622431	1	6
2.4075	0	1	110	FullDelay	0.622431	622431	1	6
2.41795	0	1	111	LastDelay	0.626057	626057	1	6
2.41795	0	1	111	FullDelay	0.626057	626057	1	6
2.42939	0	1	112	LastDelay	0.630666	630666	1	6
2.42939	0	1	112	FullDelay	0.630666	630666	1	6
2.43956	0	1	113	LastDelay	0.627188	627188	1	6
2.43956	0	1	113	FullDelay	0.627188	627188	1	6
2.45141	0	1	114	LastDelay	0.632215	632215	1	6
2.45141	0	1	114	FullDelay	0.632215	632215	1	6
2.46331	0	1	115	LastDelay	0.637282	637282	1	6
2.46331	0	1	115	FullDelay	0.637282	637282	1	6
2.48186	0	1	116	LastDelay	0.649007	649007	1	6
2.48186	0	1	116	FullDelay	0.649007	649007	1	6
2.49096	0	1	117	LastDelay	0.651278	651278	1	6
2.49096	0	1	117	FullDelay	0.651278	651278	1	6
2.5002	0	1	118	LastDelay	0.653698	653698	1	6
2.5002	0	1	118	FullDelay	0.653698	653698	1	6
2.50953	0	1	119	LastDelay	0.656197	656197	1	6
2.50953	0	1	119	FullDelay	0.656197	656197	1	6
2.51863	0	1	120	LastDelay	0.658469	658469	1	6
2.51863	0	1	120	FullDelay	0.658469	658469	1	6
2.52771	0	1	121	LastDelay	0.66072	660720	1	6
2.52771	0	1	121	FullDelay	0.66072	660720	1	6
2.54147	0	1	122	LastDelay	0.667662	667662	1	6
2.54147	0	1	122	FullDelay	0.667662	667662	1	6
2.56275	0	1	123	LastDelay	0.682113	682113	1	6
2.56275	0	1	123	FullDelay	0.682113	682113	1	6
2.57401	0	1	124	LastDelay	0.686542	686542	1	6
2.57401	0	1	124	FullDelay	0.686542	686542	1	6
2.58488	0	1	125	LastDelay	0.69059	690590	1	6
2.58488	0	1	125	FullDelay	0.69059	690590	1	6
2.59806	0	1	126	LastDelay	0.696935	696935	1	6
2.59806	0	1	126	FullDelay	0.696935	696935	1	6
2.61357	0	1	127	LastDelay	0.705626	705626	1	6
2.61357	0	1	127	FullDelay	0.705626	705626	1	6
2.62351	0	1	128	LastDelay	0.708736	708736	1	6
2.62351	0	1	128	FullDelay	0.708736	708736	1	6
2.63376	0	1	129	LastDelay	0.712162	712162	1	6
2.63376	0	1	129	FullDelay	0.712162	712162	1	6
2.64462	0	1	130	LastDelay	0.71619	716190	1	6
2.64462	0	1	130	FullDelay	0.71619	716190	1	6
2.65809	0	1	131	LastDelay	0.722835	722835	1	6
2.65809	0	1	131	FullDelay	0.722835	722835	1	6
2.6726	0	1	132	LastDelay	0.730517	730517	1	6
2.6726	0	1	132	FullDelay	0.730517	730517	1	6
2.68203	0	1	133	LastDelay	0.733128	733128	1	6
2.68203	0	1	133	FullDelay	0.733128	733128	1	6
2.69109	0	1	134	LastDelay	0.73536	735360	1	6
2.69109	0	1	134	FullDelay	0.73536	735360	1	6
2.70241	0	1	135	LastDelay	0.739848	739848	1	6
2.70241	0	1	135	FullDelay	0.739848	739848	1	6
2.71151	0	1	136	LastDelay	0.742119	742119	1	6
2.71151	0	1	136	FullDelay	0.742119	742119	1	6
2.72182	0	1	137	LastDelay	0.74561	745610	1	6
2.72182	0	1	137	FullDelay	0.74561	745610	1	6
2.7329	0	1	138	LastDelay	0.749858	749858	1	6
2.7329	0	1	138	FullDelay	0.749858	749858	1	6
2.74389	0	1	139	LastDelay	0.754027	754027	1	6
2.74389	0	1	139	FullDelay	0.754027	754027	1	6
2.75785	0	1	140	LastDelay	0.76116	761160	1	6
2.75785	0	1	140	FullDelay	0.76116	761160	1	6
2.76942	0	1	141	LastDelay	0.765905	765905	1	6
2.76942	0	1	141	FullDelay	0.765905	765905	1	6
2.78088	0	1	142	LastDelay	0.770537	770537	1	6
2.78088	0	1	142	FullDelay	0.770537	770537	1	6
2.80316	0	1	144	LastDelay	0.779162	779162	1	6
2.80316	0	1	144	FullDelay	0.779162	779162	1	6
2.82317	0	1	145	LastDelay	0.79234	792340	1	6
2.82317	0	1	145	FullDelay	0.79234	792340	1	6
2.83423	0	1	146	LastDelay	0.79658	796580	1	6
2.83423	0	1	146	FullDelay	0.79658	796580	1	6
2.84341	0	1	147	LastDelay	0.798932	798932	1	6
2.84341	0	1	147	FullDelay	0.798932	798932	1	6
2.85381	0	1	148	LastDelay	0.802506	802506	1	6
2.85381	0	1	148	FullDelay	0.802506	802506	1	6
2.86289	0	1	149	LastDelay	0.804757	804757	1	6
2.86289	0	1	149	FullDelay	0.804757	804757	1	6
2.87448	0	1	150	LastDelay	0.809518	809518	1	6
2.87448	0	1	150	FullDelay	0.809518	809518	1	6
2.88635	0	1	151	LastDelay	0.814565	814565	1	6
2.88635	0	1	151	FullDelay	0.814565	814565	1	6
2.91043	0	1	153	LastDelay	0.82499	824990	1	6
2.91043	0	1	153	FullDelay	0.82499	824990	1	6
2.92588	0	1	154	LastDelay	0.833609	833609	1	6
2.92588	0	1	154	FullDelay	0.833609	833609	1	6
2.93733	0	1	155	LastDelay	0.838236	838236	1	6
2.93733	0	1	155	FullDelay	0.838236	838236	1	6
2.94643	0	1	156	LastDelay	0.840508	840508	1	6
2.94643	0	1	156	FullDelay	0.840508	840508	1	6
2.9575	0	1	157	LastDelay	0.844755	844755	1	6
2.9575	0	1	157	FullDelay	0.844755	844755	1	6
2.96828	0	1	66	LastDelay	0.81457	814570	1	2
2.96828	0	1	66	FullDelay	1.51089	1.51089e+06	2	2
2.97853	0	1	158	LastDelay	0.858954	858954	1	6
2.97853	0	1	158	FullDelay	0.858954	858954	1	6
2.98759	0	1	159	LastDelay	0.861186	861186	1	6
2.98759	0	1	159	FullDelay	0.861186	861186	1	6
2.99754	0	1	160	LastDelay	0.864316	864316	1	6
2.99754	0	1	160	FullDelay	0.864316	864316	1	6
3.00873	0	1	161	LastDelay	0.868676	868676	1	6
3.00873	0	1	161	FullDelay	0.868676	868676	1	6
3.01906	0	1	162	LastDelay	0.872178	872178	1	6
3.01906	0	1	162	FullDelay	0.872178	872178	1	6
3.03005	0	1	163	LastDelay	0.86952	869520	1	6
3.03005	0	1	163	FullDelay	0.86952	869520	1	6
3.04101	0	1	164	LastDelay	0.873648	873648	1	6
3.04101	0	1	164	FullDelay	0.873648	873648	1	6
3.05714	0	1	165	LastDelay	0.88295	882950	1	6
3.05714	0	1	165	FullDelay	0.88295	882950	1	6
3.0712	0	1	166	LastDelay	0.890183	890183	1	6
3.0712	0	1	166	FullDelay	0.890183	890183	1	6
3.08045	0	1	167	LastDelay	0.892611	892611	1	6
3.08045	0	1	167	FullDelay	0.892611	892611	1	6
3.09051	0	1	168	LastDelay	0.895841	895841	1	6
3.09051	0	1	168	FullDelay	0.895841	895841	1	6
3.1019	0	1	169	LastDelay	0.900405	900405	1	6
3.1019	0	1	169	FullDelay	0.900405	900405	1	6
3.11195	0	1	170	LastDelay	0.903635	903635	1	6
3.11195	0	1	170	FullDelay	0.903635	903635	1	6
3.12577	0	1	171	LastDelay	0.910622	910622	1	6
3.12577	0	1	171	FullDelay	0.910622	910622	1	6
3.13487	0	1	172	LastDelay	0.912894	912894	1	6
3.13487	0	1	172	FullDelay	0.912894	912894	1	6
3.15532	0	1	174	LastDelay	0.919698	919698	1	6
3.15532	0	1	174	FullDelay	0.919698	919698	1	6
3.1667	0	1	175	LastDelay	0.924242	924242	1	6
3.1667	0	1	175	FullDelay	0.924242	924242	1	6
3.17821	0	1	176	LastDelay	0.92893	928930	1	6
3.17821	0	1	176	FullDelay	0.92893	928930	1	6
3.18829	0	1	74	LastDelay	0.93218	932180	1	2
3.18829	0	1	74	FullDelay	1.66263	1.66263e+06	2	2
3.20656	0	1	79	LastDelay	0.902671	902671	1	2
3.20656	0	1	79	FullDelay	1.63312	1.63312e+06	2	2
3.21913	0	1	177	LastDelay	0.956192	956192	1	6
3.21913	0	1	177	FullDelay	0.956192	956192	1	6
3.22906	0	1	178	LastDelay	0.959302	959302	1	6
3.22906	0	1	178	FullDelay	0.959302	959302	1	6
3.23914	0	1	179	LastDelay	0.962552	962552	1	6
3.23914	0	1	179	FullDelay	0.962552	962552	1	6
3.24828	0	1	180	LastDelay	0.964864	964864	1	6
3.24828	0	1	180	FullDelay	0.964864	964864	1	6
3.25936	0	1	181	LastDelay	0.969124	969124	1	6
3.25936	0	1	181	FullDelay	0.969124	969124	1	6
3.26848	0	1	182	LastDelay	0.971415	971415	1	6
3.26848	0	1	182	FullDelay	0.971415	971415	1	6
3.28312	0	1	183	LastDelay	0.972403	972403	1	6
3.28312	0	1	183	FullDelay	0.972403	972403	1	6
3.29324	0	1	184	LastDelay	0.975694	975694	1	6
3.29324	0	1	184	FullDelay	0.975694	975694	1	6
3.30267	0	1	185	LastDelay	0.978297	978297	1	6
3.30267	0	1	185	FullDelay	0.978297	978297	1	6
3.31343	0	1	186	LastDelay	0.982233	982233	1	6
3.31343	0	1	186	FullDelay	0.982233	982233	1	6
3.32545	0	1	82	LastDelay	0.973766	973766	1	2
3.32545	0	1	82	FullDelay	1.73153	1.73153e+06	2	2
3.3401	0	1	187	LastDelay	1.00207	1.00207e+06	1	6
3.3401	0	1	187	FullDelay	1.00207	1.00207e+06	1	6
3.34916	0	1	188	LastDelay	1.0043	1.0043e+06	1	6
3.34916	0	1	188	FullDelay	1.0043	1.0043e+06	1	6
3.35847	0	1	189	LastDelay	0.999961	999961	1	6
3.35847	0	1	189	FullDelay	0.999961	999961	1	6
3.3687	0	1	190	LastDelay	1.00337	1.00337e+06	1	6
3.3687	0	1	190	FullDelay	1.00337	1.00337e+06	1	6
3.38114	0	1	191	LastDelay	1.00898	1.00898e+06	1	6
3.38114	0	1	191	FullDelay	1.00898	1.00898e+06	1	6
3.39133	0	1	192	LastDelay	1.01235	1.01235e+06	1	6
3.39133	0	1	192	FullDelay	1.01235	1.01235e+06	1	6
3.40339	0	1	193	LastDelay	1.01757	1.01757e+06	1	6
3.40339	0	1	193	FullDelay	1.01757	1.01757e+06	1	6
3.41255	0	1	194	LastDelay	1.01991	1.01991e+06	1	6
3.41255	0	1	194	FullDelay	1.01991	1.01991e+06	1	6
3.42617	0	1	86	LastDelay	1.01988	1.01988e+06	1	2
3.42617	0	1	86	FullDelay	1.80494	1.80494e+06	2	2
3.43733	0	1	195	LastDelay	1.03787	1.03787e+06	1	6
3.43733	0	1	195	FullDelay	1.03787	1.03787e+06	1	6
3.44928	0	1	196	LastDelay	1.03616	1.03616e+06	1	6
3.44928	0	1	196	FullDelay	1.03616	1.03616e+06	1	6
3.46196	0	1	197	LastDelay	1.04202	1.04202e+06	1	6
3.46196	0	1	197	FullDelay	1.04202	1.04202e+06	1	6
3.47121	0	1	198	LastDelay	1.04444	1.04444e+06	1	6
3.47121	0	1	198	FullDelay	1.04444	1.04444e+06	1	6
3.48278	0	1	199	LastDelay	1.04918	1.04918e+06	1	6
3.48278	0	1	199	FullDelay	1.04918	1.04918e+06	1	6
3.50283	0	1	200	LastDelay	1.0624	1.0624e+06	1	6
3.50283	0	1	200	FullDelay	1.0624	1.0624e+06	1	6
3.51375	0	1	201	LastDelay	1.0665	1.0665e+06	1	6
3.51375	0	1	201	FullDelay	1.0665	1.0665e+06	1	6
3.53327	0	1	203	LastDelay	1.07236	1.07236e+06	1	6
3.53327	0	1	203	FullDelay	1.07236	1.07236e+06	1	6
3.5427	0	1	204	LastDelay	1.07497	1.07497e+06	1	6
3.5427	0	1	204	FullDelay	1.07497	1.07497e+06	1	6
3.55367	0	1	205	LastDelay	1.07911	1.07911e+06	1	6
3.55367	0	1	205	FullDelay	1.07911	1.07911e+06	1	6
3.56298	0	1	206	LastDelay	1.08159	1.08159e+06	1	6
3.56298	0	1	206	FullDelay	1.08159	1.08159e+06	1	6
3.57525	0	1	96	LastDelay	1.07339	1.07339e+06	1	2
3.57525	0	1	96	FullDelay	1.88576	1.88576e+06	2	2
3.58816	0	1	207	LastDelay	1.09995	1.09995e+06	1	6
3.58816	0	1	207	FullDelay	1.09995	1.09995e+06	1	6
3.59844	0	1	208	LastDelay	1.1034	1.1034e+06	1	6
3.59844	0	1	208	FullDelay	1.1034	1.1034e+06	1	6
3.60753	0	1	209	LastDelay	1.09884	1.09884e+06	1	6
3.60753	0	1	209	FullDelay	1.09884	1.09884e+06	1	6
3.61669	0	1	210	LastDelay	1.10117	1.10117e+06	1	6
3.61669	0	1	210	FullDelay	1.10117	1.10117e+06	1	6
3.62961	0	1	211	LastDelay	1.10726	1.10726e+06	1	6
3.62961	0	1	211	FullDelay	1.10726	1.10726e+06	1	6
3.65059	0	1	212	LastDelay	1.12142	1.12142e+06	1	6
3.65059	0	1	212	FullDelay	1.12142	1.12142e+06	1	6
3.66075	0	1	213	LastDelay	1.12475	1.12475e+06	1	6
3.66075	0	1	213	FullDelay	1.12475	1.12475e+06	1	6
3.67353	0	1	214	LastDelay	1.1307	1.1307e+06	1	6
3.67353	0	1	214	FullDelay	1.1307	1.1307e+06	1	6
3.68522	0	1	215	LastDelay	1.13557	1.13557e+06	1	6
3.68522	0	1	215	FullDelay	1.13557	1.13557e+06	1	6
3.69548	0	1	216	LastDelay	1.139	1.139e+06	1	6
3.69548	0	1	216	FullDelay	1.139	1.139e+06	1	6
3.70567	0	1	217	LastDelay	1.14237	1.14237e+06	1	6
3.70567	0	1	217	FullDelay	1.14237	1.14237e+06	1	6
3.71676	0	1	218	LastDelay	1.14662	1.14662e+06	1	6
3.71676	0	1	218	FullDelay	1.14662	1.14662e+06	1	6
3.73685	0	1	220	LastDelay	1.15306	1.15306e+06	1	6
3.73685	0	1	220	FullDelay	1.15306	1.15306e+06	1	6
3.74772	0	1	221	LastDelay	1.1571	1.1571e+06	1	6
3.74772	0	1	221	FullDelay	1.1571	1.1571e+06	1	6
3.76814	0	1	222	LastDelay	1.1707	1.1707e+06	1	6
3.76814	0	1	222	FullDelay	1.1707	1.1707e+06	1	6
3.77815	0	1	223	LastDelay	1.16705	1.16705e+06	1	6
3.77815	0	1	223	FullDelay	1.16705	1.16705e+06	1	6
3.78972	0	1	224	LastDelay	1.1718	1.1718e+06	1	6
3.78972	0	1	224	FullDelay	1.1718	1.1718e+06	1	6
3.80031	0	1	225	LastDelay	1.17557	1.17557e+06	1	6
3.80031	0	1	225	FullDelay	1.17557	1.17557e+06	1	6
3.81418	0	1	226	LastDelay	1.18261	1.18261e+06	1	6
3.81418	0	1	226	FullDelay	1.18261	1.18261e+06	1	6
3.82408	0	1	227	LastDelay	1.18568	1.18568e+06	1	6
3.82408	0	1	227	FullDelay	1.18568	1.18568e+06	1	6
3.83512	0	1	109	LastDelay	1.18307	1.18307e+06	1	2
3.83512	0	1	109	FullDelay	2.05688	2.05688e+06	2	2
3.84646	0	1	228	LastDelay	1.20123	1.20123e+06	1	6
3.84646	0	1	228	FullDelay	1.20123	1.20123e+06	1	6
3.85553	0	1	229	LastDelay	1.19666	1.19666e+06	1	6
3.85553	0	1	229	FullDelay	1.19666	1.19666e+06	1	6
3.86493	0	1	230	LastDelay	1.19922	1.19922e+06	1	6
3.86493	0	1	230	FullDelay	1.19922	1.19922e+06	1	6
3.88724	0	1	231	LastDelay	1.21471	1.21471e+06	1	6
3.88724	0	1	231	FullDelay	1.21471	1.21471e+06	1	6
3.89669	0	1	232	LastDelay	1.21733	1.21733e+06	1	6
3.89669	0	1	232	FullDelay	1.21733	1.21733e+06	1	6
3.91959	0	1	234	LastDelay	1.22657	1.22657e+06	1	6
3.91959	0	1	234	FullDelay	1.22657	1.22657e+06	1	6
3.93366	0	1	235	LastDelay	1.23382	1.23382e+06	1	6
3.93366	0	1	235	FullDelay	1.23382	1.23382e+06	1	6
3.94629	0	1	236	LastDelay	1.23962	1.23962e+06	1	6
3.94629	0	1	236	FullDelay	1.23962	1.23962e+06	1	6
3.95536	0	1	237	LastDelay	1.24187	1.24187e+06	1	6
3.95536	0	1	237	FullDelay	1.24187	1.24187e+06	1	6
3.9676	0	1	238	LastDelay	1.24728	1.24728e+06	1	6
3.9676	0	1	238	FullDelay	1.24728	1.24728e+06	1	6
3.98	0	1	239	LastDelay	1.25286	1.25286e+06	1	6
3.98	0	1	239	FullDelay	1.25286	1.25286e+06	1	6
3.99189	0	1	240	LastDelay	1.25792	1.25792e+06	1	6
3.99189	0	1	240	FullDelay	1.25792	1.25792e+06	1	6
4.00307	0	1	241	LastDelay	1.26227	1.26227e+06	1	6
4.00307	0	1	241	FullDelay	1.26227	1.26227e+06	1	6
4.01565	0	1	242	LastDelay	1.26802	1.26802e+06	1	6
4.01565	0	1	242	FullDelay	1.26802	1.26802e+06	1	6
4.02683	0	1	243	LastDelay	1.27238	1.27238e+06	1	6
4.02683	0	1	243	FullDelay	1.27238	1.27238e+06	1	6
4.03875	0	1	244	LastDelay	1.27747	1.27747e+06	1	6
4.03875	0	1	244	FullDelay	1.27747	1.27747e+06	1	6
4.06102	0	1	246	LastDelay	1.28609	1.28609e+06	1	6
4.06102	0	1	246	FullDelay	1.28609	1.28609e+06	1	6
4.07012	0	1	247	LastDelay	1.28836	1.28836e+06	1	6
4.07012	0	1	247	FullDelay	1.28836	1.28836e+06	1	6
4.07925	0	1	248	LastDelay	1.29067	1.29067e+06	1	6
4.07925	0	1	248	FullDelay	1.29067	1.29067e+06	1	6
4.10061	0	1	249	LastDelay	1.3052	1.3052e+06	1	6
4.10061	0	1	249	FullDelay	1.3052	1.3052e+06	1	6
4.11092	0	1	250	LastDelay	1.30868	1.30868e+06	1	6
4.11092	0	1	250	FullDelay	1.30868	1.30868e+06	1	6
4.12096	0	1	251	LastDelay	1.3119	1.3119e+06	1	6
4.12096	0	1	251	FullDelay	1.3119	1.3119e+06	1	6
4.13041	0	1	252	LastDelay	1.31451	1.31451e+06	1	6
4.13041	0	1	252	FullDelay	1.31451	1.31451e+06	1	6
4.14035	0	1	253	LastDelay	1.31763	1.31763e+06	1	6
4.14035	0	1	253	FullDelay	1.31763	1.31763e+06	1	6
4.15063	0	1	254	LastDelay	1.32108	1.32108e+06	1	6
4.15063	0	1	254	FullDelay	1.32108	1.32108e+06	1	6
4.16024	0	1	255	LastDelay	1.32387	1.32387e+06	1	6
4.16024	0	1	255	FullDelay	1.32387	1.32387e+06	1	6
4.18774	0	1	257	LastDelay	1.33772	1.33772e+06	1	6
4.18774	0	1	257	FullDelay	1.33772	1.33772e+06	1	6
4.19929	0	1	258	LastDelay	1.34244	1.34244e+06	1	6
4.19929	0	1	258	FullDelay	1.34244	1.34244e+06	1	6
4.21124	0	1	259	LastDelay	1.34756	1.34756e+06	1	6
4.21124	0	1	259	FullDelay	1.34756	1.34756e+06	1	6
4.2204	0	1	260	LastDelay	1.3499	1.3499e+06	1	6
4.2204	0	1	260	FullDelay	1.3499	1.3499e+06	1	6
4.23843	0	1	261	LastDelay	1.3611	1.3611e+06	1	6
4.23843	0	1	261	FullDelay	1.3611	1.3611e+06	1	6
4.24838	0	1	262	LastDelay	1.36422	1.36422e+06	1	6
4.24838	0	1	262	FullDelay	1.36422	1.36422e+06	1	6
4.25884	0	1	263	LastDelay	1.36786	1.36786e+06	1	6
4.25884	0	1	263	FullDelay	1.36786	1.36786e+06	1	6
4.26998	0	1	264	LastDelay	1.37216	1.37216e+06	1	6
4.26998	0	1	264	FullDelay	1.37216	1.37216e+06	1	6
4.27904	0	1	265	LastDelay	1.3744	1.3744e+06	1	6
4.27904	0	1	265	FullDelay	1.3744	1.3744e+06	1	6
4.29022	0	1	266	LastDelay	1.37875	1.37875e+06	1	6
4.29022	0	1	266	FullDelay	1.37875	1.37875e+06	1	6
4.30295	0	1	267	LastDelay	1.38465	1.38465e+06	1	6
4.30295	0	1	267	FullDelay	1.38465	1.38465e+06	1	6
4.31513	0	1	268	LastDelay	1.39001	1.39001e+06	1	6
4.31513	0	1	268	FullDelay	1.39001	1.39001e+06	1	6
4.32643	0	1	269	LastDelay	1.39448	1.39448e+06	1	6
4.32643	0	1	269	FullDelay	1.39448	1.39448e+06	1	6
4.33555	0	1	270	LastDelay	1.39678	1.39678e+06	1	6
4.33555	0	1	270	FullDelay	1.39678	1.39678e+06	1	6
4.34936	0	1	271	LastDelay	1.40376	1.40376e+06	1	6
4.34936	0	1	271	FullDelay	1.40376	1.40376e+06	1	6
4.36066	0	1	272	LastDelay	1.40823	1.40823e+06	1	6
4.36066	0	1	272	FullDelay	1.40823	1.40823e+06	1	6
4.38988	0	1	274	LastDelay	1.4238	1.4238e+06	1	6
4.38988	0	1	274	FullDelay	1.4238	1.4238e+06	1	6
4.40516	0	1	275	LastDelay	1.43225	1.43225e+06	1	6
4.40516	0	1	275	FullDelay	1.43225	1.43225e+06	1	6
4.41424	0	1	276	LastDelay	1.43451	1.43451e+06	1	6
4.41424	0	1	276	FullDelay	1.43451	1.43451e+06	1	6
4.42333	0	1	277	LastDelay	1.43677	1.43677e+06	1	6
4.42333	0	1	277	FullDelay	1.43677	1.43677e+06	1	6
4.4362	0	1	278	LastDelay	1.44281	1.44281e+06	1	6
4.4362	0	1	278	FullDelay	1.44281	1.44281e+06	1	6
4.46275	0	1	280	LastDelay	1.45571	1.45571e+06	1	6
4.46275	0	1	280	FullDelay	1.45571	1.45571e+06	1	6
4.47318	0	1	281	LastDelay	1.45932	1.45932e+06	1	6
4.47318	0	1	281	FullDelay	1.45932	1.45932e+06	1	6
4.48229	0	1	282	LastDelay	1.4616	1.4616e+06	1	6
4.48229	0	1	282	FullDelay	1.4616	1.4616e+06	1	6
4.49167	0	1	283	LastDelay	1.46415	1.46415e+06	1	6
4.49167	0	1	283	FullDelay	1.46415	1.46415e+06	1	6
4.50845	0	1	284	LastDelay	1.47411	1.47411e+06	1	6
4.50845	0	1	284	FullDelay	1.47411	1.47411e+06	1	6
4.51758	0	1	285	LastDelay	1.4764	1.4764e+06	1	6
4.51758	0	1	285	FullDelay	1.4764	1.4764e+06	1	6
4.5317	0	1	143	LastDelay	1.47687	1.47687e+06	1	2
4.5317	0	1	143	FullDelay	2.51452	2.51452e+06	2	2
4.54296	0	1	286	LastDelay	1.49496	1.49496e+06	1	6
4.54296	0	1	286	FullDelay	1.49496	1.49496e+06	1	6
4.55584	0	1	287	LastDelay	1.49419	1.49419e+06	1	6
4.55584	0	1	287	FullDelay	1.49419	1.49419e+06	1	6
4.57333	0	1	152	LastDelay	1.47072	1.47072e+06	1	2
4.57333	0	1	152	FullDelay	2.49472	2.49472e+06	2	2
4.59492	0	1	288	LastDelay	1.52644	1.52644e+06	1	6
4.59492	0	1	288	FullDelay	1.52644	1.52644e+06	1	6
4.60712	0	1	289	LastDelay	1.53181	1.53181e+06	1	6
4.60712	0	1	289	FullDelay	1.53181	1.53181e+06	1	6
4.61742	0	1	290	LastDelay	1.53529	1.53529e+06	1	6
4.61742	0	1	290	FullDelay	1.53529	1.53529e+06	1	6
4.62653	0	1	291	LastDelay	1.53757	1.53757e+06	1	6
4.62653	0	1	291	FullDelay	1.53757	1.53757e+06	1	6
4.64613	0	1	293	LastDelay	1.53669	1.53669e+06	1	6
4.64613	0	1	293	FullDelay	1.53669	1.53669e+06	1	6
4.65755	0	1	294	LastDelay	1.54128	1.54128e+06	1	6
4.65755	0	1	294	FullDelay	1.54128	1.54128e+06	1	6
4.66999	0	1	295	LastDelay	1.5469	1.5469e+06	1	6
4.66999	0	1	295	FullDelay	1.5469	1.5469e+06	1	6
4.68041	0	1	296	LastDelay	1.55049	1.55049e+06	1	6
4.68041	0	1	296	FullDelay	1.55049	1.55049e+06	1	6
4.69219	0	1	297	LastDelay	1.55544	1.55544e+06	1	6
4.69219	0	1	297	FullDelay	1.55544	1.55544e+06	1	6
4.70257	0	1	298	LastDelay	1.559	1.559e+06	1	6
4.70257	0	1	298	FullDelay	1.559	1.559e+06	1	6
4.7242	0	1	300	LastDelay	1.56697	1.56697e+06	1	6
4.7242	0	1	300	FullDelay	1.56697	1.56697e+06	1	6
4.73518	0	1	301	LastDelay	1.57113	1.57113e+06	1	6
4.73518	0	1	301	FullDelay	1.57113	1.57113e+06	1	6
4.74608	0	1	302	LastDelay	1.5752	1.5752e+06	1	6
4.74608	0	1	302	FullDelay	1.5752	1.5752e+06	1	6
4.75708	0	1	303	LastDelay	1.57937	1.57937e+06	1	6
4.75708	0	1	303	FullDelay	1.57937	1.57937e+06	1	6
4.76622	0	1	304	LastDelay	1.58169	1.58169e+06	1	6
4.76622	0	1	304	FullDelay	1.58169	1.58169e+06	1	6
4.77631	0	1	305	LastDelay	1.58495	1.58495e+06	1	6
4.77631	0	1	305	FullDelay	1.58495	1.58495e+06	1	6
4.78585	0	1	306	LastDelay	1.58767	1.58767e+06	1	6
4.78585	0	1	306	FullDelay	1.58767	1.58767e+06	1	6
4.79815	0	1	307	LastDelay	1.59314	1.59314e+06	1	6
4.79815	0	1	307	FullDelay	1.59314	1.59314e+06	1	6
4.81308	0	1	308	LastDelay	1.60124	1.60124e+06	1	6
4.81308	0	1	308	FullDelay	1.60124	1.60124e+06	1	6
4.82214	0	1	309	LastDelay	1.60348	1.60348e+06	1	6
4.82214	0	1	309	FullDelay	1.60348	1.60348e+06	1	6
4.83253	0	1	310	LastDelay	1.60704	1.60704e+06	1	6
4.83253	0	1	310	FullDelay	1.60704	1.60704e+06	1	6
4.84191	0	1	311	LastDelay	1.60959	1.60959e+06	1	6
4.84191	0	1	311	FullDelay	1.60959	1.60959e+06	1	6
4.85594	0	1	312	LastDelay	1.61679	1.61679e+06	1	6
4.85594	0	1	312	FullDelay	1.61679	1.61679e+06	1	6
4.86605	0	1	313	LastDelay	1.62008	1.62008e+06	1	6
4.86605	0	1	313	FullDelay	1.62008	1.62008e+06	1	6
4.88472	0	1	314	LastDelay	1.63192	1.63192e+06	1	6
4.88472	0	1	314	FullDelay	1.63192	1.63192e+06	1	6
4.89829	0	1	315	LastDelay	1.63867	1.63867e+06	1	6
4.89829	0	1	315	FullDelay	1.63867	1.63867e+06	1	6
4.91004	0	1	316	LastDelay	1.64358	1.64358e+06	1	6
4.91004	0	1	316	FullDelay	1.64358	1.64358e+06	1	6
4.92184	0	1	317	LastDelay	1.64856	1.64856e+06	1	6
4.92184	0	1	317	FullDelay	1.64856	1.64856e+06	1	6
4.93215	0	1	318	LastDelay	1.65204	1.65204e+06	1	6
4.93215	0	1	318	FullDelay	1.65204	1.65204e+06	1	6
4.94324	0	1	319	LastDelay	1.6563	1.6563e+06	1	6
4.94324	0	1	319	FullDelay	1.6563	1.6563e+06	1	6
4.95236	0	1	320	LastDelay	1.6586	1.6586e+06	1	6
4.95236	0	1	320	FullDelay	1.6586	1.6586e+06	1	6
4.96153	0	1	321	LastDelay	1.66094	1.66094e+06	1	6
4.96153	0	1	321	FullDelay	1.66094	1.66094e+06	1	6
4.9728	0	1	322	LastDelay	1.66539	1.66539e+06	1	6
4.9728	0	1	322	FullDelay	1.66539	1.66539e+06	1	6
4.98593	0	1	323	LastDelay	1.67169	1.67169e+06	1	6
4.98593	0	1	323	FullDelay	1.67169	1.67169e+06	1	6
4.99775	0	1	324	LastDelay	1.67668	1.67668e+06	1	6
4.99775	0	1	324	FullDelay	1.67668	1.67668e+06	1	6
5.01225	0	1	325	LastDelay	1.68436	1.68436e+06	1	6
5.01225	0	1	325	FullDelay	1.68436	1.68436e+06	1	6
5.02136	0	1	326	LastDelay	1.68664	1.68664e+06	1	6
5.02136	0	1	326	FullDelay	1.68664	1.68664e+06	1	6
5.03043	0	1	327	LastDelay	1.68888	1.68888e+06	1	6
5.03043	0	1	327	FullDelay	1.68888	1.68888e+06	1	6
5.03951	0	1	328	LastDelay	1.69114	1.69114e+06	1	6
5.03951	0	1	328	FullDelay	1.69114	1.69114e+06	1	6
5.05703	0	1	173	LastDelay	1.65404	1.65404e+06	1	2
5.05703	0	1	173	FullDelay	2.82823	2.82823e+06	2	2
5.06612	0	1	329	LastDelay	1.71092	1.71092e+06	1	6
5.06612	0	1	329	FullDelay	1.71092	1.71092e+06	1	6
5.07613	0	1	330	LastDelay	1.7141	1.7141e+06	1	6
5.07613	0	1	330	FullDelay	1.7141	1.7141e+06	1	6
5.09535	0	1	332	LastDelay	1.71967	1.71967e+06	1	6
5.09535	0	1	332	FullDelay	1.71967	1.71967e+06	1	6
5.10538	0	1	333	LastDelay	1.72287	1.72287e+06	1	6
5.10538	0	1	333	FullDelay	1.72287	1.72287e+06	1	6
5.12162	0	1	334	LastDelay	1.73229	1.73229e+06	1	6
5.12162	0	1	334	FullDelay	1.73229	1.73229e+06	1	6
5.14213	0	1	336	LastDelay	1.73231	1.73231e+06	1	6
5.14213	0	1	336	FullDelay	1.73231	1.73231e+06	1	6
5.15145	0	1	337	LastDelay	1.73481	1.73481e+06	1	6
5.15145	0	1	337	FullDelay	1.73481	1.73481e+06	1	6
5.16105	0	1	338	LastDelay	1.73759	1.73759e+06	1	6
5.16105	0	1	338	FullDelay	1.73759	1.73759e+06	1	6
5.17285	0	1	339	LastDelay	1.74256	1.74256e+06	1	6
5.17285	0	1	339	FullDelay	1.74256	1.74256e+06	1	6
5.18735	0	1	340	LastDelay	1.75023	1.75023e+06	1	6
5.18735	0	1	340	FullDelay	1.75023	1.75023e+06	1	6
5.19754	0	1	341	LastDelay	1.75359	1.75359e+06	1	6
5.19754	0	1	341	FullDelay	1.75359	1.75359e+06	1	6
5.20667	0	1	342	LastDelay	1.75589	1.75589e+06	1	6
5.20667	0	1	342	FullDelay	1.75589	1.75589e+06	1	6
5.24227	0	1	344	LastDelay	1.77784	1.77784e+06	1	6
5.24227	0	1	344	FullDelay	1.77784	1.77784e+06	1	6
5.25153	0	1	345	LastDelay	1.78028	1.78028e+06	1	6
5.25153	0	1	345	FullDelay	1.78028	1.78028e+06	1	6
5.27071	0	1	347	LastDelay	1.7858	1.7858e+06	1	6
5.27071	0	1	347	FullDelay	1.7858	1.7858e+06	1	6
5.28102	0	1	348	LastDelay	1.78929	1.78929e+06	1	6
5.28102	0	1	348	FullDelay	1.78929	1.78929e+06	1	6
5.29144	0	1	349	LastDelay	1.79288	1.79288e+06	1	6
5.29144	0	1	349	FullDelay	1.79288	1.79288e+06	1	6
5.30165	0	1	350	LastDelay	1.79627	1.79627e+06	1	6
5.30165	0	1	350	FullDelay	1.79627	1.79627e+06	1	6
5.32162	0	1	352	LastDelay	1.80258	1.80258e+06	1	6
5.32162	0	1	352	FullDelay	1.80258	1.80258e+06	1	6
5.33073	0	1	353	LastDelay	1.80486	1.80486e+06	1	6
5.33073	0	1	353	FullDelay	1.80486	1.80486e+06	1	6
5.34101	0	1	354	LastDelay	1.80832	1.80832e+06	1	6
5.34101	0	1	354	FullDelay	1.80832	1.80832e+06	1	6
5.35095	0	1	355	LastDelay	1.81143	1.81143e+06	1	6
5.35095	0	1	355	FullDelay	1.81143	1.81143e+06	1	6
5.37659	0	1	357	LastDelay	1.82342	1.82342e+06	1	6
5.37659	0	1	357	FullDelay	1.82342	1.82342e+06	1	6
5.39015	0	1	358	LastDelay	1.83015	1.83015e+06	1	6
5.39015	0	1	358	FullDelay	1.83015	1.83015e+06	1	6
5.40305	0	1	359	LastDelay	1.83623	1.83623e+06	1	6
5.40305	0	1	359	FullDelay	1.83623	1.83623e+06	1	6
5.41238	0	1	360	LastDelay	1.83872	1.83872e+06	1	6
5.41238	0	1	360	FullDelay	1.83872	1.83872e+06	1	6
5.4223	0	1	361	LastDelay	1.84182	1.84182e+06	1	6
5.4223	0	1	361	FullDelay	1.84182	1.84182e+06	1	6
5.43318	0	1	362	LastDelay	1.84588	1.84588e+06	1	6
5.43318	0	1	362	FullDelay	1.84588	1.84588e+06	1	6
5.44235	0	1	363	LastDelay	1.84821	1.84821e+06	1	6
5.44235	0	1	363	FullDelay	1.84821	1.84821e+06	1	6
5.47292	0	1	365	LastDelay	1.86514	1.86514e+06	1	6
5.47292	0	1	365	FullDelay	1.86514	1.86514e+06	1	6
5.48288	0	1	366	LastDelay	1.86826	1.86826e+06	1	6
5.48288	0	1	366	FullDelay	1.86826	1.86826e+06	1	6
5.49551	0	1	367	LastDelay	1.87407	1.87407e+06	1	6
5.49551	0	1	367	FullDelay	1.87407	1.87407e+06	1	6
5.50588	0	1	368	LastDelay	1.87761	1.87761e+06	1	6
5.50588	0	1	368	FullDelay	1.87761	1.87761e+06	1	6
5.52026	0	1	369	LastDelay	1.88517	1.88517e+06	1	6
5.52026	0	1	369	FullDelay	1.88517	1.88517e+06	1	6
5.52935	0	1	370	LastDelay	1.88743	1.88743e+06	1	6
5.52935	0	1	370	FullDelay	1.88743	1.88743e+06	1	6
5.53964	0	1	371	LastDelay	1.8909	1.8909e+06	1	6
5.53964	0	1	371	FullDelay	1.8909	1.8909e+06	1	6
5.54871	0	1	372	LastDelay	1.89314	1.89314e+06	1	6
5.54871	0	1	372	FullDelay	1.89314	1.89314e+06	1	6
5.56505	0	1	373	LastDelay	1.90265	1.90265e+06	1	6
5.56505	0	1	373	FullDelay	1.90265	1.90265e+06	1	6
5.58087	0	1	374	LastDelay	1.91165	1.91165e+06	1	6
5.58087	0	1	374	FullDelay	1.91165	1.91165e+06	1	6
5.60403	0	1	376	LastDelay	1.92115	1.92115e+06	1	6
5.60403	0	1	376	FullDelay	1.92115	1.92115e+06	1	6
5.61326	0	1	377	LastDelay	1.92355	1.92355e+06	1	6
5.61326	0	1	377	FullDelay	1.92355	1.92355e+06	1	6
5.62316	0	1	378	LastDelay	1.92663	1.92663e+06	1	6
5.62316	0	1	378	FullDelay	1.92663	1.92663e+06	1	6
5.64596	0	1	380	LastDelay	1.93577	1.93577e+06	1	6
5.64596	0	1	380	FullDelay	1.93577	1.93577e+06	1	6
5.65506	0	1	381	LastDelay	1.93805	1.93805e+06	1	6
5.65506	0	1	381	FullDelay	1.93805	1.93805e+06	1	6
5.66893	0	1	202	LastDelay	1.91779	1.91779e+06	1	2
5.66893	0	1	202	FullDelay	3.21485	3.21485e+06	2	2
5.67812	0	1	382	LastDelay	1.95428	1.95428e+06	1	6
5.67812	0	1	382	FullDelay	1.95428	1.95428e+06	1	6
5.68719	0	1	383	LastDelay	1.95652	1.95652e+06	1	6
5.68719	0	1	383	FullDelay	1.95652	1.95652e+06	1	6
5.7017	0	1	384	LastDelay	1.96421	1.96421e+06	1	6
5.7017	0	1	384	FullDelay	1.96421	1.96421e+06	1	6
5.71298	0	1	385	LastDelay	1.96866	1.96866e+06	1	6
5.71298	0	1	385	FullDelay	1.96866	1.96866e+06	1	6
5.73754	0	1	387	LastDelay	1.97274	1.97274e+06	1	6
5.73754	0	1	387	FullDelay	1.97274	1.97274e+06	1	6
5.74946	0	1	388	LastDelay	1.97783	1.97783e+06	1	6
5.74946	0	1	388	FullDelay	1.97783	1.97783e+06	1	6
5.76932	0	1	390	LastDelay	1.98404	1.98404e+06	1	6
5.76932	0	1	390	FullDelay	1.98404	1.98404e+06	1	6
5.78688	0	1	391	LastDelay	1.99477	1.99477e+06	1	6
5.78688	0	1	391	FullDelay	1.99477	1.99477e+06	1	6
5.79725	0	1	392	LastDelay	1.99832	1.99832e+06	1	6
5.79725	0	1	392	FullDelay	1.99832	1.99832e+06	1	6
48.952	0	1	6975	LastDelay	0.035621	35621	1	6
48.952	0	1	6975	FullDelay	0.035621	35621	1	6
48.9675	0	1	6976	LastDelay	0.0443226	44322.6	1	6
48.9675	0	1	6976	FullDelay	0.0443226	44322.6	1	6
49.0549	0	1	6977	LastDelay	0.124879	124879	1	6
49.0549	0	1	6977	FullDelay	0.124879	124879	1	6
49.0718	0	1	6978	LastDelay	0.134926	134926	1	6
49.0718	0	1	6978	FullDelay	0.134926	134926	1	6
49.1008	0	1	6980	LastDelay	0.150342	150342	1	6
49.1008	0	1	6980	FullDelay	0.150342	150342	1	6
49.1099	0	1	6981	LastDelay	0.152601	152601	1	6
49.1099	0	1	6981	FullDelay	0.152601	152601	1	6
49.1293	0	1	6982	LastDelay	0.16514	165140	1	6
49.1293	0	1	6982	FullDelay	0.16514	165140	1	6
49.1384	0	1	6983	LastDelay	0.167399	167399	1	6
49.1384	0	1	6983	FullDelay	0.167399	167399	1	6
49.1605	0	1	6984	LastDelay	0.182706	182706	1	6
49.1605	0	1	6984	FullDelay	0.182706	182706	1	6
49.1976	0	1	6985	LastDelay	0.212961	212961	1	6
49.1976	0	1	6985	FullDelay	0.212961	212961	1	6
49.2183	0	1	6986	LastDelay	0.226866	226866	1	6
49.2183	0	1	6986	FullDelay	0.226866	226866	1	6
49.2292	0	1	6987	LastDelay	0.230915	230915	1	6
49.2292	0	1	6987	FullDelay	0.230915	230915	1	6
49.2383	0	1	107	LastDelay	0.233147	233147	1	4
49.2383	0	1	107	FullDelay	47.4737	4.74737e+07	4	4
49.2483	0	1	219	LastDelay	0.236336	236336	1	4
49.2483	0	1	219	FullDelay	46.6713	4.66713e+07	3	4
49.281	0	1	233	LastDelay	0.262184	262184	1	4
49.281	0	1	233	FullDelay	46.5948	4.65948e+07	3	4
49.3019	0	1	256	LastDelay	0.269453	269453	1	4
49.3019	0	1	256	FullDelay	46.4587	4.64587e+07	3	4
49.336	0	1	273	LastDelay	0.296756	296756	1	4
49.336	0	1	273	FullDelay	46.3768	4.63768e+07	3	4
49.3857	0	1	292	LastDelay	0.332799	332799	1	4
49.3857	0	1	292	FullDelay	46.2899	4.62899e+07	3	4
49.4074	0	1	299	LastDelay	0.34763	347630	1	4
49.4074	0	1	299	FullDelay	46.257	4.6257e+07	3	4
49.4185	0	1	331	LastDelay	0.351943	351943	1	4
49.4185	0	1	331	FullDelay	46.0496	4.60496e+07	3	4
49.4311	0	1	335	LastDelay	0.357707	357707	1	4
49.4311	0	1	335	FullDelay	46.0349	4.60349e+07	3	4
49.442	0	1	343	LastDelay	0.361794	361794	1	4
49.442	0	1	343	FullDelay	45.9844	4.59844e+07	3	4
49.4726	0	1	346	LastDelay	0.385585	385585	1	4
49.4726	0	1	346	FullDelay	45.9945	4.59945e+07	3	4
49.5287	0	1	356	LastDelay	0.427987	427987	1	4
49.5287	0	1	356	FullDelay	45.9823	4.59823e+07	3	4
49.556	0	1	375	LastDelay	0.441673	441673	1	4
49.556	0	1	375	FullDelay	45.88	4.588e+07	3	4
49.6033	0	1	386	LastDelay	0.47529	475290	1	4
49.6033	0	1	386	FullDelay	45.8453	4.58453e+07	3	4
49.6225	0	1	389	LastDelay	0.487704	487704	1	4
49.6225	0	1	389	FullDelay	45.8441	4.58441e+07	3	4
49.6669	0	1	393	LastDelay	0.525229	525229	1	4
49.6669	0	1	393	FullDelay	45.8611	4.58611e+07	3	4
49.676	0	1	394	LastDelay	0.527488	527488	1	4
49.676	0	1	394	FullDelay	45.8634	4.58634e+07	3	4
49.7012	0	1	396	LastDelay	0.539053	539053	1	4
49.7012	0	1	396	FullDelay	45.8749	4.58749e+07	3	4
49.7347	0	1	397	LastDelay	0.565749	565749	1	4
49.7347	0	1	397	FullDelay	45.9016	4.59016e+07	3	4
49.7541	0	1	399	LastDelay	0.571468	571468	1	4
49.7541	0	1	399	FullDelay	45.9074	4.59074e+07	2	4
49.8035	0	1	400	LastDelay	0.614058	614058	1	4
49.8035	0	1	400	FullDelay	45.9499	4.59499e+07	2	4
49.8138	0	1	401	LastDelay	0.617498	617498	1	4
49.8138	0	1	401	FullDelay	45.9534	4.59534e+07	2	4
49.8535	0	1	402	LastDelay	0.650389	650389	1	4
49.8535	0	1	402	FullDelay	45.9863	4.59863e+07	2	4
49.8625	0	1	403	LastDelay	0.652628	652628	1	4
49.8625	0	1	403	FullDelay	45.9885	4.59885e+07	2	4
49.9212	0	1	406	LastDelay	0.690786	690786	1	4
49.9212	0	1	406	FullDelay	46.0267	4.60267e+07	2	4
50.0212	0	1	410	LastDelay	0.763519	763519	1	4
50.0212	0	1	410	FullDelay	46.0994	4.60994e+07	2	4
50.0403	0	1	411	LastDelay	0.775811	775811	1	4
50.0403	0	1	411	FullDelay	46.1117	4.61117e+07	2	4
50.0513	0	1	412	LastDelay	0.779983	779983	1	4
50.0513	0	1	412	FullDelay	46.1159	4.61159e+07	2	4
50.0667	0	1	413	LastDelay	0.788502	788502	1	4
50.0667	0	1	413	FullDelay	46.1244	4.61244e+07	2	4
50.0766	0	1	414	LastDelay	0.791607	791607	1	4
50.0766	0	1	414	FullDelay	46.1275	4.61275e+07	2	4
50.0899	0	1	415	LastDelay	0.79806	798060	1	4
50.0899	0	1	415	FullDelay	46.1339	4.61339e+07	2	4
50.1415	0	1	416	LastDelay	0.842844	842844	1	4
50.1415	0	1	416	FullDelay	46.1787	4.61787e+07	2	4
50.171	0	1	417	LastDelay	0.865462	865462	1	4
50.171	0	1	417	FullDelay	46.2014	4.62014e+07	2	4
50.18	0	1	418	LastDelay	0.867721	867721	1	4
50.18	0	1	418	FullDelay	46.2036	4.62036e+07	2	4
50.2009	0	1	419	LastDelay	0.881806	881806	1	4
50.2009	0	1	419	FullDelay	46.2177	4.62177e+07	2	4
50.2225	0	1	420	LastDelay	0.896482	896482	1	4
50.2225	0	1	420	FullDelay	46.2324	4.62324e+07	2	4
50.2419	0	1	421	LastDelay	0.909122	909122	1	4
50.2419	0	1	421	FullDelay	46.245	4.6245e+07	2	4
50.251	0	1	422	LastDelay	0.911402	911402	1	4
50.251	0	1	422	FullDelay	46.2405	4.62405e+07	2	4
50.2609	0	1	423	LastDelay	0.914467	914467	1	4
50.2609	0	1	423	FullDelay	46.2435	4.62435e+07	2	4
50.2801	0	1	424	LastDelay	0.926859	926859	1	4
50.2801	0	1	424	FullDelay	46.2559	4.62559e+07	2	4
50.3347	0	1	425	LastDelay	0.974566	974566	1	4
50.3347	0	1	425	FullDelay	46.3036	4.63036e+07	2	4
50.3438	0	1	426	LastDelay	0.976845	976845	1	4
50.3438	0	1	426	FullDelay	46.3059	4.63059e+07	2	4
50.4038	0	1	428	LastDelay	1.02321	1.02321e+06	1	4
50.4038	0	1	428	FullDelay	46.3454	4.63454e+07	2	4
50.4233	0	1	429	LastDelay	1.03592	1.03592e+06	1	4
50.4233	0	1	429	FullDelay	46.3582	4.63582e+07	2	4
50.4376	0	1	430	LastDelay	1.04334	1.04334e+06	1	4
50.4376	0	1	430	FullDelay	46.3656	4.63656e+07	2	4
50.4874	0	1	432	LastDelay	1.07952	1.07952e+06	1	4
50.4874	0	1	432	FullDelay	46.4018	4.64018e+07	2	4
50.5139	0	1	433	LastDelay	1.09919	1.09919e+06	1	4
50.5139	0	1	433	FullDelay	46.4214	4.64214e+07	2	4
50.5272	0	1	434	LastDelay	1.10566	1.10566e+06	1	4
50.5272	0	1	434	FullDelay	46.4279	4.64279e+07	2	4
50.5634	0	1	435	LastDelay	1.13502	1.13502e+06	1	4
50.5634	0	1	435	FullDelay	46.4573	4.64573e+07	2	4
50.5758	0	1	436	LastDelay	1.14059	1.14059e+06	1	4
50.5758	0	1	436	FullDelay	46.4628	4.64628e+07	2	4
50.5961	0	1	437	LastDelay	1.15404	1.15404e+06	1	4
50.5961	0	1	437	FullDelay	46.4763	4.64763e+07	2	4
50.6071	0	1	438	LastDelay	1.15822	1.15822e+06	1	4
50.6071	0	1	438	FullDelay	46.4805	4.64805e+07	2	4
50.6202	0	1	439	LastDelay	1.16454	1.16454e+06	1	4
50.6202	0	1	439	FullDelay	46.4868	4.64868e+07	2	4
50.6405	0	1	440	LastDelay	1.17799	1.17799e+06	1	4
50.6405	0	1	440	FullDelay	46.5002	4.65002e+07	2	4
50.6618	0	1	441	LastDelay	1.19243	1.19243e+06	1	4
50.6618	0	1	441	FullDelay	46.5147	4.65147e+07	2	4
50.7013	0	1	442	LastDelay	1.22518	1.22518e+06	1	4
50.7013	0	1	442	FullDelay	46.5406	4.65406e+07	2	4
50.7112	0	1	443	LastDelay	1.22826	1.22826e+06	1	4
50.7112	0	1	443	FullDelay	46.5437	4.65437e+07	2	4
50.7351	0	1	444	LastDelay	1.24525	1.24525e+06	1	4
50.7351	0	1	444	FullDelay	46.5607	4.65607e+07	2	4
50.7487	0	1	445	LastDelay	1.25211	1.25211e+06	1	4
50.7487	0	1	445	FullDelay	46.5675	4.65675e+07	2	4
50.7578	0	1	446	LastDelay	1.25437	1.25437e+06	1	4
50.7578	0	1	446	FullDelay	46.5698	4.65698e+07	2	4
50.7964	0	1	447	LastDelay	1.28616	1.28616e+06	1	4
50.7964	0	1	447	FullDelay	46.6016	4.66016e+07	2	4
50.8073	0	1	448	LastDelay	1.2902	1.2902e+06	1	4
50.8073	0	1	448	FullDelay	46.6056	4.66056e+07	2	4
50.8296	0	1	449	LastDelay	1.30569	1.30569e+06	1	4
50.8296	0	1	449	FullDelay	46.6211	4.66211e+07	2	4
50.8491	0	1	450	LastDelay	1.31837	1.31837e+06	1	4
50.8491	0	1	450	FullDelay	46.6338	4.66338e+07	2	4
50.8733	0	1	451	LastDelay	1.33568	1.33568e+06	1	4
50.8733	0	1	451	FullDelay	46.6511	4.66511e+07	2	4
50.8824	0	1	452	LastDelay	1.33798	1.33798e+06	1	4
50.8824	0	1	452	FullDelay	46.6534	4.66534e+07	2	4
50.9019	0	1	453	LastDelay	1.35061	1.35061e+06	1	4
50.9019	0	1	453	FullDelay	46.666	4.6666e+07	2	4
50.9237	0	1	454	LastDelay	1.36567	1.36567e+06	1	4
50.9237	0	1	454	FullDelay	46.6811	4.66811e+07	2	4
50.948	0	1	456	LastDelay	1.37627	1.37627e+06	1	4
50.948	0	1	456	FullDelay	46.6917	4.66917e+07	2	4
50.9672	0	1	457	LastDelay	1.38862	1.38862e+06	1	4
50.9672	0	1	457	FullDelay	46.704	4.6704e+07	2	4
50.9954	0	1	458	LastDelay	1.41002	1.41002e+06	1	4
50.9954	0	1	458	FullDelay	46.7254	4.67254e+07	2	4
51.0073	0	1	459	LastDelay	1.41514	1.41514e+06	1	4
51.0073	0	1	459	FullDelay	46.7305	4.67305e+07	2	4
51.0225	0	1	460	LastDelay	1.42349	1.42349e+06	1	4
51.0225	0	1	460	FullDelay	46.7389	4.67389e+07	2	4
51.0555	0	1	461	LastDelay	1.44967	1.44967e+06	1	4
51.0555	0	1	461	FullDelay	46.7651	4.67651e+07	2	4
51.0903	0	1	463	LastDelay	1.47078	1.47078e+06	1	4
51.0903	0	1	463	FullDelay	46.7794	4.67794e+07	2	4
51.1003	0	1	464	LastDelay	1.47399	1.47399e+06	1	4
51.1003	0	1	464	FullDelay	46.7826	4.67826e+07	2	4
51.1352	0	1	465	LastDelay	1.502	1.502e+06	1	4
51.1352	0	1	465	FullDelay	46.8106	4.68106e+07	2	4
51.1689	0	1	466	LastDelay	1.52894	1.52894e+06	1	4
51.1689	0	1	466	FullDelay	46.8375	4.68375e+07	2	4
51.1799	0	1	467	LastDelay	1.53306	1.53306e+06	1	4
51.1799	0	1	467	FullDelay	46.8416	4.68416e+07	2	4
51.225	0	1	469	LastDelay	1.56451	1.56451e+06	1	4
51.225	0	1	469	FullDelay	46.8731	4.68731e+07	2	4
51.2458	0	1	470	LastDelay	1.57853	1.57853e+06	1	4
51.2458	0	1	470	FullDelay	46.8871	4.68871e+07	2	4
51.2558	0	1	471	LastDelay	1.58168	1.58168e+06	1	4
51.2558	0	1	471	FullDelay	46.8903	4.68903e+07	2	4
51.2696	0	1	472	LastDelay	1.58867	1.58867e+06	1	4
51.2696	0	1	472	FullDelay	46.8973	4.68973e+07	2	4
51.2896	0	1	473	LastDelay	1.60179	1.60179e+06	1	4
51.2896	0	1	473	FullDelay	46.9104	4.69104e+07	2	4
51.3425	0	1	474	LastDelay	1.64789	1.64789e+06	1	4
51.3425	0	1	474	FullDelay	46.9565	4.69565e+07	2	4
51.3555	0	1	475	LastDelay	1.65407	1.65407e+06	1	4
51.3555	0	1	475	FullDelay	46.9627	4.69627e+07	2	4
51.3777	0	1	476	LastDelay	1.66943	1.66943e+06	1	4
51.3777	0	1	476	FullDelay	46.978	4.6978e+07	2	4
51.3868	0	1	477	LastDelay	1.67174	1.67174e+06	1	4
51.3868	0	1	477	FullDelay	46.9735	4.69735e+07	2	4
51.4157	0	1	479	LastDelay	1.687	1.687e+06	1	4
51.4157	0	1	479	FullDelay	46.9888	4.69888e+07	2	4
51.4514	0	1	480	LastDelay	1.7158	1.7158e+06	1	4
51.4514	0	1	480	FullDelay	47.0176	4.70176e+07	2	4
51.4604	0	1	481	LastDelay	1.71804	1.71804e+06	1	4
51.4604	0	1	481	FullDelay	47.0198	4.70198e+07	2	4
51.4715	0	1	482	LastDelay	1.7223	1.7223e+06	1	4
51.4715	0	1	482	FullDelay	47.0241	4.70241e+07	2	4
51.5182	0	1	483	LastDelay	1.7622	1.7622e+06	1	4
51.5182	0	1	483	FullDelay	47.064	4.7064e+07	2	4
51.5372	0	1	484	LastDelay	1.77435	1.77435e+06	1	4
51.5372	0	1	484	FullDelay	47.0761	4.70761e+07	2	4
51.5493	0	1	485	LastDelay	1.77961	1.77961e+06	1	4
51.5493	0	1	485	FullDelay	47.0814	4.70814e+07	2	4
51.5732	0	1	486	LastDelay	1.79669	1.79669e+06	1	4
51.5732	0	1	486	FullDelay	47.0984	4.70984e+07	2	4
51.5915	0	1	487	LastDelay	1.80814	1.80814e+06	1	4
51.5915	0	1	487	FullDelay	47.1099	4.71099e+07	2	4
51.6233	0	1	488	LastDelay	1.83313	1.83313e+06	1	4
51.6233	0	1	488	FullDelay	47.1349	4.71349e+07	2	4
51.6461	0	1	489	LastDelay	1.84912	1.84912e+06	1	4
51.6461	0	1	489	FullDelay	47.1509	4.71509e+07	2	4
51.6715	0	1	490	LastDelay	1.86763	1.86763e+06	1	4
51.6715	0	1	490	FullDelay	47.1694	4.71694e+07	2	4
51.6806	0	1	491	LastDelay	1.86989	1.86989e+06	1	4
51.6806	0	1	491	FullDelay	47.1716	4.71716e+07	2	4
51.7015	0	1	492	LastDelay	1.88402	1.88402e+06	1	4
51.7015	0	1	492	FullDelay	47.1858	4.71858e+07	2	4
51.7115	0	1	493	LastDelay	1.88714	1.88714e+06	1	4
51.7115	0	1	493	FullDelay	47.1889	4.71889e+07	2	4
51.7364	0	1	494	LastDelay	1.90528	1.90528e+06	1	4
51.7364	0	1	494	FullDelay	47.207	4.7207e+07	2	4
51.7464	0	1	495	LastDelay	1.90841	1.90841e+06	1	4
51.7464	0	1	495	FullDelay	47.2102	4.72102e+07	2	4
51.7562	0	1	496	LastDelay	1.91142	1.91142e+06	1	4
51.7562	0	1	496	FullDelay	47.2132	4.72132e+07	2	4
51.7772	0	1	498	LastDelay	1.91878	1.91878e+06	1	4
51.7772	0	1	498	FullDelay	47.2205	4.72205e+07	2	4
51.8084	0	1	499	LastDelay	1.9431	1.9431e+06	1	4
51.8084	0	1	499	FullDelay	47.2449	4.72449e+07	2	4
51.8423	0	1	501	LastDelay	1.9634	1.9634e+06	1	4
51.8423	0	1	501	FullDelay	47.2652	4.72652e+07	2	4
51.8557	0	1	502	LastDelay	1.96998	1.96998e+06	1	4
51.8557	0	1	502	FullDelay	47.2717	4.72717e+07	2	4
51.8723	0	1	503	LastDelay	1.97968	1.97968e+06	1	4
51.8723	0	1	503	FullDelay	47.2814	4.72814e+07	2	4
51.8834	0	1	504	LastDelay	1.98402	1.98402e+06	1	4
51.8834	0	1	504	FullDelay	47.2858	4.72858e+07	2	4
51.9051	0	1	505	LastDelay	1.99887	1.99887e+06	1	4
51.9051	0	1	505	FullDelay	47.3006	4.73006e+07	2	4
119.497	0	1	11065	LastDelay	0.0479548	47954.8	1	6
119.497	0	1	11065	FullDelay	0.0479548	47954.8	1	6
119.509	0	1	11066	LastDelay	0.0526948	52694.8	1	6
119.509	0	1	11066	FullDelay	0.0526948	52694.8	1	6
119.534	0	1	11067	LastDelay	0.0708627	70862.7	1	6
119.534	0	1	11067	FullDelay	0.0708627	70862.7	1	6
119.6	0	1	11068	LastDelay	0.12985	129850	1	6
119.6	0	1	11068	FullDelay	0.12985	129850	1	6
119.617	0	1	11069	LastDelay	0.139756	139756	1	6
119.617	0	1	11069	FullDelay	0.139756	139756	1	6
119.626	0	1	11070	LastDelay	0.142861	142861	1	6
119.626	0	1	11070	FullDelay	0.142861	142861	1	6
119.639	0	1	11071	LastDelay	0.148854	148854	1	6
119.639	0	1	11071	FullDelay	0.148854	148854	1	6
119.661	0	1	11072	LastDelay	0.163769	163769	1	6
119.661	0	1	11072	FullDelay	0.163769	163769	1	6
119.689	0	1	245	LastDelay	0.185037	185037	1	6
119.689	0	1	245	FullDelay	116.921	1.16921e+08	4	6
119.7	0	1	279	LastDelay	0.188946	188946	1	6
119.7	0	1	279	FullDelay	116.7	1.167e+08	4	6
119.738	0	1	351	LastDelay	0.220451	220451	1	6
119.738	0	1	351	FullDelay	116.226	1.16226e+08	4	6
119.76	0	1	364	LastDelay	0.235116	235116	1	6
119.76	0	1	364	FullDelay	116.159	1.16159e+08	4	6
119.79	0	1	379	LastDelay	0.258928	258928	1	6
119.79	0	1	379	FullDelay	116.087	1.16087e+08	4	6
119.802	0	1	395	LastDelay	0.263374	263374	1	6
119.802	0	1	395	FullDelay	115.982	1.15982e+08	4	6
119.835	0	1	398	LastDelay	0.29015	290150	1	6
119.835	0	1	398	FullDelay	115.995	1.15995e+08	4	6
119.855	0	1	404	LastDelay	0.30265	302650	1	6
119.855	0	1	404	FullDelay	115.974	1.15974e+08	3	6
119.884	0	1	405	LastDelay	0.325533	325533	1	6
119.884	0	1	405	FullDelay	115.997	1.15997e+08	3	6
119.918	0	1	407	LastDelay	0.352733	352733	1	6
119.918	0	1	407	FullDelay	116.017	1.16017e+08	3	6
119.93	0	1	408	LastDelay	0.35765	357650	1	6
119.93	0	1	408	FullDelay	116.022	1.16022e+08	3	6
119.976	0	1	409	LastDelay	0.396881	396881	1	6
119.976	0	1	409	FullDelay	116.061	1.16061e+08	3	6
119.997	0	1	427	LastDelay	0.410859	410859	1	6
119.997	0	1	427	FullDelay	115.952	1.15952e+08	3	6
120.017	0	1	431	LastDelay	0.424098	424098	1	6
120.017	0	1	431	FullDelay	115.938	1.15938e+08	3	6
120.066	0	1	455	LastDelay	0.466764	466764	1	6
120.066	0	1	455	FullDelay	115.817	1.15817e+08	3	6
120.077	0	1	462	LastDelay	0.470692	470692	1	6
120.077	0	1	462	FullDelay	115.78	1.1578e+08	3	6
120.087	0	1	468	LastDelay	0.473878	473878	1	6
120.087	0	1	468	FullDelay	115.742	1.15742e+08	3	6
120.106	0	1	478	LastDelay	0.486024	486024	1	6
120.106	0	1	478	FullDelay	115.686	1.15686e+08	3	6
120.116	0	1	497	LastDelay	0.489357	489357	1	6
120.116	0	1	497	FullDelay	115.566	1.15566e+08	3	6
120.126	0	1	500	LastDelay	0.492523	492523	1	6
120.126	0	1	500	FullDelay	115.556	1.15556e+08	3	6
120.164	0	1	506	LastDelay	0.523187	523187	1	6
120.164	0	1	506	FullDelay	115.553	1.15553e+08	3	6
120.174	0	1	507	LastDelay	0.526186	526186	1	6
120.174	0	1	507	FullDelay	115.556	1.15556e+08	3	6
120.215	0	1	508	LastDelay	0.560469	560469	1	6
120.215	0	1	508	FullDelay	115.59	1.1559e+08	3	6
120.271	0	1	511	LastDelay	0.596036	596036	1	6
120.271	0	1	511	FullDelay	115.625	1.15625e+08	3	6
120.292	0	1	512	LastDelay	0.610163	610163	1	6
120.292	0	1	512	FullDelay	115.639	1.15639e+08	3	6
120.313	0	1	513	LastDelay	0.624852	624852	1	6
120.313	0	1	513	FullDelay	115.654	1.15654e+08	3	6
120.349	0	1	515	LastDelay	0.646634	646634	1	6
120.349	0	1	515	FullDelay	115.676	1.15676e+08	3	6
120.371	0	1	517	LastDelay	0.655025	655025	1	6
120.371	0	1	517	FullDelay	115.684	1.15684e+08	3	6
120.392	0	1	518	LastDelay	0.669663	669663	1	6
120.392	0	1	518	FullDelay	115.699	1.15699e+08	3	6
120.411	0	1	519	LastDelay	0.681249	681249	1	6
120.411	0	1	519	FullDelay	115.704	1.15704e+08	3	6
120.424	0	1	520	LastDelay	0.688106	688106	1	6
120.424	0	1	520	FullDelay	115.711	1.15711e+08	3	6
120.443	0	1	521	LastDelay	0.700438	700438	1	6
120.443	0	1	521	FullDelay	115.723	1.15723e+08	3	6
120.467	0	1	522	LastDelay	0.717068	717068	1	6
120.467	0	1	522	FullDelay	115.74	1.1574e+08	3	6
120.488	0	1	523	LastDelay	0.731755	731755	1	6
120.488	0	1	523	FullDelay	115.754	1.15754e+08	3	6
120.534	0	1	525	LastDelay	0.763416	763416	1	6
120.534	0	1	525	FullDelay	115.786	1.15786e+08	3	6
120.554	0	1	526	LastDelay	0.776637	776637	1	6
120.554	0	1	526	FullDelay	115.792	1.15792e+08	3	6
120.585	0	1	527	LastDelay	0.80146	801460	1	6
120.585	0	1	527	FullDelay	115.817	1.15817e+08	3	6
120.605	0	1	528	LastDelay	0.813794	813794	1	6
120.605	0	1	528	FullDelay	115.829	1.15829e+08	3	6
120.616	0	1	529	LastDelay	0.817889	817889	1	6
120.616	0	1	529	FullDelay	115.834	1.15834e+08	3	6
120.69	0	1	530	LastDelay	0.88526	885260	1	6
120.69	0	1	530	FullDelay	115.901	1.15901e+08	3	6
120.701	0	1	531	LastDelay	0.889354	889354	1	6
120.701	0	1	531	FullDelay	115.905	1.15905e+08	3	6
120.721	0	1	532	LastDelay	0.902535	902535	1	6
120.721	0	1	532	FullDelay	115.918	1.15918e+08	3	6
120.732	0	1	533	LastDelay	0.907517	907517	1	6
120.732	0	1	533	FullDelay	115.923	1.15923e+08	3	6
120.768	0	1	535	LastDelay	0.929305	929305	1	6
120.768	0	1	535	FullDelay	115.945	1.15945e+08	3	6
120.791	0	1	536	LastDelay	0.945079	945079	1	6
120.791	0	1	536	FullDelay	115.961	1.15961e+08	3	6
120.8	0	1	537	LastDelay	0.947358	947358	1	6
120.8	0	1	537	FullDelay	115.963	1.15963e+08	3	6
120.832	0	1	539	LastDelay	0.966387	966387	1	6
120.832	0	1	539	FullDelay	115.975	1.15975e+08	3	6
120.856	0	1	540	LastDelay	0.983322	983322	1	6
120.856	0	1	540	FullDelay	115.992	1.15992e+08	3	6
120.889	0	1	541	LastDelay	1.00928	1.00928e+06	1	6
120.889	0	1	541	FullDelay	116.018	1.16018e+08	3	6
120.937	0	1	543	LastDelay	1.04397	1.04397e+06	1	6
120.937	0	1	543	FullDelay	116.053	1.16053e+08	3	6
120.951	0	1	544	LastDelay	1.05063	1.05063e+06	1	6
120.951	0	1	544	FullDelay	116.059	1.16059e+08	3	6
120.96	0	1	545	LastDelay	1.05295	1.05295e+06	1	6
120.96	0	1	545	FullDelay	116.062	1.16062e+08	3	6
120.989	0	1	546	LastDelay	1.07531	1.07531e+06	1	6
120.989	0	1	546	FullDelay	116.084	1.16084e+08	3	6
121.027	0	1	547	LastDelay	1.1061	1.1061e+06	1	6
121.027	0	1	547	FullDelay	116.115	1.16115e+08	3	6
121.049	0	1	548	LastDelay	1.12171	1.12171e+06	1	6
121.049	0	1	548	FullDelay	116.131	1.16131e+08	3	6
121.072	0	1	549	LastDelay	1.13826	1.13826e+06	1	6
121.072	0	1	549	FullDelay	116.147	1.16147e+08	3	6
121.083	0	1	550	LastDelay	1.14161	1.14161e+06	1	6
121.083	0	1	550	FullDelay	116.15	1.1615e+08	3	6
121.092	0	1	551	LastDelay	1.14456	1.14456e+06	1	6
121.092	0	1	551	FullDelay	116.153	1.16153e+08	3	6
121.111	0	1	552	LastDelay	1.15599	1.15599e+06	1	6
121.111	0	1	552	FullDelay	116.165	1.16165e+08	3	6
121.178	0	1	553	LastDelay	1.21689	1.21689e+06	1	6
121.178	0	1	553	FullDelay	116.219	1.16219e+08	3	6
121.199	0	1	554	LastDelay	1.23098	1.23098e+06	1	6
121.199	0	1	554	FullDelay	116.233	1.16233e+08	3	6
121.218	0	1	555	LastDelay	1.24281	1.24281e+06	1	6
121.218	0	1	555	FullDelay	116.245	1.16245e+08	3	6
121.229	0	1	556	LastDelay	1.24742	1.24742e+06	1	6
121.229	0	1	556	FullDelay	116.249	1.16249e+08	3	6
121.24	0	1	557	LastDelay	1.25079	1.25079e+06	1	6
121.24	0	1	557	FullDelay	116.253	1.16253e+08	3	6
121.253	0	1	558	LastDelay	1.2574	1.2574e+06	1	6
121.253	0	1	558	FullDelay	116.259	1.16259e+08	3	6
121.275	0	1	559	LastDelay	1.27306	1.27306e+06	1	6
121.275	0	1	559	FullDelay	116.275	1.16275e+08	3	6
121.297	0	1	560	LastDelay	1.28808	1.28808e+06	1	6
121.297	0	1	560	FullDelay	116.29	1.1629e+08	3	6
121.306	0	1	561	LastDelay	1.29034	1.29034e+06	1	6
121.306	0	1	561	FullDelay	116.292	1.16292e+08	3	6
121.34	0	1	562	LastDelay	1.31662	1.31662e+06	1	6
121.34	0	1	562	FullDelay	116.319	1.16319e+08	3	6
121.352	0	1	563	LastDelay	1.3218	1.3218e+06	1	6
121.352	0	1	563	FullDelay	116.324	1.16324e+08	3	6
121.404	0	1	564	LastDelay	1.36774	1.36774e+06	1	6
121.404	0	1	564	FullDelay	116.37	1.1637e+08	3	6
121.445	0	1	565	LastDelay	1.40193	1.40193e+06	1	6
121.445	0	1	565	FullDelay	116.404	1.16404e+08	3	6
121.467	0	1	566	LastDelay	1.41718	1.41718e+06	1	6
121.467	0	1	566	FullDelay	116.419	1.16419e+08	3	6
121.479	0	1	567	LastDelay	1.42201	1.42201e+06	1	6
121.479	0	1	567	FullDelay	116.424	1.16424e+08	3	6
121.499	0	1	568	LastDelay	1.43551	1.43551e+06	1	6
121.499	0	1	568	FullDelay	116.438	1.16438e+08	3	6
121.512	0	1	569	LastDelay	1.44153	1.44153e+06	1	6
121.512	0	1	569	FullDelay	116.444	1.16444e+08	3	6
121.522	0	1	570	LastDelay	1.44494	1.44494e+06	1	6
121.522	0	1	570	FullDelay	116.447	1.16447e+08	3	6
121.533	0	1	571	LastDelay	1.44849	1.44849e+06	1	6
121.533	0	1	571	FullDelay	116.451	1.16451e+08	3	6
121.582	0	1	573	LastDelay	1.48387	1.48387e+06	1	6
121.582	0	1	573	FullDelay	116.486	1.16486e+08	3	6
121.602	0	1	574	LastDelay	1.49716	1.49716e+06	1	6
121.602	0	1	574	FullDelay	116.499	1.16499e+08	3	6
121.691	0	1	577	LastDelay	1.56587	1.56587e+06	1	6
121.691	0	1	577	FullDelay	116.568	1.16568e+08	3	6
121.711	0	1	578	LastDelay	1.57857	1.57857e+06	1	6
121.711	0	1	578	FullDelay	116.581	1.16581e+08	3	6
121.742	0	1	579	LastDelay	1.60275	1.60275e+06	1	6
121.742	0	1	579	FullDelay	116.605	1.16605e+08	3	6
121.764	0	1	580	LastDelay	1.61796	1.61796e+06	1	6
121.764	0	1	580	FullDelay	116.62	1.1662e+08	3	6
121.789	0	1	582	LastDelay	1.63001	1.63001e+06	1	6
121.789	0	1	582	FullDelay	116.632	1.16632e+08	3	6
121.871	0	1	586	LastDelay	1.68424	1.68424e+06	1	6
121.871	0	1	586	FullDelay	116.686	1.16686e+08	3	6
121.88	0	1	587	LastDelay	1.68648	1.68648e+06	1	6
121.88	0	1	587	FullDelay	116.688	1.16688e+08	3	6
121.902	0	1	588	LastDelay	1.70174	1.70174e+06	1	6
121.902	0	1	588	FullDelay	116.704	1.16704e+08	3	6
121.914	0	1	589	LastDelay	1.70708	1.70708e+06	1	6
121.914	0	1	589	FullDelay	116.709	1.16709e+08	3	6
121.948	0	1	591	LastDelay	1.72715	1.72715e+06	1	6
121.948	0	1	591	FullDelay	116.729	1.16729e+08	3	6
121.966	0	1	592	LastDelay	1.73874	1.73874e+06	1	6
121.966	0	1	592	FullDelay	116.741	1.16741e+08	3	6
122.013	0	1	594	LastDelay	1.7712	1.7712e+06	1	6
122.013	0	1	594	FullDelay	116.773	1.16773e+08	3	6
122.023	0	1	595	LastDelay	1.77515	1.77515e+06	1	6
122.023	0	1	595	FullDelay	116.777	1.16777e+08	3	6
122.032	0	1	596	LastDelay	1.77741	1.77741e+06	1	6
122.032	0	1	596	FullDelay	116.779	1.16779e+08	3	6
122.054	0	1	597	LastDelay	1.79216	1.79216e+06	1	6
122.054	0	1	597	FullDelay	116.794	1.16794e+08	3	6
122.068	0	1	598	LastDelay	1.79913	1.79913e+06	1	6
122.068	0	1	598	FullDelay	116.801	1.16801e+08	3	6
122.089	0	1	599	LastDelay	1.81363	1.81363e+06	1	6
122.089	0	1	599	FullDelay	116.816	1.16816e+08	3	6
122.106	0	1	600	LastDelay	1.82342	1.82342e+06	1	6
122.106	0	1	600	FullDelay	116.825	1.16825e+08	3	6
122.129	0	1	602	LastDelay	1.83253	1.83253e+06	1	6
122.129	0	1	602	FullDelay	116.835	1.16835e+08	3	6
122.171	0	1	604	LastDelay	1.86088	1.86088e+06	1	6
122.171	0	1	604	FullDelay	116.863	1.16863e+08	3	6
122.194	0	1	606	LastDelay	1.87076	1.87076e+06	1	6
122.194	0	1	606	FullDelay	116.873	1.16873e+08	3	6
122.203	0	1	607	LastDelay	1.87304	1.87304e+06	1	6
122.203	0	1	607	FullDelay	116.875	1.16875e+08	3	6
122.226	0	1	608	LastDelay	1.88938	1.88938e+06	1	6
122.226	0	1	608	FullDelay	116.891	1.16891e+08	3	6
122.236	0	1	609	LastDelay	1.89173	1.89173e+06	1	6
122.236	0	1	609	FullDelay	116.894	1.16894e+08	3	6
122.248	0	1	610	LastDelay	1.89746	1.89746e+06	1	6
122.248	0	1	610	FullDelay	116.899	1.16899e+08	3	6
122.257	0	1	611	LastDelay	1.8997	1.8997e+06	1	6
122.257	0	1	611	FullDelay	116.888	1.16888e+08	3	6
122.271	0	1	612	LastDelay	1.9066	1.9066e+06	1	6
122.271	0	1	612	FullDelay	116.895	1.16895e+08	3	6
122.282	0	1	613	LastDelay	1.91118	1.91118e+06	1	6
122.282	0	1	613	FullDelay	116.9	1.169e+08	3	6
122.31	0	1	615	LastDelay	1.92506	1.92506e+06	1	6
122.31	0	1	615	FullDelay	116.913	1.16913e+08	3	6
122.327	0	1	616	LastDelay	1.93505	1.93505e+06	1	6
122.327	0	1	616	FullDelay	116.923	1.16923e+08	3	6
122.339	0	1	617	LastDelay	1.94065	1.94065e+06	1	6
122.339	0	1	617	FullDelay	116.929	1.16929e+08	3	6
122.365	0	1	619	LastDelay	1.9529	1.9529e+06	1	6
122.365	0	1	619	FullDelay	116.941	1.16941e+08	3	6
122.394	0	1	621	LastDelay	1.96818	1.96818e+06	1	6
122.394	0	1	621	FullDelay	116.957	1.16957e+08	3	6
122.404	0	1	622	LastDelay	1.9711	1.9711e+06	1	6
122.404	0	1	622	FullDelay	116.959	1.16959e+08	3	6
122.434	0	1	624	LastDelay	1.98756	1.98756e+06	1	6
122.434	0	1	624	FullDelay	116.969	1.16969e+08	3	6
227.764	0	1	4989	LastDelay	0.0778076	77807.6	1	4
227.764	0	1	4989	FullDelay	192.446	1.92446e+08	4	4
227.808	0	1	4991	LastDelay	0.107614	107614	1	4
227.808	0	1	4991	FullDelay	192.476	1.92476e+08	4	4
227.841	0	1	4992	LastDelay	0.134321	134321	1	4
227.841	0	1	4992	FullDelay	192.503	1.92503e+08	4	4
227.851	0	1	4993	LastDelay	0.137386	137386	1	4
227.851	0	1	4993	FullDelay	192.506	1.92506e+08	4	4
227.891	0	1	4995	LastDelay	0.16334	163340	1	4
227.891	0	1	4995	FullDelay	192.532	1.92532e+08	4	4
227.93	0	1	4997	LastDelay	0.189493	189493	1	4
227.93	0	1	4997	FullDelay	192.558	1.92558e+08	4	4
227.955	0	1	4998	LastDelay	0.207322	207322	1	4
227.955	0	1	4998	FullDelay	192.576	1.92576e+08	4	4
228.026	0	1	5000	LastDelay	0.265107	265107	1	4
228.026	0	1	5000	FullDelay	192.634	1.92634e+08	4	4
228.047	0	1	5002	LastDelay	0.271728	271728	1	4
228.047	0	1	5002	FullDelay	192.64	1.9264e+08	4	4
228.093	0	1	5003	LastDelay	0.31104	311040	1	4
228.093	0	1	5003	FullDelay	192.68	1.9268e+08	4	4
228.102	0	1	5004	LastDelay	0.313279	313279	1	4
228.102	0	1	5004	FullDelay	192.682	1.92682e+08	4	4
228.113	0	1	5005	LastDelay	0.317727	317727	1	4
228.113	0	1	5005	FullDelay	192.686	1.92686e+08	4	4
228.135	0	1	5006	LastDelay	0.333055	333055	1	6
228.135	0	1	5006	FullDelay	192.702	1.92702e+08	4	6
228.159	0	1	5008	LastDelay	0.342897	342897	1	4
228.159	0	1	5008	FullDelay	192.712	1.92712e+08	4	4
228.174	0	1	5007	LastDelay	0.364669	364669	1	6
228.174	0	1	5007	FullDelay	192.733	1.92733e+08	4	6
228.183	0	1	5009	LastDelay	0.360081	360081	1	4
228.183	0	1	5009	FullDelay	192.729	1.92729e+08	4	4
228.216	0	1	5010	LastDelay	0.38589	385890	1	4
228.216	0	1	5010	FullDelay	192.755	1.92755e+08	4	4
228.278	0	1	5012	LastDelay	0.434772	434772	1	4
228.278	0	1	5012	FullDelay	192.803	1.92803e+08	4	4
228.311	0	1	5014	LastDelay	0.453744	453744	1	4
228.311	0	1	5014	FullDelay	192.822	1.92822e+08	4	4
228.335	0	1	5015	LastDelay	0.471622	471622	1	4
228.335	0	1	5015	FullDelay	192.84	1.9284e+08	4	4
228.345	0	1	5016	LastDelay	0.473941	473941	1	4
228.345	0	1	5016	FullDelay	192.843	1.92843e+08	4	4
228.391	0	1	5019	LastDelay	0.499449	499449	1	4
228.391	0	1	5019	FullDelay	192.868	1.92868e+08	4	4
228.439	0	1	5021	LastDelay	0.534128	534128	1	4
228.439	0	1	5021	FullDelay	192.903	1.92903e+08	4	4
228.459	0	1	5022	LastDelay	0.547266	547266	1	4
228.459	0	1	5022	FullDelay	192.916	1.92916e+08	4	4
228.478	0	1	5023	LastDelay	0.559479	559479	1	4
228.478	0	1	5023	FullDelay	192.928	1.92928e+08	4	4
228.501	0	1	5024	LastDelay	0.576097	576097	1	6
228.501	0	1	5024	FullDelay	192.945	1.92945e+08	4	6
228.521	0	1	5025	LastDelay	0.589199	589199	1	4
228.521	0	1	5025	FullDelay	192.958	1.92958e+08	4	4
228.53	0	1	5026	LastDelay	0.591458	591458	1	4
228.53	0	1	5026	FullDelay	192.96	1.9296e+08	4	4
228.551	0	1	5027	LastDelay	0.60567	605670	1	4
228.551	0	1	5027	FullDelay	192.974	1.92974e+08	4	4
228.572	0	1	5028	LastDelay	0.619857	619857	1	4
228.572	0	1	5028	FullDelay	192.988	1.92988e+08	4	4
228.607	0	1	5030	LastDelay	0.640734	640734	1	4
228.607	0	1	5030	FullDelay	193.009	1.93009e+08	4	4
228.647	0	1	5032	LastDelay	0.667642	667642	1	4
228.647	0	1	5032	FullDelay	193.036	1.93036e+08	4	4
228.678	0	1	5033	LastDelay	0.691114	691114	1	4
228.678	0	1	5033	FullDelay	193.06	1.9306e+08	4	4
228.698	0	1	5034	LastDelay	0.704266	704266	1	4
228.698	0	1	5034	FullDelay	193.073	1.93073e+08	4	4
228.71	0	1	5035	LastDelay	0.709794	709794	1	4
228.71	0	1	5035	FullDelay	193.078	1.93078e+08	4	4
228.743	0	1	5036	LastDelay	0.735935	735935	1	4
228.743	0	1	5036	FullDelay	193.105	1.93105e+08	4	4
228.778	0	1	5038	LastDelay	0.75748	757480	1	6
228.778	0	1	5038	FullDelay	193.126	1.93126e+08	4	6
228.787	0	1	5039	LastDelay	0.759719	759719	1	4
228.787	0	1	5039	FullDelay	193.128	1.93128e+08	4	4
228.831	0	1	5041	LastDelay	0.789761	789761	1	6
228.831	0	1	5041	FullDelay	193.158	1.93158e+08	4	6
228.863	0	1	5043	LastDelay	0.807741	807741	1	4
228.863	0	1	5043	FullDelay	193.176	1.93176e+08	4	4
228.882	0	1	5044	LastDelay	0.820154	820154	1	6
228.882	0	1	5044	FullDelay	193.189	1.93189e+08	4	6
228.905	0	1	5045	LastDelay	0.836513	836513	1	4
228.905	0	1	5045	FullDelay	193.205	1.93205e+08	4	4
228.967	0	1	5047	LastDelay	0.884746	884746	1	6
228.967	0	1	5047	FullDelay	193.253	1.93253e+08	4	6
228.977	0	1	5048	LastDelay	0.888011	888011	1	4
228.977	0	1	5048	FullDelay	193.257	1.93257e+08	4	4
229.011	0	1	5049	LastDelay	0.915395	915395	1	6
229.011	0	1	5049	FullDelay	193.284	1.93284e+08	4	6
229.031	0	1	5050	LastDelay	0.927941	927941	1	4
229.031	0	1	5050	FullDelay	193.297	1.93297e+08	4	4
229.045	0	1	5052	LastDelay	0.928387	928387	1	4
229.045	0	1	5052	FullDelay	193.297	1.93297e+08	4	4
229.056	0	1	5051	LastDelay	0.946595	946595	1	6
229.056	0	1	5051	FullDelay	193.315	1.93315e+08	4	6
229.078	0	1	5053	LastDelay	0.954349	954349	1	6
229.078	0	1	5053	FullDelay	193.323	1.93323e+08	4	6
229.101	0	1	5055	LastDelay	0.963733	963733	1	6
229.101	0	1	5055	FullDelay	193.332	1.93332e+08	4	6
229.138	0	1	5057	LastDelay	0.987579	987579	1	6
229.138	0	1	5057	FullDelay	193.356	1.93356e+08	4	6
229.163	0	1	5060	LastDelay	0.991617	991617	1	4
229.163	0	1	5060	FullDelay	193.36	1.9336e+08	4	4
229.186	0	1	5058	LastDelay	1.02856	1.02856e+06	1	6
229.186	0	1	5058	FullDelay	193.397	1.93397e+08	4	6
229.196	0	1	5061	LastDelay	1.01808	1.01808e+06	1	4
229.196	0	1	5061	FullDelay	193.387	1.93387e+08	4	4
229.207	0	1	5062	LastDelay	1.02224	1.02224e+06	1	4
229.207	0	1	5062	FullDelay	193.391	1.93391e+08	4	4
229.218	0	1	5063	LastDelay	1.02705	1.02705e+06	1	4
229.218	0	1	5063	FullDelay	193.396	1.93396e+08	4	4
229.229	0	1	5064	LastDelay	1.03046	1.03046e+06	1	4
229.229	0	1	5064	FullDelay	193.399	1.93399e+08	4	4
229.251	0	1	5065	LastDelay	1.04593	1.04593e+06	1	4
229.251	0	1	5065	FullDelay	193.415	1.93415e+08	4	4
229.27	0	1	5066	LastDelay	1.05814	1.05814e+06	1	4
229.27	0	1	5066	FullDelay	193.427	1.93427e+08	4	4
229.285	0	1	5067	LastDelay	1.06607	1.06607e+06	1	4
229.285	0	1	5067	FullDelay	193.435	1.93435e+08	4	4
229.296	0	1	5068	LastDelay	1.06999	1.06999e+06	1	4
229.296	0	1	5068	FullDelay	193.439	1.93439e+08	4	4
229.316	0	1	5069	LastDelay	1.08396	1.08396e+06	1	4
229.316	0	1	5069	FullDelay	193.453	1.93453e+08	4	4
229.326	0	1	5070	LastDelay	1.08628	1.08628e+06	1	4
229.326	0	1	5070	FullDelay	193.455	1.93455e+08	4	4
229.344	0	1	5072	LastDelay	1.09086	1.09086e+06	1	4
229.344	0	1	5072	FullDelay	193.459	1.93459e+08	4	4
229.36	0	1	5073	LastDelay	1.10004	1.10004e+06	1	4
229.36	0	1	5073	FullDelay	193.469	1.93469e+08	4	4
229.369	0	1	5074	LastDelay	1.1025	1.1025e+06	1	6
229.369	0	1	5074	FullDelay	193.471	1.93471e+08	4	6
229.381	0	1	5075	LastDelay	1.10718	1.10718e+06	1	6
229.381	0	1	5075	FullDelay	193.476	1.93476e+08	4	6
229.39	0	1	5076	LastDelay	1.10948	1.10948e+06	1	6
229.39	0	1	5076	FullDelay	193.478	1.93478e+08	4	6
229.403	0	1	5078	LastDelay	1.10908	1.10908e+06	1	4
229.403	0	1	5078	FullDelay	193.478	1.93478e+08	4	4
229.425	0	1	5079	LastDelay	1.12448	1.12448e+06	1	4
229.425	0	1	5079	FullDelay	193.493	1.93493e+08	4	4
229.434	0	1	5080	LastDelay	1.12672	1.12672e+06	1	6
229.434	0	1	5080	FullDelay	193.495	1.93495e+08	4	6
229.451	0	1	5082	LastDelay	1.13001	1.13001e+06	1	4
229.451	0	1	5082	FullDelay	193.499	1.93499e+08	4	4
229.46	0	1	5081	LastDelay	1.14603	1.14603e+06	1	6
229.46	0	1	5081	FullDelay	193.515	1.93515e+08	4	6
229.472	0	1	5083	LastDelay	1.14366	1.14366e+06	1	4
229.472	0	1	5083	FullDelay	193.512	1.93512e+08	4	4
229.484	0	1	5084	LastDelay	1.14886	1.14886e+06	1	4
229.484	0	1	5084	FullDelay	193.517	1.93517e+08	4	4
229.493	0	1	5085	LastDelay	1.15124	1.15124e+06	1	6
229.493	0	1	5085	FullDelay	193.52	1.9352e+08	4	6
229.505	0	1	5086	LastDelay	1.15666	1.15666e+06	1	4
229.505	0	1	5086	FullDelay	193.525	1.93525e+08	4	4
229.518	0	1	5087	LastDelay	1.16261	1.16261e+06	1	4
229.518	0	1	5087	FullDelay	193.531	1.93531e+08	4	4
229.531	0	1	5088	LastDelay	1.16918	1.16918e+06	1	4
229.531	0	1	5088	FullDelay	193.538	1.93538e+08	4	4
229.54	0	1	5089	LastDelay	1.17148	1.17148e+06	1	4
229.54	0	1	5089	FullDelay	193.54	1.9354e+08	4	4
229.579	0	1	5092	LastDelay	1.18977	1.18977e+06	1	4
229.579	0	1	5092	FullDelay	193.558	1.93558e+08	4	4
229.592	0	1	5093	LastDelay	1.19549	1.19549e+06	1	4
229.592	0	1	5093	FullDelay	193.564	1.93564e+08	4	4
229.601	0	1	5094	LastDelay	1.19797	1.19797e+06	1	4
229.601	0	1	5094	FullDelay	193.567	1.93567e+08	4	4
229.611	0	1	5095	LastDelay	1.2011	1.2011e+06	1	4
229.611	0	1	5095	FullDelay	193.57	1.9357e+08	4	4
229.625	0	1	5096	LastDelay	1.20807	1.20807e+06	1	4
229.625	0	1	5096	FullDelay	193.577	1.93577e+08	4	4
229.635	0	1	5097	LastDelay	1.21123	1.21123e+06	1	6
229.635	0	1	5097	FullDelay	193.58	1.9358e+08	4	6
229.646	0	1	5098	LastDelay	1.21596	1.21596e+06	1	4
229.646	0	1	5098	FullDelay	193.585	1.93585e+08	4	4
229.666	0	1	5099	LastDelay	1.22929	1.22929e+06	1	6
229.666	0	1	5099	FullDelay	193.598	1.93598e+08	4	6
229.679	0	1	5100	LastDelay	1.2353	1.2353e+06	1	4
229.679	0	1	5100	FullDelay	193.604	1.93604e+08	4	4
229.69	0	1	5101	LastDelay	1.23949	1.23949e+06	1	4
229.69	0	1	5101	FullDelay	193.608	1.93608e+08	4	4
229.702	0	1	5102	LastDelay	1.24382	1.24382e+06	1	4
229.702	0	1	5102	FullDelay	193.612	1.93612e+08	4	4
229.711	0	1	5103	LastDelay	1.24616	1.24616e+06	1	4
229.711	0	1	5103	FullDelay	193.615	1.93615e+08	4	4
229.723	0	1	5104	LastDelay	1.2517	1.2517e+06	1	4
229.723	0	1	5104	FullDelay	193.62	1.9362e+08	4	4
229.734	0	1	5105	LastDelay	1.25597	1.25597e+06	1	4
229.734	0	1	5105	FullDelay	193.625	1.93625e+08	4	4
229.743	0	1	5106	LastDelay	1.25837	1.25837e+06	1	4
229.743	0	1	5106	FullDelay	193.627	1.93627e+08	4	4
229.757	0	1	5107	LastDelay	1.26507	1.26507e+06	1	4
229.757	0	1	5107	FullDelay	193.634	1.93634e+08	4	4
229.769	0	1	5108	LastDelay	1.26989	1.26989e+06	1	4
229.769	0	1	5108	FullDelay	193.639	1.93639e+08	4	4
229.781	0	1	5109	LastDelay	1.27539	1.27539e+06	1	4
229.781	0	1	5109	FullDelay	193.644	1.93644e+08	4	4
229.791	0	1	5110	LastDelay	1.27919	1.27919e+06	1	4
229.791	0	1	5110	FullDelay	193.648	1.93648e+08	4	4
229.802	0	1	5111	LastDelay	1.28323	1.28323e+06	1	4
229.802	0	1	5111	FullDelay	193.652	1.93652e+08	4	4
229.817	0	1	5112	LastDelay	1.2914	1.2914e+06	1	4
229.817	0	1	5112	FullDelay	193.66	1.9366e+08	4	4
229.827	0	1	5113	LastDelay	1.29394	1.29394e+06	1	4
229.827	0	1	5113	FullDelay	193.663	1.93663e+08	4	4
229.837	0	1	5114	LastDelay	1.29768	1.29768e+06	1	4
229.837	0	1	5114	FullDelay	193.666	1.93666e+08	4	4
229.857	0	1	5115	LastDelay	1.31101	1.31101e+06	1	4
229.857	0	1	5115	FullDelay	193.68	1.9368e+08	4	4
229.876	0	1	5117	LastDelay	1.31586	1.31586e+06	1	4
229.876	0	1	5117	FullDelay	193.684	1.93684e+08	4	4
229.886	0	1	5118	LastDelay	1.31887	1.31887e+06	1	4
229.886	0	1	5118	FullDelay	193.687	1.93687e+08	4	4
229.922	0	1	5120	LastDelay	1.34135	1.34135e+06	1	4
229.922	0	1	5120	FullDelay	193.71	1.9371e+08	4	4
229.931	0	1	5121	LastDelay	1.34361	1.34361e+06	1	4
229.931	0	1	5121	FullDelay	193.712	1.93712e+08	4	4
229.942	0	1	5122	LastDelay	1.34737	1.34737e+06	1	4
229.942	0	1	5122	FullDelay	193.716	1.93716e+08	4	4
229.953	0	1	5123	LastDelay	1.35227	1.35227e+06	1	4
229.953	0	1	5123	FullDelay	193.721	1.93721e+08	4	4
229.964	0	1	5124	LastDelay	1.35624	1.35624e+06	1	4
229.964	0	1	5124	FullDelay	193.725	1.93725e+08	4	4
229.975	0	1	5125	LastDelay	1.35996	1.35996e+06	1	4
229.975	0	1	5125	FullDelay	193.729	1.93729e+08	4	4
229.985	0	1	5126	LastDelay	1.36354	1.36354e+06	1	4
229.985	0	1	5126	FullDelay	193.732	1.93732e+08	4	4
229.996	0	1	5127	LastDelay	1.36787	1.36787e+06	1	4
229.996	0	1	5127	FullDelay	193.736	1.93736e+08	4	4
230.01	0	1	5128	LastDelay	1.37483	1.37483e+06	1	4
230.01	0	1	5128	FullDelay	193.743	1.93743e+08	4	4
230.026	0	1	5129	LastDelay	1.38407	1.38407e+06	1	4
230.026	0	1	5129	FullDelay	193.753	1.93753e+08	4	4
230.036	0	1	5130	LastDelay	1.38726	1.38726e+06	1	4
230.036	0	1	5130	FullDelay	193.756	1.93756e+08	4	4
230.049	0	1	5131	LastDelay	1.39289	1.39289e+06	1	4
230.049	0	1	5131	FullDelay	193.762	1.93762e+08	4	4
230.063	0	1	5134	LastDelay	1.38646	1.38646e+06	1	4
230.063	0	1	5134	FullDelay	193.755	1.93755e+08	4	4
230.073	0	1	5132	LastDelay	1.41008	1.41008e+06	1	6
230.073	0	1	5132	FullDelay	193.779	1.93779e+08	4	6
230.094	0	1	5133	LastDelay	1.42517	1.42517e+06	1	6
230.094	0	1	5133	FullDelay	193.794	1.93794e+08	4	6
230.111	0	1	5138	LastDelay	1.40747	1.40747e+06	1	4
230.111	0	1	5138	FullDelay	193.776	1.93776e+08	4	4
230.12	0	1	5141	LastDelay	1.39612	1.39612e+06	1	4
230.12	0	1	5141	FullDelay	193.765	1.93765e+08	4	4
230.13	0	1	5142	LastDelay	1.3991	1.3991e+06	1	4
230.13	0	1	5142	FullDelay	193.768	1.93768e+08	4	4
230.14	0	1	5135	LastDelay	1.45677	1.45677e+06	1	6
230.14	0	1	5135	FullDelay	193.825	1.93825e+08	4	6
230.16	0	1	5137	LastDelay	1.46385	1.46385e+06	1	6
230.16	0	1	5137	FullDelay	193.832	1.93832e+08	4	6
230.17	0	1	5139	LastDelay	1.45926	1.45926e+06	1	6
230.17	0	1	5139	FullDelay	193.828	1.93828e+08	4	6
230.184	0	1	5140	LastDelay	1.46671	1.46671e+06	1	6
230.184	0	1	5140	FullDelay	193.835	1.93835e+08	4	6
230.202	0	1	5143	LastDelay	1.4647	1.4647e+06	1	4
230.202	0	1	5143	FullDelay	193.833	1.93833e+08	4	4
230.222	0	1	5145	LastDelay	1.47083	1.47083e+06	1	4
230.222	0	1	5145	FullDelay	193.839	1.93839e+08	4	4
230.232	0	1	5146	LastDelay	1.47397	1.47397e+06	1	4
230.232	0	1	5146	FullDelay	193.843	1.93843e+08	4	4
230.244	0	1	5147	LastDelay	1.47944	1.47944e+06	1	4
230.244	0	1	5147	FullDelay	193.848	1.93848e+08	4	4
230.254	0	1	5148	LastDelay	1.48239	1.48239e+06	1	4
230.254	0	1	5148	FullDelay	193.851	1.93851e+08	4	4
230.265	0	1	5149	LastDelay	1.48641	1.48641e+06	1	4
230.265	0	1	5149	FullDelay	193.855	1.93855e+08	4	4
230.276	0	1	5150	LastDelay	1.49064	1.49064e+06	1	4
230.276	0	1	5150	FullDelay	193.859	1.93859e+08	4	4
230.295	0	1	5152	LastDelay	1.49645	1.49645e+06	1	4
230.295	0	1	5152	FullDelay	193.865	1.93865e+08	4	4
230.316	0	1	5154	LastDelay	1.50363	1.50363e+06	1	4
230.316	0	1	5154	FullDelay	193.872	1.93872e+08	4	4
230.337	0	1	5156	LastDelay	1.51092	1.51092e+06	1	4
230.337	0	1	5156	FullDelay	193.88	1.9388e+08	4	4
230.348	0	1	5157	LastDelay	1.51443	1.51443e+06	1	4
230.348	0	1	5157	FullDelay	193.883	1.93883e+08	4	4
230.362	0	1	5158	LastDelay	1.5224	1.5224e+06	1	4
230.362	0	1	5158	FullDelay	193.891	1.93891e+08	4	4
230.372	0	1	5159	LastDelay	1.5248	1.5248e+06	1	4
230.372	0	1	5159	FullDelay	193.893	1.93893e+08	4	4
230.381	0	1	5160	LastDelay	1.52722	1.52722e+06	1	4
230.381	0	1	5160	FullDelay	193.896	1.93896e+08	4	4
230.39	0	1	5161	LastDelay	1.52956	1.52956e+06	1	4
230.39	0	1	5161	FullDelay	193.898	1.93898e+08	4	4
230.399	0	1	5162	LastDelay	1.53192	1.53192e+06	1	4
230.399	0	1	5162	FullDelay	193.901	1.93901e+08	4	4
230.409	0	1	5163	LastDelay	1.53446	1.53446e+06	1	4
230.409	0	1	5163	FullDelay	193.903	1.93903e+08	4	4
230.422	0	1	5164	LastDelay	1.54134	1.54134e+06	1	4
230.422	0	1	5164	FullDelay	193.91	1.9391e+08	4	4
230.443	0	1	5166	LastDelay	1.54886	1.54886e+06	1	4
230.443	0	1	5166	FullDelay	193.917	1.93917e+08	4	4
230.467	0	1	5167	LastDelay	1.56531	1.56531e+06	1	4
230.467	0	1	5167	FullDelay	193.934	1.93934e+08	4	4
230.479	0	1	5168	LastDelay	1.57051	1.57051e+06	1	4
230.479	0	1	5168	FullDelay	193.939	1.93939e+08	4	4
230.489	0	1	5169	LastDelay	1.57369	1.57369e+06	1	4
230.489	0	1	5169	FullDelay	193.942	1.93942e+08	4	4
230.499	0	1	5170	LastDelay	1.57751	1.57751e+06	1	4
230.499	0	1	5170	FullDelay	193.946	1.93946e+08	4	4
230.509	0	1	5171	LastDelay	1.5805	1.5805e+06	1	4
230.509	0	1	5171	FullDelay	193.949	1.93949e+08	4	4
230.521	0	1	5172	LastDelay	1.58561	1.58561e+06	1	4
230.521	0	1	5172	FullDelay	193.954	1.93954e+08	4	4
230.553	0	1	5175	LastDelay	1.59722	1.59722e+06	1	4
230.553	0	1	5175	FullDelay	193.966	1.93966e+08	4	4
230.564	0	1	5176	LastDelay	1.60139	1.60139e+06	1	4
230.564	0	1	5176	FullDelay	193.97	1.9397e+08	4	4
230.585	0	1	5178	LastDelay	1.60864	1.60864e+06	1	4
230.585	0	1	5178	FullDelay	193.977	1.93977e+08	4	4
230.599	0	1	5179	LastDelay	1.61574	1.61574e+06	1	4
230.599	0	1	5179	FullDelay	193.984	1.93984e+08	4	4
230.609	0	1	5180	LastDelay	1.61864	1.61864e+06	1	4
230.609	0	1	5180	FullDelay	193.987	1.93987e+08	4	4
230.618	0	1	5181	LastDelay	1.62126	1.62126e+06	1	4
230.618	0	1	5181	FullDelay	193.99	1.9399e+08	4	4
230.633	0	1	5182	LastDelay	1.62873	1.62873e+06	1	4
230.633	0	1	5182	FullDelay	193.997	1.93997e+08	4	4
230.642	0	1	5183	LastDelay	1.63127	1.63127e+06	1	4
230.642	0	1	5183	FullDelay	194	1.94e+08	4	4
230.651	0	1	5184	LastDelay	1.63398	1.63398e+06	1	4
230.651	0	1	5184	FullDelay	194.003	1.94003e+08	4	4
230.693	0	1	5187	LastDelay	1.65524	1.65524e+06	1	4
230.693	0	1	5187	FullDelay	194.024	1.94024e+08	4	4
230.702	0	1	5188	LastDelay	1.6576	1.6576e+06	1	4
230.702	0	1	5188	FullDelay	194.026	1.94026e+08	4	4
230.714	0	1	5189	LastDelay	1.66223	1.66223e+06	1	4
230.714	0	1	5189	FullDelay	194.031	1.94031e+08	4	4
230.723	0	1	5190	LastDelay	1.66467	1.66467e+06	1	4
230.723	0	1	5190	FullDelay	194.033	1.94033e+08	4	4
230.732	0	1	5191	LastDelay	1.66691	1.66691e+06	1	4
230.732	0	1	5191	FullDelay	194.036	1.94036e+08	4	4
230.743	0	1	5192	LastDelay	1.67126	1.67126e+06	1	4
230.743	0	1	5192	FullDelay	194.04	1.9404e+08	4	4
230.763	0	1	5194	LastDelay	1.67679	1.67679e+06	1	4
230.763	0	1	5194	FullDelay	194.045	1.94045e+08	4	4
230.772	0	1	5195	LastDelay	1.67943	1.67943e+06	1	4
230.772	0	1	5195	FullDelay	194.048	1.94048e+08	4	4
230.783	0	1	5196	LastDelay	1.68337	1.68337e+06	1	4
230.783	0	1	5196	FullDelay	194.052	1.94052e+08	4	4
230.796	0	1	5197	LastDelay	1.69008	1.69008e+06	1	4
230.796	0	1	5197	FullDelay	194.059	1.94059e+08	4	4
230.805	0	1	5198	LastDelay	1.69236	1.69236e+06	1	4
230.805	0	1	5198	FullDelay	194.061	1.94061e+08	4	4
230.816	0	1	5199	LastDelay	1.69648	1.69648e+06	1	4
230.816	0	1	5199	FullDelay	194.065	1.94065e+08	4	4
230.827	0	1	5200	LastDelay	1.70008	1.70008e+06	1	4
230.827	0	1	5200	FullDelay	194.069	1.94069e+08	4	4
230.839	0	1	5201	LastDelay	1.70506	1.70506e+06	1	4
230.839	0	1	5201	FullDelay	194.074	1.94074e+08	4	4
230.849	0	1	5202	LastDelay	1.70853	1.70853e+06	1	4
230.849	0	1	5202	FullDelay	194.077	1.94077e+08	4	4
230.86	0	1	5203	LastDelay	1.71296	1.71296e+06	1	4
230.86	0	1	5203	FullDelay	194.082	1.94082e+08	4	4
230.871	0	1	5204	LastDelay	1.71671	1.71671e+06	1	4
230.871	0	1	5204	FullDelay	194.085	1.94085e+08	4	4
230.884	0	1	5205	LastDelay	1.72309	1.72309e+06	1	4
230.884	0	1	5205	FullDelay	194.092	1.94092e+08	4	4
230.893	0	1	5206	LastDelay	1.72535	1.72535e+06	1	4
230.893	0	1	5206	FullDelay	194.094	1.94094e+08	4	4
230.904	0	1	5207	LastDelay	1.72934	1.72934e+06	1	4
230.904	0	1	5207	FullDelay	194.098	1.94098e+08	4	4
230.913	0	1	5208	LastDelay	1.73162	1.73162e+06	1	4
230.913	0	1	5208	FullDelay	194.1	1.941e+08	4	4
230.935	0	1	5210	LastDelay	1.74031	1.74031e+06	1	4
230.935	0	1	5210	FullDelay	194.109	1.94109e+08	4	4
230.945	0	1	5211	LastDelay	1.74345	1.74345e+06	1	4
230.945	0	1	5211	FullDelay	194.112	1.94112e+08	4	4
230.959	0	1	5212	LastDelay	1.75054	1.75054e+06	1	4
230.959	0	1	5212	FullDelay	194.119	1.94119e+08	4	4
230.971	0	1	5213	LastDelay	1.75555	1.75555e+06	1	4
230.971	0	1	5213	FullDelay	194.124	1.94124e+08	4	4
230.99	0	1	5215	LastDelay	1.76131	1.76131e+06	1	4
230.99	0	1	5215	FullDelay	194.13	1.9413e+08	4	4
230.999	0	1	5216	LastDelay	1.76357	1.76357e+06	1	4
230.999	0	1	5216	FullDelay	194.132	1.94132e+08	4	4
231.016	0	1	5217	LastDelay	1.77344	1.77344e+06	1	4
231.016	0	1	5217	FullDelay	194.142	1.94142e+08	4	4
231.025	0	1	5218	LastDelay	1.77572	1.77572e+06	1	4
231.025	0	1	5218	FullDelay	194.144	1.94144e+08	4	4
231.034	0	1	5219	LastDelay	1.77804	1.77804e+06	1	4
231.034	0	1	5219	FullDelay	194.147	1.94147e+08	4	4
231.045	0	1	5220	LastDelay	1.7818	1.7818e+06	1	4
231.045	0	1	5220	FullDelay	194.15	1.9415e+08	4	4
231.057	0	1	5221	LastDelay	1.78706	1.78706e+06	1	4
231.057	0	1	5221	FullDelay	194.156	1.94156e+08	4	4
231.069	0	1	5222	LastDelay	1.79207	1.79207e+06	1	4
231.069	0	1	5222	FullDelay	194.161	1.94161e+08	4	4
231.08	0	1	5223	LastDelay	1.79671	1.79671e+06	1	4
231.08	0	1	5223	FullDelay	194.165	1.94165e+08	4	4
231.09	0	1	5224	LastDelay	1.79901	1.79901e+06	1	4
231.09	0	1	5224	FullDelay	194.168	1.94168e+08	4	4
231.099	0	1	5225	LastDelay	1.80163	1.80163e+06	1	4
231.099	0	1	5225	FullDelay	194.17	1.9417e+08	4	4
231.112	0	1	5226	LastDelay	1.80735	1.80735e+06	1	4
231.112	0	1	5226	FullDelay	194.176	1.94176e+08	4	4
231.121	0	1	5227	LastDelay	1.80961	1.80961e+06	1	4
231.121	0	1	5227	FullDelay	194.178	1.94178e+08	4	4
231.131	0	1	5228	LastDelay	1.8136	1.8136e+06	1	4
231.131	0	1	5228	FullDelay	194.182	1.94182e+08	4	4
231.145	0	1	5229	LastDelay	1.82045	1.82045e+06	1	4
231.145	0	1	5229	FullDelay	194.189	1.94189e+08	4	4
231.178	0	1	5231	LastDelay	1.84002	1.84002e+06	1	4
231.178	0	1	5231	FullDelay	194.209	1.94209e+08	4	4
231.189	0	1	5232	LastDelay	1.84434	1.84434e+06	1	4
231.189	0	1	5232	FullDelay	194.213	1.94213e+08	4	4
231.199	0	1	5233	LastDelay	1.84666	1.84666e+06	1	4
231.199	0	1	5233	FullDelay	194.215	1.94215e+08	4	4
231.208	0	1	5234	LastDelay	1.84967	1.84967e+06	1	4
231.208	0	1	5234	FullDelay	194.218	1.94218e+08	4	4
231.227	0	1	5236	LastDelay	1.8547	1.8547e+06	1	4
231.227	0	1	5236	FullDelay	194.223	1.94223e+08	4	4
231.237	0	1	5237	LastDelay	1.85729	1.85729e+06	1	4
231.237	0	1	5237	FullDelay	194.226	1.94226e+08	4	4
231.248	0	1	5238	LastDelay	1.8614	1.8614e+06	1	4
231.248	0	1	5238	FullDelay	194.23	1.9423e+08	4	4
231.258	0	1	5239	LastDelay	1.86485	1.86485e+06	1	4
231.258	0	1	5239	FullDelay	194.233	1.94233e+08	4	4
231.267	0	1	5240	LastDelay	1.86709	1.86709e+06	1	4
231.267	0	1	5240	FullDelay	194.236	1.94236e+08	4	4
231.277	0	1	5241	LastDelay	1.87057	1.87057e+06	1	4
231.277	0	1	5241	FullDelay	194.239	1.94239e+08	4	4
231.286	0	1	5242	LastDelay	1.87285	1.87285e+06	1	4
231.286	0	1	5242	FullDelay	194.241	1.94241e+08	4	4
231.298	0	1	5243	LastDelay	1.87775	1.87775e+06	1	4
231.298	0	1	5243	FullDelay	194.246	1.94246e+08	4	4
231.311	0	1	5244	LastDelay	1.88362	1.88362e+06	1	4
231.311	0	1	5244	FullDelay	194.252	1.94252e+08	4	4
231.321	0	1	5245	LastDelay	1.88696	1.88696e+06	1	4
231.321	0	1	5245	FullDelay	194.256	1.94256e+08	4	4
231.332	0	1	5246	LastDelay	1.89094	1.89094e+06	1	4
231.332	0	1	5246	FullDelay	194.26	1.9426e+08	4	4
231.342	0	1	5247	LastDelay	1.89464	1.89464e+06	1	4
231.342	0	1	5247	FullDelay	194.263	1.94263e+08	4	4
231.355	0	1	5248	LastDelay	1.90039	1.90039e+06	1	6
231.355	0	1	5248	FullDelay	194.269	1.94269e+08	4	6
231.367	0	1	5249	LastDelay	1.90535	1.90535e+06	1	6
231.367	0	1	5249	FullDelay	194.274	1.94274e+08	4	6
231.378	0	1	5250	LastDelay	1.90985	1.90985e+06	1	6
231.378	0	1	5250	FullDelay	194.278	1.94278e+08	4	6
231.388	0	1	5251	LastDelay	1.913	1.913e+06	1	6
231.388	0	1	5251	FullDelay	194.282	1.94282e+08	4	6
231.397	0	1	5252	LastDelay	1.91552	1.91552e+06	1	6
231.397	0	1	5252	FullDelay	194.284	1.94284e+08	4	6
231.421	0	1	5254	LastDelay	1.92599	1.92599e+06	1	6
231.421	0	1	5254	FullDelay	194.295	1.94295e+08	4	6
231.432	0	1	5255	LastDelay	1.93029	1.93029e+06	1	6
231.432	0	1	5255	FullDelay	194.299	1.94299e+08	4	6
231.442	0	1	5257	LastDelay	1.92605	1.92605e+06	1	4
231.442	0	1	5257	FullDelay	194.295	1.94295e+08	4	4
231.456	0	1	5256	LastDelay	1.94751	1.94751e+06	1	6
231.456	0	1	5256	FullDelay	194.316	1.94316e+08	4	6
231.466	0	1	5258	LastDelay	1.94302	1.94302e+06	1	4
231.466	0	1	5258	FullDelay	194.312	1.94312e+08	4	4
231.475	0	1	5259	LastDelay	1.94534	1.94534e+06	1	4
231.475	0	1	5259	FullDelay	194.314	1.94314e+08	4	4
231.493	0	1	5261	LastDelay	1.9502	1.9502e+06	1	4
231.493	0	1	5261	FullDelay	194.319	1.94319e+08	4	4
231.507	0	1	5262	LastDelay	1.95658	1.95658e+06	1	4
231.507	0	1	5262	FullDelay	194.325	1.94325e+08	4	4
231.516	0	1	5263	LastDelay	1.9589	1.9589e+06	1	4
231.516	0	1	5263	FullDelay	194.328	1.94328e+08	4	4
231.537	0	1	5265	LastDelay	1.96674	1.96674e+06	1	4
231.537	0	1	5265	FullDelay	194.335	1.94335e+08	4	4
231.546	0	1	5266	LastDelay	1.96912	1.96912e+06	1	4
231.546	0	1	5266	FullDelay	194.338	1.94338e+08	4	4
231.56	0	1	5268	LastDelay	1.96863	1.96863e+06	1	4
231.56	0	1	5268	FullDelay	194.337	1.94337e+08	4	4
231.569	0	1	5267	LastDelay	1.98453	1.98453e+06	1	6
231.569	0	1	5267	FullDelay	194.353	1.94353e+08	4	6
231.584	0	1	5269	LastDelay	1.986	1.986e+06	1	6
231.584	0	1	5269	FullDelay	194.355	1.94355e+08	4	6
231.594	0	1	5270	LastDelay	1.98956	1.98956e+06	1	6
231.594	0	1	5270	FullDelay	194.358	1.94358e+08	4	6
231.604	0	1	5271	LastDelay	1.99218	1.99218e+06	1	6
231.604	0	1	5271	FullDelay	194.361	1.94361e+08	4	6
