Time	Node	AppId	SeqNo	Type	DelayS	DelayUS	RetxCount	HopCount
1.03135	0	1	0	LastDelay	0.0313512	31351.2	1	6
1.03135	0	1	0	FullDelay	0.0313512	31351.2	1	6
1.04155	0	1	1	LastDelay	0.0347207	34720.7	1	6
1.04155	0	1	1	FullDelay	0.0347207	34720.7	1	6
1.05494	0	1	2	LastDelay	0.0412872	41287.2	1	6
1.05494	0	1	2	FullDelay	0.0412872	41287.2	1	6
1.06703	0	1	3	LastDelay	0.0465474	46547.4	1	6
1.06703	0	1	3	FullDelay	0.0465474	46547.4	1	6
1.0854	0	1	4	LastDelay	0.0580982	58098.2	1	6
1.0854	0	1	4	FullDelay	0.0580982	58098.2	1	6
1.09572	0	1	5	LastDelay	0.0615818	61581.8	1	6
1.09572	0	1	5	FullDelay	0.0615818	61581.8	1	6
1.1059	0	1	6	LastDelay	0.0649373	64937.3	1	6
1.1059	0	1	6	FullDelay	0.0649373	64937.3	1	6
1.12136	0	1	7	LastDelay	0.0735688	73568.8	1	6
1.12136	0	1	7	FullDelay	0.0735688	73568.8	1	6
1.14305	0	1	9	LastDelay	0.0816062	81606.2	1	6
1.14305	0	1	9	FullDelay	0.0816062	81606.2	1	6
1.15397	0	1	10	LastDelay	0.0857059	85705.9	1	6
1.15397	0	1	10	FullDelay	0.0857059	85705.9	1	6
1.16307	0	1	11	LastDelay	0.0879772	87977.2	1	6
1.16307	0	1	11	FullDelay	0.0879772	87977.2	1	6
1.17385	0	1	12	LastDelay	0.0919308	91930.8	1	6
1.17385	0	1	12	FullDelay	0.0919308	91930.8	1	6
1.18743	0	1	13	LastDelay	0.0986852	98685.2	1	6
1.18743	0	1	13	FullDelay	0.0986852	98685.2	1	6
1.19655	0	1	14	LastDelay	0.100977	100977	1	6
1.19655	0	1	14	FullDelay	0.100977	100977	1	6
1.20835	0	1	15	LastDelay	0.105949	105949	1	6
1.20835	0	1	15	FullDelay	0.105949	105949	1	6
1.23621	0	1	17	LastDelay	0.120161	120161	1	6
1.23621	0	1	17	FullDelay	0.120161	120161	1	6
1.25715	0	1	19	LastDelay	0.127439	127439	1	6
1.25715	0	1	19	FullDelay	0.127439	127439	1	6
1.26934	0	1	20	LastDelay	0.132809	132809	1	6
1.26934	0	1	20	FullDelay	0.132809	132809	1	6
1.30523	0	1	23	LastDelay	0.148216	148216	1	6
1.30523	0	1	23	FullDelay	0.148216	148216	1	6
1.31441	0	1	24	LastDelay	0.150568	150568	1	6
1.31441	0	1	24	FullDelay	0.150568	150568	1	6
1.32349	0	1	25	LastDelay	0.152819	152819	1	6
1.32349	0	1	25	FullDelay	0.152819	152819	1	6
1.33254	0	1	26	LastDelay	0.15505	155050	1	6
1.33254	0	1	26	FullDelay	0.15505	155050	1	6
1.34957	0	1	27	LastDelay	0.165247	165247	1	6
1.34957	0	1	27	FullDelay	0.165247	165247	1	6
1.35867	0	1	28	LastDelay	0.167518	167518	1	6
1.35867	0	1	28	FullDelay	0.167518	167518	1	6
1.36784	0	1	29	LastDelay	0.16987	169870	1	6
1.36784	0	1	29	FullDelay	0.16987	169870	1	6
1.37692	0	1	30	LastDelay	0.172121	172121	1	6
1.37692	0	1	30	FullDelay	0.172121	172121	1	6
1.38616	0	1	31	LastDelay	0.174532	174532	1	6
1.38616	0	1	31	FullDelay	0.174532	174532	1	6
1.39542	0	1	32	LastDelay	0.176964	176964	1	6
1.39542	0	1	32	FullDelay	0.176964	176964	1	6
1.42827	0	1	33	LastDelay	0.202992	202992	1	6
1.42827	0	1	33	FullDelay	0.202992	202992	1	6
1.44236	0	1	34	LastDelay	0.210256	210256	1	6
1.44236	0	1	34	FullDelay	0.210256	210256	1	6
1.45306	0	1	35	LastDelay	0.214128	214128	1	6
1.45306	0	1	35	FullDelay	0.214128	214128	1	6
1.46356	0	1	36	LastDelay	0.217801	217801	1	6
1.46356	0	1	36	FullDelay	0.217801	217801	1	6
1.47432	0	1	37	LastDelay	0.221729	221729	1	6
1.47432	0	1	37	FullDelay	0.221729	221729	1	6
1.48341	0	1	38	LastDelay	0.224001	224001	1	6
1.48341	0	1	38	FullDelay	0.224001	224001	1	6
1.49249	0	1	39	LastDelay	0.226252	226252	1	6
1.49249	0	1	39	FullDelay	0.226252	226252	1	6
1.51353	0	1	41	LastDelay	0.233633	233633	1	6
1.51353	0	1	41	FullDelay	0.233633	233633	1	6
1.52426	0	1	42	LastDelay	0.237544	237544	1	6
1.52426	0	1	42	FullDelay	0.237544	237544	1	6
1.535	0	1	43	LastDelay	0.241455	241455	1	6
1.535	0	1	43	FullDelay	0.241455	241455	1	6
1.54808	0	1	44	LastDelay	0.247705	247705	1	6
1.54808	0	1	44	FullDelay	0.247705	247705	1	6
1.56559	0	1	45	LastDelay	0.258388	258388	1	6
1.56559	0	1	45	FullDelay	0.258388	258388	1	6
1.5756	0	1	46	LastDelay	0.261578	261578	1	6
1.5756	0	1	46	FullDelay	0.261578	261578	1	6
1.58705	0	1	47	LastDelay	0.266198	266198	1	6
1.58705	0	1	47	FullDelay	0.266198	266198	1	6
1.59953	0	1	48	LastDelay	0.271854	271854	1	6
1.59953	0	1	48	FullDelay	0.271854	271854	1	6
1.6112	0	1	49	LastDelay	0.27669	276690	1	6
1.6112	0	1	49	FullDelay	0.27669	276690	1	6
1.62495	0	1	50	LastDelay	0.283619	283619	1	6
1.62495	0	1	50	FullDelay	0.283619	283619	1	6
1.64821	0	1	51	LastDelay	0.300051	300051	1	6
1.64821	0	1	51	FullDelay	0.300051	300051	1	6
1.65821	0	1	52	LastDelay	0.303221	303221	1	6
1.65821	0	1	52	FullDelay	0.303221	303221	1	6
1.66743	0	1	53	LastDelay	0.305612	305612	1	6
1.66743	0	1	53	FullDelay	0.305612	305612	1	6
1.67889	0	1	54	LastDelay	0.310253	310253	1	6
1.67889	0	1	54	FullDelay	0.310253	310253	1	6
1.68913	0	1	55	LastDelay	0.313667	313667	1	6
1.68913	0	1	55	FullDelay	0.313667	313667	1	6
1.6999	0	1	56	LastDelay	0.31761	317610	1	6
1.6999	0	1	56	FullDelay	0.31761	317610	1	6
1.71394	0	1	8	LastDelay	0.311167	311167	1	2
1.71394	0	1	8	FullDelay	0.659327	659327	2	2
1.7262	0	1	57	LastDelay	0.337082	337082	1	6
1.7262	0	1	57	FullDelay	0.337082	337082	1	6
1.74149	0	1	58	LastDelay	0.34554	345540	1	6
1.74149	0	1	58	FullDelay	0.34554	345540	1	6
1.75171	0	1	59	LastDelay	0.342109	342109	1	6
1.75171	0	1	59	FullDelay	0.342109	342109	1	6
1.76464	0	1	60	LastDelay	0.348217	348217	1	6
1.76464	0	1	60	FullDelay	0.348217	348217	1	6
1.77474	0	1	61	LastDelay	0.351487	351487	1	6
1.77474	0	1	61	FullDelay	0.351487	351487	1	6
1.78414	0	1	62	LastDelay	0.354063	354063	1	6
1.78414	0	1	62	FullDelay	0.354063	354063	1	6
1.7934	0	1	63	LastDelay	0.356494	356494	1	6
1.7934	0	1	63	FullDelay	0.356494	356494	1	6
1.80706	0	1	64	LastDelay	0.363326	363326	1	6
1.80706	0	1	64	FullDelay	0.363326	363326	1	6
1.81722	0	1	65	LastDelay	0.366656	366656	1	6
1.81722	0	1	65	FullDelay	0.366656	366656	1	6
1.82754	0	1	66	LastDelay	0.37015	370150	1	6
1.82754	0	1	66	FullDelay	0.37015	370150	1	6
1.83841	0	1	67	LastDelay	0.374198	374198	1	6
1.83841	0	1	67	FullDelay	0.374198	374198	1	6
1.85004	0	1	68	LastDelay	0.379	379000	1	6
1.85004	0	1	68	FullDelay	0.379	379000	1	6
1.85948	0	1	69	LastDelay	0.381615	381615	1	6
1.85948	0	1	69	FullDelay	0.381615	381615	1	6
1.87315	0	1	16	LastDelay	0.367981	367981	1	2
1.87315	0	1	16	FullDelay	0.763928	763928	2	2
1.88225	0	1	70	LastDelay	0.397559	397559	1	6
1.88225	0	1	70	FullDelay	0.397559	397559	1	6
1.89333	0	1	18	LastDelay	0.381332	381332	1	2
1.89333	0	1	18	FullDelay	0.770452	770452	2	2
1.90738	0	1	71	LastDelay	0.415855	415855	1	6
1.90738	0	1	71	FullDelay	0.415855	415855	1	6
1.91659	0	1	72	LastDelay	0.418247	418247	1	6
1.91659	0	1	72	FullDelay	0.418247	418247	1	6
1.93724	0	1	74	LastDelay	0.411582	411582	1	6
1.93724	0	1	74	FullDelay	0.411582	411582	1	6
1.9519	0	1	75	LastDelay	0.419424	419424	1	6
1.9519	0	1	75	FullDelay	0.419424	419424	1	6
1.96194	0	1	76	LastDelay	0.422634	422634	1	6
1.96194	0	1	76	FullDelay	0.422634	422634	1	6
1.98399	0	1	22	LastDelay	0.424204	424204	1	2
1.98399	0	1	22	FullDelay	0.833803	833803	2	2
1.99403	0	1	77	LastDelay	0.447893	447893	1	6
1.99403	0	1	77	FullDelay	0.447893	447893	1	6
2.00595	0	1	78	LastDelay	0.439339	439339	1	6
2.00595	0	1	78	FullDelay	0.439339	439339	1	6
2.01917	0	1	79	LastDelay	0.445732	445732	1	6
2.01917	0	1	79	FullDelay	0.445732	445732	1	6
2.03052	0	1	80	LastDelay	0.450249	450249	1	6
2.03052	0	1	80	FullDelay	0.450249	450249	1	6
2.04076	0	1	81	LastDelay	0.453664	453664	1	6
2.04076	0	1	81	FullDelay	0.453664	453664	1	6
2.07315	0	1	84	LastDelay	0.465574	465574	1	6
2.07315	0	1	84	FullDelay	0.465574	465574	1	6
2.08404	0	1	85	LastDelay	0.469641	469641	1	6
2.08404	0	1	85	FullDelay	0.469641	469641	1	6
2.09418	0	1	86	LastDelay	0.47295	472950	1	6
2.09418	0	1	86	FullDelay	0.47295	472950	1	6
2.10329	0	1	87	LastDelay	0.475242	475242	1	6
2.10329	0	1	87	FullDelay	0.475242	475242	1	6
2.11325	0	1	88	LastDelay	0.478371	478371	1	6
2.11325	0	1	88	FullDelay	0.478371	478371	1	6
2.12646	0	1	89	LastDelay	0.484754	484754	1	6
2.12646	0	1	89	FullDelay	0.484754	484754	1	6
2.13572	0	1	90	LastDelay	0.487186	487186	1	6
2.13572	0	1	90	FullDelay	0.487186	487186	1	6
2.14551	0	1	91	LastDelay	0.490149	490149	1	6
2.14551	0	1	91	FullDelay	0.490149	490149	1	6
2.15776	0	1	92	LastDelay	0.49557	495570	1	6
2.15776	0	1	92	FullDelay	0.49557	495570	1	6
2.16926	0	1	93	LastDelay	0.50025	500250	1	6
2.16926	0	1	93	FullDelay	0.50025	500250	1	6
2.18799	0	1	94	LastDelay	0.512146	512146	1	6
2.18799	0	1	94	FullDelay	0.512146	512146	1	6
2.19708	0	1	95	LastDelay	0.514418	514418	1	6
2.19708	0	1	95	FullDelay	0.514418	514418	1	6
2.20614	0	1	96	LastDelay	0.516649	516649	1	6
2.20614	0	1	96	FullDelay	0.516649	516649	1	6
2.21528	0	1	97	LastDelay	0.51896	518960	1	6
2.21528	0	1	97	FullDelay	0.51896	518960	1	6
2.22716	0	1	98	LastDelay	0.52401	524010	1	6
2.22716	0	1	98	FullDelay	0.52401	524010	1	6
2.23872	0	1	99	LastDelay	0.528743	528743	1	6
2.23872	0	1	99	FullDelay	0.528743	528743	1	6
2.24781	0	1	100	LastDelay	0.531014	531014	1	6
2.24781	0	1	100	FullDelay	0.531014	531014	1	6
2.26157	0	1	101	LastDelay	0.537939	537939	1	6
2.26157	0	1	101	FullDelay	0.537939	537939	1	6
2.27137	0	1	102	LastDelay	0.540919	540919	1	6
2.27137	0	1	102	FullDelay	0.540919	540919	1	6
2.29481	0	1	103	LastDelay	0.557535	557535	1	6
2.29481	0	1	103	FullDelay	0.557535	557535	1	6
2.30501	0	1	104	LastDelay	0.560901	560901	1	6
2.30501	0	1	104	FullDelay	0.560901	560901	1	6
2.31522	0	1	105	LastDelay	0.564291	564291	1	6
2.31522	0	1	105	FullDelay	0.564291	564291	1	6
2.32742	0	1	106	LastDelay	0.569658	569658	1	6
2.32742	0	1	106	FullDelay	0.569658	569658	1	6
2.3365	0	1	107	LastDelay	0.571909	571909	1	6
2.3365	0	1	107	FullDelay	0.571909	571909	1	6
2.34769	0	1	108	LastDelay	0.576277	576277	1	6
2.34769	0	1	108	FullDelay	0.576277	576277	1	6
2.35938	0	1	109	LastDelay	0.581145	581145	1	6
2.35938	0	1	109	FullDelay	0.581145	581145	1	6
2.3693	0	1	110	LastDelay	0.584235	584235	1	6
2.3693	0	1	110	FullDelay	0.584235	584235	1	6
2.38038	0	1	111	LastDelay	0.588483	588483	1	6
2.38038	0	1	111	FullDelay	0.588483	588483	1	6
2.39361	0	1	40	LastDelay	0.588061	588061	1	2
2.39361	0	1	40	FullDelay	1.12054	1.12054e+06	2	2
2.40859	0	1	112	LastDelay	0.609872	609872	1	6
2.40859	0	1	112	FullDelay	0.609872	609872	1	6
2.42154	0	1	113	LastDelay	0.609167	609167	1	6
2.42154	0	1	113	FullDelay	0.609167	609167	1	6
2.46029	0	1	115	LastDelay	0.634267	634267	1	6
2.46029	0	1	115	FullDelay	0.634267	634267	1	6
2.46951	0	1	116	LastDelay	0.636658	636658	1	6
2.46951	0	1	116	FullDelay	0.636658	636658	1	6
2.48099	0	1	117	LastDelay	0.641307	641307	1	6
2.48099	0	1	117	FullDelay	0.641307	641307	1	6
2.49006	0	1	118	LastDelay	0.643558	643558	1	6
2.49006	0	1	118	FullDelay	0.643558	643558	1	6
2.50194	0	1	119	LastDelay	0.648604	648604	1	6
2.50194	0	1	119	FullDelay	0.648604	648604	1	6
2.51253	0	1	120	LastDelay	0.652375	652375	1	6
2.51253	0	1	120	FullDelay	0.652375	652375	1	6
2.53329	0	1	122	LastDelay	0.659472	659472	1	6
2.53329	0	1	122	FullDelay	0.659472	659472	1	6
2.5435	0	1	123	LastDelay	0.662862	662862	1	6
2.5435	0	1	123	FullDelay	0.662862	662862	1	6
2.55276	0	1	124	LastDelay	0.665294	665294	1	6
2.55276	0	1	124	FullDelay	0.665294	665294	1	6
2.56346	0	1	125	LastDelay	0.669163	669163	1	6
2.56346	0	1	125	FullDelay	0.669163	669163	1	6
2.57377	0	1	126	LastDelay	0.672653	672653	1	6
2.57377	0	1	126	FullDelay	0.672653	672653	1	6
2.58333	0	1	127	LastDelay	0.675385	675385	1	6
2.58333	0	1	127	FullDelay	0.675385	675385	1	6
2.61173	0	1	129	LastDelay	0.690133	690133	1	6
2.61173	0	1	129	FullDelay	0.690133	690133	1	6
2.62188	0	1	130	LastDelay	0.693451	693451	1	6
2.62188	0	1	130	FullDelay	0.693451	693451	1	6
2.63193	0	1	131	LastDelay	0.696681	696681	1	6
2.63193	0	1	131	FullDelay	0.696681	696681	1	6
2.64404	0	1	132	LastDelay	0.701964	701964	1	6
2.64404	0	1	132	FullDelay	0.701964	701964	1	6
2.67257	0	1	134	LastDelay	0.716836	716836	1	6
2.67257	0	1	134	FullDelay	0.716836	716836	1	6
2.68163	0	1	135	LastDelay	0.719067	719067	1	6
2.68163	0	1	135	FullDelay	0.719067	719067	1	6
2.72015	0	1	137	LastDelay	0.743938	743938	1	6
2.72015	0	1	137	FullDelay	0.743938	743938	1	6
2.72981	0	1	138	LastDelay	0.746765	746765	1	6
2.72981	0	1	138	FullDelay	0.746765	746765	1	6
2.73998	0	1	139	LastDelay	0.750115	750115	1	6
2.73998	0	1	139	FullDelay	0.750115	750115	1	6
2.74906	0	1	140	LastDelay	0.752367	752367	1	6
2.74906	0	1	140	FullDelay	0.752367	752367	1	6
2.76042	0	1	141	LastDelay	0.756895	756895	1	6
2.76042	0	1	141	FullDelay	0.756895	756895	1	6
2.77021	0	1	142	LastDelay	0.759865	759865	1	6
2.77021	0	1	142	FullDelay	0.759865	759865	1	6
2.78123	0	1	143	LastDelay	0.764055	764055	1	6
2.78123	0	1	143	FullDelay	0.764055	764055	1	6
2.79123	0	1	144	LastDelay	0.767225	767225	1	6
2.79123	0	1	144	FullDelay	0.767225	767225	1	6
2.80146	0	1	145	LastDelay	0.770636	770636	1	6
2.80146	0	1	145	FullDelay	0.770636	770636	1	6
2.8124	0	1	146	LastDelay	0.774744	774744	1	6
2.8124	0	1	146	FullDelay	0.774744	774744	1	6
2.82157	0	1	147	LastDelay	0.777095	777095	1	6
2.82157	0	1	147	FullDelay	0.777095	777095	1	6
2.84313	0	1	149	LastDelay	0.784994	784994	1	6
2.84313	0	1	149	FullDelay	0.784994	784994	1	6
2.85318	0	1	150	LastDelay	0.788224	788224	1	6
2.85318	0	1	150	FullDelay	0.788224	788224	1	6
2.86777	0	1	151	LastDelay	0.795986	795986	1	6
2.86777	0	1	151	FullDelay	0.795986	795986	1	6
2.87752	0	1	152	LastDelay	0.79891	798910	1	6
2.87752	0	1	152	FullDelay	0.79891	798910	1	6
2.88737	0	1	153	LastDelay	0.801926	801926	1	6
2.88737	0	1	153	FullDelay	0.801926	801926	1	6
2.89642	0	1	154	LastDelay	0.804157	804157	1	6
2.89642	0	1	154	FullDelay	0.804157	804157	1	6
2.91072	0	1	155	LastDelay	0.811625	811625	1	6
2.91072	0	1	155	FullDelay	0.811625	811625	1	6
2.91984	0	1	156	LastDelay	0.813917	813917	1	6
2.91984	0	1	156	FullDelay	0.813917	813917	1	6
2.93796	0	1	157	LastDelay	0.82521	825210	1	6
2.93796	0	1	157	FullDelay	0.82521	825210	1	6
2.95034	0	1	158	LastDelay	0.830765	830765	1	6
2.95034	0	1	158	FullDelay	0.830765	830765	1	6
2.9594	0	1	159	LastDelay	0.832996	832996	1	6
2.9594	0	1	159	FullDelay	0.832996	832996	1	6
2.9811	0	1	73	LastDelay	0.827392	827392	1	2
2.9811	0	1	73	FullDelay	1.46227	1.46227e+06	2	2
2.99201	0	1	161	LastDelay	0.85196	851960	1	6
2.99201	0	1	161	FullDelay	0.85196	851960	1	6
3.0022	0	1	162	LastDelay	0.855323	855323	1	6
3.0022	0	1	162	FullDelay	0.855323	855323	1	6
3.01619	0	1	163	LastDelay	0.855655	855655	1	6
3.01619	0	1	163	FullDelay	0.855655	855655	1	6
3.02618	0	1	164	LastDelay	0.858825	858825	1	6
3.02618	0	1	164	FullDelay	0.858825	858825	1	6
3.03696	0	1	165	LastDelay	0.862773	862773	1	6
3.03696	0	1	165	FullDelay	0.862773	862773	1	6
3.05165	0	1	166	LastDelay	0.870639	870639	1	6
3.05165	0	1	166	FullDelay	0.870639	870639	1	6
3.06077	0	1	167	LastDelay	0.87293	872930	1	6
3.06077	0	1	167	FullDelay	0.87293	872930	1	6
3.07252	0	1	21	LastDelay	0.871024	871024	1	2
3.07252	0	1	21	FullDelay	1.92916	1.92916e+06	3	2
3.08382	0	1	168	LastDelay	0.889157	889157	1	6
3.08382	0	1	168	FullDelay	0.889157	889157	1	6
3.10784	0	1	170	LastDelay	0.892695	892695	1	6
3.10784	0	1	170	FullDelay	0.892695	892695	1	6
3.11708	0	1	171	LastDelay	0.895106	895106	1	6
3.11708	0	1	171	FullDelay	0.895106	895106	1	6
3.12775	0	1	172	LastDelay	0.898952	898952	1	6
3.12775	0	1	172	FullDelay	0.898952	898952	1	6
3.14206	0	1	82	LastDelay	0.885952	885952	1	2
3.14206	0	1	82	FullDelay	1.54814	1.54814e+06	2	2
3.154	0	1	83	LastDelay	0.89107	891070	1	2
3.154	0	1	83	FullDelay	1.55326	1.55326e+06	2	2
3.16396	0	1	173	LastDelay	0.928334	928334	1	6
3.16396	0	1	173	FullDelay	0.928334	928334	1	6
3.17644	0	1	174	LastDelay	0.93399	933990	1	6
3.17644	0	1	174	FullDelay	0.93399	933990	1	6
3.1855	0	1	175	LastDelay	0.936221	936221	1	6
3.1855	0	1	175	FullDelay	0.936221	936221	1	6
3.20269	0	1	176	LastDelay	0.932927	932927	1	6
3.20269	0	1	176	FullDelay	0.932927	932927	1	6
3.21437	0	1	177	LastDelay	0.937783	937783	1	6
3.21437	0	1	177	FullDelay	0.937783	937783	1	6
3.22362	0	1	178	LastDelay	0.940207	940207	1	6
3.22362	0	1	178	FullDelay	0.940207	940207	1	6
3.23274	0	1	179	LastDelay	0.942498	942498	1	6
3.23274	0	1	179	FullDelay	0.942498	942498	1	6
3.24295	0	1	180	LastDelay	0.94588	945880	1	6
3.24295	0	1	180	FullDelay	0.94588	945880	1	6
3.25439	0	1	181	LastDelay	0.950493	950493	1	6
3.25439	0	1	181	FullDelay	0.950493	950493	1	6
3.27491	0	1	182	LastDelay	0.964194	964194	1	6
3.27491	0	1	182	FullDelay	0.964194	964194	1	6
3.28397	0	1	183	LastDelay	0.966425	966425	1	6
3.28397	0	1	183	FullDelay	0.966425	966425	1	6
3.29883	0	1	184	LastDelay	0.974454	974454	1	6
3.29883	0	1	184	FullDelay	0.974454	974454	1	6
3.30895	0	1	185	LastDelay	0.977752	977752	1	6
3.30895	0	1	185	FullDelay	0.977752	977752	1	6
3.32011	0	1	186	LastDelay	0.982088	982088	1	6
3.32011	0	1	186	FullDelay	0.982088	982088	1	6
3.32935	0	1	187	LastDelay	0.9845	984500	1	6
3.32935	0	1	187	FullDelay	0.9845	984500	1	6
3.33841	0	1	188	LastDelay	0.986731	986731	1	6
3.33841	0	1	188	FullDelay	0.986731	986731	1	6
3.34759	0	1	189	LastDelay	0.989082	989082	1	6
3.34759	0	1	189	FullDelay	0.989082	989082	1	6
3.35687	0	1	190	LastDelay	0.991534	991534	1	6
3.35687	0	1	190	FullDelay	0.991534	991534	1	6
3.36596	0	1	191	LastDelay	0.993805	993805	1	6
3.36596	0	1	191	FullDelay	0.993805	993805	1	6
3.38192	0	1	192	LastDelay	1.00293	1.00293e+06	1	6
3.38192	0	1	192	FullDelay	1.00293	1.00293e+06	1	6
3.39288	0	1	193	LastDelay	1.00707	1.00707e+06	1	6
3.39288	0	1	193	FullDelay	1.00707	1.00707e+06	1	6
3.405	0	1	194	LastDelay	1.01236	1.01236e+06	1	6
3.405	0	1	194	FullDelay	1.01236	1.01236e+06	1	6
3.4152	0	1	195	LastDelay	1.01574	1.01574e+06	1	6
3.4152	0	1	195	FullDelay	1.01574	1.01574e+06	1	6
3.42519	0	1	196	LastDelay	1.0189	1.0189e+06	1	6
3.42519	0	1	196	FullDelay	1.0189	1.0189e+06	1	6
3.43745	0	1	197	LastDelay	1.02433	1.02433e+06	1	6
3.43745	0	1	197	FullDelay	1.02433	1.02433e+06	1	6
3.44656	0	1	198	LastDelay	1.02662	1.02662e+06	1	6
3.44656	0	1	198	FullDelay	1.02662	1.02662e+06	1	6
3.45566	0	1	199	LastDelay	1.02889	1.02889e+06	1	6
3.45566	0	1	199	FullDelay	1.02889	1.02889e+06	1	6
3.46686	0	1	200	LastDelay	1.03326	1.03326e+06	1	6
3.46686	0	1	200	FullDelay	1.03326	1.03326e+06	1	6
3.47644	0	1	201	LastDelay	1.03602	1.03602e+06	1	6
3.47644	0	1	201	FullDelay	1.03602	1.03602e+06	1	6
3.48843	0	1	202	LastDelay	1.04117	1.04117e+06	1	6
3.48843	0	1	202	FullDelay	1.04117	1.04117e+06	1	6
3.50259	0	1	203	LastDelay	1.04851	1.04851e+06	1	6
3.50259	0	1	203	FullDelay	1.04851	1.04851e+06	1	6
3.51618	0	1	204	LastDelay	1.05528	1.05528e+06	1	6
3.51618	0	1	204	FullDelay	1.05528	1.05528e+06	1	6
3.52647	0	1	205	LastDelay	1.05873	1.05873e+06	1	6
3.52647	0	1	205	FullDelay	1.05873	1.05873e+06	1	6
3.53786	0	1	206	LastDelay	1.0633	1.0633e+06	1	6
3.53786	0	1	206	FullDelay	1.0633	1.0633e+06	1	6
3.55004	0	1	207	LastDelay	1.06866	1.06866e+06	1	6
3.55004	0	1	207	FullDelay	1.06866	1.06866e+06	1	6
3.56036	0	1	208	LastDelay	1.07215	1.07215e+06	1	6
3.56036	0	1	208	FullDelay	1.07215	1.07215e+06	1	6
3.57639	0	1	209	LastDelay	1.08135	1.08135e+06	1	6
3.57639	0	1	209	FullDelay	1.08135	1.08135e+06	1	6
3.58663	0	1	210	LastDelay	1.08476	1.08476e+06	1	6
3.58663	0	1	210	FullDelay	1.08476	1.08476e+06	1	6
3.59575	0	1	211	LastDelay	1.08705	1.08705e+06	1	6
3.59575	0	1	211	FullDelay	1.08705	1.08705e+06	1	6
3.62041	0	1	212	LastDelay	1.10489	1.10489e+06	1	6
3.62041	0	1	212	FullDelay	1.10489	1.10489e+06	1	6
3.6297	0	1	213	LastDelay	1.10735	1.10735e+06	1	6
3.6297	0	1	213	FullDelay	1.10735	1.10735e+06	1	6
3.6397	0	1	214	LastDelay	1.11053	1.11053e+06	1	6
3.6397	0	1	214	FullDelay	1.11053	1.11053e+06	1	6
3.64899	0	1	215	LastDelay	1.11299	1.11299e+06	1	6
3.64899	0	1	215	FullDelay	1.11299	1.11299e+06	1	6
3.65893	0	1	216	LastDelay	1.1161	1.1161e+06	1	6
3.65893	0	1	216	FullDelay	1.1161	1.1161e+06	1	6
3.6691	0	1	217	LastDelay	1.11945	1.11945e+06	1	6
3.6691	0	1	217	FullDelay	1.11945	1.11945e+06	1	6
3.70496	0	1	220	LastDelay	1.13483	1.13483e+06	1	6
3.70496	0	1	220	FullDelay	1.13483	1.13483e+06	1	6
3.71591	0	1	221	LastDelay	1.13895	1.13895e+06	1	6
3.71591	0	1	221	FullDelay	1.13895	1.13895e+06	1	6
3.72684	0	1	222	LastDelay	1.14305	1.14305e+06	1	6
3.72684	0	1	222	FullDelay	1.14305	1.14305e+06	1	6
3.73713	0	1	223	LastDelay	1.14651	1.14651e+06	1	6
3.73713	0	1	223	FullDelay	1.14651	1.14651e+06	1	6
3.75329	0	1	224	LastDelay	1.15585	1.15585e+06	1	6
3.75329	0	1	224	FullDelay	1.15585	1.15585e+06	1	6
3.7654	0	1	225	LastDelay	1.16113	1.16113e+06	1	6
3.7654	0	1	225	FullDelay	1.16113	1.16113e+06	1	6
3.7747	0	1	226	LastDelay	1.1636	1.1636e+06	1	6
3.7747	0	1	226	FullDelay	1.1636	1.1636e+06	1	6
3.78449	0	1	227	LastDelay	1.16657	1.16657e+06	1	6
3.78449	0	1	227	FullDelay	1.16657	1.16657e+06	1	6
3.79357	0	1	228	LastDelay	1.16883	1.16883e+06	1	6
3.79357	0	1	228	FullDelay	1.16883	1.16883e+06	1	6
3.81179	0	1	230	LastDelay	1.17339	1.17339e+06	1	6
3.81179	0	1	230	FullDelay	1.17339	1.17339e+06	1	6
3.82109	0	1	231	LastDelay	1.17586	1.17586e+06	1	6
3.82109	0	1	231	FullDelay	1.17586	1.17586e+06	1	6
3.8303	0	1	232	LastDelay	1.17825	1.17825e+06	1	6
3.8303	0	1	232	FullDelay	1.17825	1.17825e+06	1	6
3.8404	0	1	233	LastDelay	1.18152	1.18152e+06	1	6
3.8404	0	1	233	FullDelay	1.18152	1.18152e+06	1	6
3.85341	0	1	234	LastDelay	1.1877	1.1877e+06	1	6
3.85341	0	1	234	FullDelay	1.1877	1.1877e+06	1	6
3.86292	0	1	235	LastDelay	1.19038	1.19038e+06	1	6
3.86292	0	1	235	FullDelay	1.19038	1.19038e+06	1	6
3.87242	0	1	236	LastDelay	1.19306	1.19306e+06	1	6
3.87242	0	1	236	FullDelay	1.19306	1.19306e+06	1	6
3.88268	0	1	237	LastDelay	1.19649	1.19649e+06	1	6
3.88268	0	1	237	FullDelay	1.19649	1.19649e+06	1	6
3.9061	0	1	239	LastDelay	1.20626	1.20626e+06	1	6
3.9061	0	1	239	FullDelay	1.20626	1.20626e+06	1	6
3.91735	0	1	114	LastDelay	1.21068	1.21068e+06	1	2
3.91735	0	1	114	FullDelay	2.09815	2.09815e+06	2	2
3.92891	0	1	240	LastDelay	1.21541	1.21541e+06	1	6
3.92891	0	1	240	FullDelay	1.21541	1.21541e+06	1	6
3.94778	0	1	241	LastDelay	1.22746	1.22746e+06	1	6
3.94778	0	1	241	FullDelay	1.22746	1.22746e+06	1	6
3.95797	0	1	242	LastDelay	1.23082	1.23082e+06	1	6
3.95797	0	1	242	FullDelay	1.23082	1.23082e+06	1	6
3.96968	0	1	243	LastDelay	1.23571	1.23571e+06	1	6
3.96968	0	1	243	FullDelay	1.23571	1.23571e+06	1	6
3.98088	0	1	244	LastDelay	1.24008	1.24008e+06	1	6
3.98088	0	1	244	FullDelay	1.24008	1.24008e+06	1	6
3.99108	0	1	245	LastDelay	1.24345	1.24345e+06	1	6
3.99108	0	1	245	FullDelay	1.24345	1.24345e+06	1	6
4.00116	0	1	246	LastDelay	1.24671	1.24671e+06	1	6
4.00116	0	1	246	FullDelay	1.24671	1.24671e+06	1	6
4.01045	0	1	247	LastDelay	1.24917	1.24917e+06	1	6
4.01045	0	1	247	FullDelay	1.24917	1.24917e+06	1	6
4.0256	0	1	248	LastDelay	1.2575	1.2575e+06	1	6
4.0256	0	1	248	FullDelay	1.2575	1.2575e+06	1	6
4.03466	0	1	249	LastDelay	1.25973	1.25973e+06	1	6
4.03466	0	1	249	FullDelay	1.25973	1.25973e+06	1	6
4.04376	0	1	250	LastDelay	1.262	1.262e+06	1	6
4.04376	0	1	250	FullDelay	1.262	1.262e+06	1	6
4.06829	0	1	251	LastDelay	1.2797	1.2797e+06	1	6
4.06829	0	1	251	FullDelay	1.2797	1.2797e+06	1	6
4.08689	0	1	128	LastDelay	1.23687	1.23687e+06	1	2
4.08689	0	1	128	FullDelay	2.17212	2.17212e+06	2	2
4.11737	0	1	254	LastDelay	1.30148	1.30148e+06	1	6
4.11737	0	1	254	FullDelay	1.30148	1.30148e+06	1	6
4.13779	0	1	256	LastDelay	1.30824	1.30824e+06	1	6
4.13779	0	1	256	FullDelay	1.30824	1.30824e+06	1	6
4.14717	0	1	257	LastDelay	1.3108	1.3108e+06	1	6
4.14717	0	1	257	FullDelay	1.3108	1.3108e+06	1	6
4.18515	0	1	260	LastDelay	1.32147	1.32147e+06	1	6
4.18515	0	1	260	FullDelay	1.32147	1.32147e+06	1	6
4.19874	0	1	133	LastDelay	1.2941	1.2941e+06	1	2
4.19874	0	1	133	FullDelay	2.24984	2.24984e+06	2	2
4.20874	0	1	136	LastDelay	1.29727	1.29727e+06	1	2
4.20874	0	1	136	FullDelay	2.23935	2.23935e+06	2	2
4.21839	0	1	261	LastDelay	1.34788	1.34788e+06	1	6
4.21839	0	1	261	FullDelay	1.34788	1.34788e+06	1	6
4.22785	0	1	262	LastDelay	1.35052	1.35052e+06	1	6
4.22785	0	1	262	FullDelay	1.35052	1.35052e+06	1	6
4.23694	0	1	263	LastDelay	1.35278	1.35278e+06	1	6
4.23694	0	1	263	FullDelay	1.35278	1.35278e+06	1	6
4.24755	0	1	264	LastDelay	1.35657	1.35657e+06	1	6
4.24755	0	1	264	FullDelay	1.35657	1.35657e+06	1	6
4.25664	0	1	265	LastDelay	1.35883	1.35883e+06	1	6
4.25664	0	1	265	FullDelay	1.35883	1.35883e+06	1	6
4.28053	0	1	267	LastDelay	1.35541	1.35541e+06	1	6
4.28053	0	1	267	FullDelay	1.35541	1.35541e+06	1	6
4.28982	0	1	268	LastDelay	1.35787	1.35787e+06	1	6
4.28982	0	1	268	FullDelay	1.35787	1.35787e+06	1	6
4.3063	0	1	269	LastDelay	1.36753	1.36753e+06	1	6
4.3063	0	1	269	FullDelay	1.36753	1.36753e+06	1	6
4.31539	0	1	270	LastDelay	1.36979	1.36979e+06	1	6
4.31539	0	1	270	FullDelay	1.36979	1.36979e+06	1	6
4.32655	0	1	271	LastDelay	1.37412	1.37412e+06	1	6
4.32655	0	1	271	FullDelay	1.37412	1.37412e+06	1	6
4.33688	0	1	272	LastDelay	1.37762	1.37762e+06	1	6
4.33688	0	1	272	FullDelay	1.37762	1.37762e+06	1	6
4.35305	0	1	273	LastDelay	1.38697	1.38697e+06	1	6
4.35305	0	1	273	FullDelay	1.38697	1.38697e+06	1	6
4.37334	0	1	275	LastDelay	1.39361	1.39361e+06	1	6
4.37334	0	1	275	FullDelay	1.39361	1.39361e+06	1	6
4.38242	0	1	276	LastDelay	1.39586	1.39586e+06	1	6
4.38242	0	1	276	FullDelay	1.39586	1.39586e+06	1	6
4.39841	0	1	277	LastDelay	1.40503	1.40503e+06	1	6
4.39841	0	1	277	FullDelay	1.40503	1.40503e+06	1	6
4.40795	0	1	278	LastDelay	1.40774	1.40774e+06	1	6
4.40795	0	1	278	FullDelay	1.40774	1.40774e+06	1	6
4.41814	0	1	279	LastDelay	1.4111	1.4111e+06	1	6
4.41814	0	1	279	FullDelay	1.4111	1.4111e+06	1	6
4.4327	0	1	280	LastDelay	1.41883	1.41883e+06	1	6
4.4327	0	1	280	FullDelay	1.41883	1.41883e+06	1	6
4.44281	0	1	281	LastDelay	1.42212	1.42212e+06	1	6
4.44281	0	1	281	FullDelay	1.42212	1.42212e+06	1	6
4.45664	0	1	282	LastDelay	1.42912	1.42912e+06	1	6
4.45664	0	1	282	FullDelay	1.42912	1.42912e+06	1	6
4.48802	0	1	285	LastDelay	1.44002	1.44002e+06	1	6
4.48802	0	1	285	FullDelay	1.44002	1.44002e+06	1	6
4.50232	0	1	286	LastDelay	1.44749	1.44749e+06	1	6
4.50232	0	1	286	FullDelay	1.44749	1.44749e+06	1	6
4.51467	0	1	287	LastDelay	1.45302	1.45302e+06	1	6
4.51467	0	1	287	FullDelay	1.45302	1.45302e+06	1	6
4.52379	0	1	288	LastDelay	1.45532	1.45532e+06	1	6
4.52379	0	1	288	FullDelay	1.45532	1.45532e+06	1	6
4.53798	0	1	289	LastDelay	1.46267	1.46267e+06	1	6
4.53798	0	1	289	FullDelay	1.46267	1.46267e+06	1	6
4.54713	0	1	290	LastDelay	1.46499	1.46499e+06	1	6
4.54713	0	1	290	FullDelay	1.46499	1.46499e+06	1	6
4.55801	0	1	148	LastDelay	1.4554	1.4554e+06	1	2
4.55801	0	1	148	FullDelay	2.5067	2.5067e+06	2	2
4.58624	0	1	292	LastDelay	1.49046	1.49046e+06	1	6
4.58624	0	1	292	FullDelay	1.49046	1.49046e+06	1	6
4.60085	0	1	293	LastDelay	1.49141	1.49141e+06	1	6
4.60085	0	1	293	FullDelay	1.49141	1.49141e+06	1	6
4.61146	0	1	294	LastDelay	1.49519	1.49519e+06	1	6
4.61146	0	1	294	FullDelay	1.49519	1.49519e+06	1	6
4.62247	0	1	295	LastDelay	1.49938	1.49938e+06	1	6
4.62247	0	1	295	FullDelay	1.49938	1.49938e+06	1	6
4.63284	0	1	296	LastDelay	1.50292	1.50292e+06	1	6
4.63284	0	1	296	FullDelay	1.50292	1.50292e+06	1	6
4.6423	0	1	297	LastDelay	1.50555	1.50555e+06	1	6
4.6423	0	1	297	FullDelay	1.50555	1.50555e+06	1	6
4.6518	0	1	298	LastDelay	1.50823	1.50823e+06	1	6
4.6518	0	1	298	FullDelay	1.50823	1.50823e+06	1	6
4.66567	0	1	299	LastDelay	1.51527	1.51527e+06	1	6
4.66567	0	1	299	FullDelay	1.51527	1.51527e+06	1	6
4.68984	0	1	301	LastDelay	1.52578	1.52578e+06	1	6
4.68984	0	1	301	FullDelay	1.52578	1.52578e+06	1	6
4.69983	0	1	302	LastDelay	1.52895	1.52895e+06	1	6
4.69983	0	1	302	FullDelay	1.52895	1.52895e+06	1	6
4.71003	0	1	303	LastDelay	1.53232	1.53232e+06	1	6
4.71003	0	1	303	FullDelay	1.53232	1.53232e+06	1	6
4.71998	0	1	304	LastDelay	1.53545	1.53545e+06	1	6
4.71998	0	1	304	FullDelay	1.53545	1.53545e+06	1	6
4.73021	0	1	305	LastDelay	1.53885	1.53885e+06	1	6
4.73021	0	1	305	FullDelay	1.53885	1.53885e+06	1	6
4.74065	0	1	306	LastDelay	1.54247	1.54247e+06	1	6
4.74065	0	1	306	FullDelay	1.54247	1.54247e+06	1	6
4.75269	0	1	307	LastDelay	1.54768	1.54768e+06	1	6
4.75269	0	1	307	FullDelay	1.54768	1.54768e+06	1	6
4.76572	0	1	308	LastDelay	1.55388	1.55388e+06	1	6
4.76572	0	1	308	FullDelay	1.55388	1.55388e+06	1	6
4.77615	0	1	309	LastDelay	1.55749	1.55749e+06	1	6
4.77615	0	1	309	FullDelay	1.55749	1.55749e+06	1	6
4.79184	0	1	310	LastDelay	1.56635	1.56635e+06	1	6
4.79184	0	1	310	FullDelay	1.56635	1.56635e+06	1	6
4.80091	0	1	311	LastDelay	1.56859	1.56859e+06	1	6
4.80091	0	1	311	FullDelay	1.56859	1.56859e+06	1	6
4.81112	0	1	312	LastDelay	1.57197	1.57197e+06	1	6
4.81112	0	1	312	FullDelay	1.57197	1.57197e+06	1	6
4.82207	0	1	313	LastDelay	1.5761	1.5761e+06	1	6
4.82207	0	1	313	FullDelay	1.5761	1.5761e+06	1	6
4.83435	0	1	160	LastDelay	1.58155	1.58155e+06	1	2
4.83435	0	1	160	FullDelay	2.70113	2.70113e+06	2	2
4.84747	0	1	314	LastDelay	1.58784	1.58784e+06	1	6
4.84747	0	1	314	FullDelay	1.58784	1.58784e+06	1	6
4.85769	0	1	315	LastDelay	1.59124	1.59124e+06	1	6
4.85769	0	1	315	FullDelay	1.59124	1.59124e+06	1	6
4.87443	0	1	316	LastDelay	1.60115	1.60115e+06	1	6
4.87443	0	1	316	FullDelay	1.60115	1.60115e+06	1	6
4.88473	0	1	317	LastDelay	1.60462	1.60462e+06	1	6
4.88473	0	1	317	FullDelay	1.60462	1.60462e+06	1	6
4.89985	0	1	318	LastDelay	1.61292	1.61292e+06	1	6
4.89985	0	1	318	FullDelay	1.61292	1.61292e+06	1	6
4.9117	0	1	319	LastDelay	1.61794	1.61794e+06	1	6
4.9117	0	1	319	FullDelay	1.61794	1.61794e+06	1	6
4.92249	0	1	320	LastDelay	1.62191	1.62191e+06	1	6
4.92249	0	1	320	FullDelay	1.62191	1.62191e+06	1	6
4.93733	0	1	321	LastDelay	1.62992	1.62992e+06	1	6
4.93733	0	1	321	FullDelay	1.62992	1.62992e+06	1	6
4.95606	0	1	169	LastDelay	1.60086	1.60086e+06	1	2
4.95606	0	1	169	FullDelay	2.74774	2.74774e+06	2	2
4.96944	0	1	322	LastDelay	1.6552	1.6552e+06	1	6
4.96944	0	1	322	FullDelay	1.6552	1.6552e+06	1	6
4.98033	0	1	323	LastDelay	1.65927	1.65927e+06	1	6
4.98033	0	1	323	FullDelay	1.65927	1.65927e+06	1	6
4.99048	0	1	324	LastDelay	1.66259	1.66259e+06	1	6
4.99048	0	1	324	FullDelay	1.66259	1.66259e+06	1	6
5.00151	0	1	325	LastDelay	1.66679	1.66679e+06	1	6
5.00151	0	1	325	FullDelay	1.66679	1.66679e+06	1	6
5.01237	0	1	326	LastDelay	1.67083	1.67083e+06	1	6
5.01237	0	1	326	FullDelay	1.67083	1.67083e+06	1	6
5.02162	0	1	327	LastDelay	1.67325	1.67325e+06	1	6
5.02162	0	1	327	FullDelay	1.67325	1.67325e+06	1	6
5.03071	0	1	328	LastDelay	1.66868	1.66868e+06	1	6
5.03071	0	1	328	FullDelay	1.66868	1.66868e+06	1	6
5.04085	0	1	329	LastDelay	1.672	1.672e+06	1	6
5.04085	0	1	329	FullDelay	1.672	1.672e+06	1	6
5.04998	0	1	330	LastDelay	1.6743	1.6743e+06	1	6
5.04998	0	1	330	FullDelay	1.6743	1.6743e+06	1	6
5.05937	0	1	331	LastDelay	1.67687	1.67687e+06	1	6
5.05937	0	1	331	FullDelay	1.67687	1.67687e+06	1	6
5.07961	0	1	333	LastDelay	1.68345	1.68345e+06	1	6
5.07961	0	1	333	FullDelay	1.68345	1.68345e+06	1	6
5.08924	0	1	334	LastDelay	1.68626	1.68626e+06	1	6
5.08924	0	1	334	FullDelay	1.68626	1.68626e+06	1	6
5.10233	0	1	335	LastDelay	1.69252	1.69252e+06	1	6
5.10233	0	1	335	FullDelay	1.69252	1.69252e+06	1	6
5.11251	0	1	336	LastDelay	1.69587	1.69587e+06	1	6
5.11251	0	1	336	FullDelay	1.69587	1.69587e+06	1	6
5.12333	0	1	337	LastDelay	1.69986	1.69986e+06	1	6
5.12333	0	1	337	FullDelay	1.69986	1.69986e+06	1	6
5.13242	0	1	338	LastDelay	1.70212	1.70212e+06	1	6
5.13242	0	1	338	FullDelay	1.70212	1.70212e+06	1	6
5.14556	0	1	339	LastDelay	1.70844	1.70844e+06	1	6
5.14556	0	1	339	FullDelay	1.70844	1.70844e+06	1	6
5.15482	0	1	340	LastDelay	1.71087	1.71087e+06	1	6
5.15482	0	1	340	FullDelay	1.71087	1.71087e+06	1	6
5.16399	0	1	341	LastDelay	1.71321	1.71321e+06	1	6
5.16399	0	1	341	FullDelay	1.71321	1.71321e+06	1	6
5.17435	0	1	342	LastDelay	1.71675	1.71675e+06	1	6
5.17435	0	1	342	FullDelay	1.71675	1.71675e+06	1	6
5.18342	0	1	343	LastDelay	1.71899	1.71899e+06	1	6
5.18342	0	1	343	FullDelay	1.71899	1.71899e+06	1	6
5.21309	0	1	345	LastDelay	1.73501	1.73501e+06	1	6
5.21309	0	1	345	FullDelay	1.73501	1.73501e+06	1	6
5.22397	0	1	346	LastDelay	1.73906	1.73906e+06	1	6
5.22397	0	1	346	FullDelay	1.73906	1.73906e+06	1	6
5.24576	0	1	348	LastDelay	1.7472	1.7472e+06	1	6
5.24576	0	1	348	FullDelay	1.7472	1.7472e+06	1	6
5.25491	0	1	349	LastDelay	1.74952	1.74952e+06	1	6
5.25491	0	1	349	FullDelay	1.74952	1.74952e+06	1	6
5.26713	0	1	350	LastDelay	1.75492	1.75492e+06	1	6
5.26713	0	1	350	FullDelay	1.75492	1.75492e+06	1	6
5.28039	0	1	351	LastDelay	1.76135	1.76135e+06	1	6
5.28039	0	1	351	FullDelay	1.76135	1.76135e+06	1	6
5.29164	0	1	352	LastDelay	1.76578	1.76578e+06	1	6
5.29164	0	1	352	FullDelay	1.76578	1.76578e+06	1	6
5.30071	0	1	353	LastDelay	1.76801	1.76801e+06	1	6
5.30071	0	1	353	FullDelay	1.76801	1.76801e+06	1	6
5.30981	0	1	354	LastDelay	1.77029	1.77029e+06	1	6
5.30981	0	1	354	FullDelay	1.77029	1.77029e+06	1	6
5.32192	0	1	355	LastDelay	1.77558	1.77558e+06	1	6
5.32192	0	1	355	FullDelay	1.77558	1.77558e+06	1	6
5.33397	0	1	356	LastDelay	1.7808	1.7808e+06	1	6
5.33397	0	1	356	FullDelay	1.7808	1.7808e+06	1	6
5.34304	0	1	357	LastDelay	1.78304	1.78304e+06	1	6
5.34304	0	1	357	FullDelay	1.78304	1.78304e+06	1	6
5.35224	0	1	358	LastDelay	1.78541	1.78541e+06	1	6
5.35224	0	1	358	FullDelay	1.78541	1.78541e+06	1	6
5.36269	0	1	359	LastDelay	1.78903	1.78903e+06	1	6
5.36269	0	1	359	FullDelay	1.78903	1.78903e+06	1	6
5.37323	0	1	360	LastDelay	1.79275	1.79275e+06	1	6
5.37323	0	1	360	FullDelay	1.79275	1.79275e+06	1	6
5.39051	0	1	361	LastDelay	1.8032	1.8032e+06	1	6
5.39051	0	1	361	FullDelay	1.8032	1.8032e+06	1	6
5.40246	0	1	362	LastDelay	1.80833	1.80833e+06	1	6
5.40246	0	1	362	FullDelay	1.80833	1.80833e+06	1	6
5.41501	0	1	363	LastDelay	1.81406	1.81406e+06	1	6
5.41501	0	1	363	FullDelay	1.81406	1.81406e+06	1	6
5.42849	0	1	364	LastDelay	1.8207	1.8207e+06	1	6
5.42849	0	1	364	FullDelay	1.8207	1.8207e+06	1	6
5.43883	0	1	365	LastDelay	1.82422	1.82422e+06	1	6
5.43883	0	1	365	FullDelay	1.82422	1.82422e+06	1	6
5.44878	0	1	366	LastDelay	1.82734	1.82734e+06	1	6
5.44878	0	1	366	FullDelay	1.82734	1.82734e+06	1	6
5.46018	0	1	367	LastDelay	1.83191	1.83191e+06	1	6
5.46018	0	1	367	FullDelay	1.83191	1.83191e+06	1	6
5.4711	0	1	368	LastDelay	1.83601	1.83601e+06	1	6
5.4711	0	1	368	FullDelay	1.83601	1.83601e+06	1	6
5.48591	0	1	369	LastDelay	1.84399	1.84399e+06	1	6
5.48591	0	1	369	FullDelay	1.84399	1.84399e+06	1	6
5.4951	0	1	370	LastDelay	1.84635	1.84635e+06	1	6
5.4951	0	1	370	FullDelay	1.84635	1.84635e+06	1	6
5.50417	0	1	371	LastDelay	1.84859	1.84859e+06	1	6
5.50417	0	1	371	FullDelay	1.84859	1.84859e+06	1	6
5.51792	0	1	372	LastDelay	1.85552	1.85552e+06	1	6
5.51792	0	1	372	FullDelay	1.85552	1.85552e+06	1	6
5.53421	0	1	373	LastDelay	1.86499	1.86499e+06	1	6
5.53421	0	1	373	FullDelay	1.86499	1.86499e+06	1	6
5.54382	0	1	374	LastDelay	1.86776	1.86776e+06	1	6
5.54382	0	1	374	FullDelay	1.86776	1.86776e+06	1	6
5.56317	0	1	376	LastDelay	1.87346	1.87346e+06	1	6
5.56317	0	1	376	FullDelay	1.87346	1.87346e+06	1	6
5.57335	0	1	377	LastDelay	1.87682	1.87682e+06	1	6
5.57335	0	1	377	FullDelay	1.87682	1.87682e+06	1	6
5.59213	0	1	378	LastDelay	1.88877	1.88877e+06	1	6
5.59213	0	1	378	FullDelay	1.88877	1.88877e+06	1	6
5.60123	0	1	379	LastDelay	1.89105	1.89105e+06	1	6
5.60123	0	1	379	FullDelay	1.89105	1.89105e+06	1	6
5.61159	0	1	380	LastDelay	1.89458	1.89458e+06	1	6
5.61159	0	1	380	FullDelay	1.89458	1.89458e+06	1	6
5.62228	0	1	381	LastDelay	1.89844	1.89844e+06	1	6
5.62228	0	1	381	FullDelay	1.89844	1.89844e+06	1	6
5.63685	0	1	382	LastDelay	1.90618	1.90618e+06	1	6
5.63685	0	1	382	FullDelay	1.90618	1.90618e+06	1	6
5.64627	0	1	383	LastDelay	1.90878	1.90878e+06	1	6
5.64627	0	1	383	FullDelay	1.90878	1.90878e+06	1	6
5.66881	0	1	385	LastDelay	1.91767	1.91767e+06	1	6
5.66881	0	1	385	FullDelay	1.91767	1.91767e+06	1	6
5.67897	0	1	386	LastDelay	1.92099	1.92099e+06	1	6
5.67897	0	1	386	FullDelay	1.92099	1.92099e+06	1	6
5.6974	0	1	388	LastDelay	1.92577	1.92577e+06	1	6
5.6974	0	1	388	FullDelay	1.92577	1.92577e+06	1	6
5.7067	0	1	389	LastDelay	1.92825	1.92825e+06	1	6
5.7067	0	1	389	FullDelay	1.92825	1.92825e+06	1	6
5.7171	0	1	390	LastDelay	1.93182	1.93182e+06	1	6
5.7171	0	1	390	FullDelay	1.93182	1.93182e+06	1	6
5.7327	0	1	391	LastDelay	1.94059	1.94059e+06	1	6
5.7327	0	1	391	FullDelay	1.94059	1.94059e+06	1	6
5.7418	0	1	392	LastDelay	1.94287	1.94287e+06	1	6
5.7418	0	1	392	FullDelay	1.94287	1.94287e+06	1	6
5.75419	0	1	393	LastDelay	1.94843	1.94843e+06	1	6
5.75419	0	1	393	FullDelay	1.94843	1.94843e+06	1	6
5.76328	0	1	394	LastDelay	1.95069	1.95069e+06	1	6
5.76328	0	1	394	FullDelay	1.95069	1.95069e+06	1	6
5.78153	0	1	396	LastDelay	1.95529	1.95529e+06	1	6
5.78153	0	1	396	FullDelay	1.95529	1.95529e+06	1	6
5.79255	0	1	397	LastDelay	1.95948	1.95948e+06	1	6
5.79255	0	1	397	FullDelay	1.95948	1.95948e+06	1	6
5.80207	0	1	398	LastDelay	1.96218	1.96218e+06	1	6
5.80207	0	1	398	FullDelay	1.96218	1.96218e+06	1	6
5.81126	0	1	399	LastDelay	1.96454	1.96454e+06	1	6
5.81126	0	1	399	FullDelay	1.96454	1.96454e+06	1	6
5.82626	0	1	400	LastDelay	1.97271	1.97271e+06	1	6
5.82626	0	1	400	FullDelay	1.97271	1.97271e+06	1	6
5.83646	0	1	401	LastDelay	1.97609	1.97609e+06	1	6
5.83646	0	1	401	FullDelay	1.97609	1.97609e+06	1	6
5.84672	0	1	402	LastDelay	1.97952	1.97952e+06	1	6
5.84672	0	1	402	FullDelay	1.97952	1.97952e+06	1	6
5.86422	0	1	218	LastDelay	1.96289	1.96289e+06	1	2
5.86422	0	1	218	FullDelay	3.30774	3.30774e+06	2	2
24.5854	0	1	3401	LastDelay	0.0470902	47090.2	1	6
24.5854	0	1	3401	FullDelay	0.0470902	47090.2	1	6
24.6219	0	1	3402	LastDelay	0.0767739	76773.9	1	6
24.6219	0	1	3402	FullDelay	0.0767739	76773.9	1	6
24.6337	0	1	3403	LastDelay	0.081674	81674	1	6
24.6337	0	1	3403	FullDelay	0.081674	81674	1	6
24.6548	0	1	3404	LastDelay	0.0959851	95985.1	1	6
24.6548	0	1	3404	FullDelay	0.0959851	95985.1	1	6
24.6677	0	1	3405	LastDelay	0.102014	102014	1	6
24.6677	0	1	3405	FullDelay	0.102014	102014	1	6
24.7461	0	1	3407	LastDelay	0.166757	166757	1	6
24.7461	0	1	3407	FullDelay	0.166757	166757	1	6
24.7579	0	1	3408	LastDelay	0.171719	171719	1	6
24.7579	0	1	3408	FullDelay	0.171719	171719	1	6
24.7815	0	1	3409	LastDelay	0.18859	188590	1	6
24.7815	0	1	3409	FullDelay	0.18859	188590	1	6
24.8145	0	1	3410	LastDelay	0.214682	214682	1	6
24.8145	0	1	3410	FullDelay	0.214682	214682	1	6
24.8236	0	1	121	LastDelay	0.216953	216953	1	4
24.8236	0	1	121	FullDelay	22.9566	2.29566e+07	4	4
24.8594	0	1	229	LastDelay	0.239127	239127	1	4
24.8594	0	1	229	FullDelay	22.2278	2.22278e+07	3	4
24.9341	0	1	238	LastDelay	0.307017	307017	1	4
24.9341	0	1	238	FullDelay	22.2411	2.22411e+07	3	4
24.9434	0	1	252	LastDelay	0.309448	309448	1	4
24.9434	0	1	252	FullDelay	22.148	2.2148e+07	3	4
24.9562	0	1	253	LastDelay	0.315471	315471	1	4
24.9562	0	1	253	FullDelay	22.1471	2.21471e+07	3	4
24.9885	0	1	255	LastDelay	0.340907	340907	1	4
24.9885	0	1	255	FullDelay	22.1658	2.21658e+07	3	4
25.0341	0	1	258	LastDelay	0.379702	379702	1	4
25.0341	0	1	258	FullDelay	22.1909	2.21909e+07	3	4
25.0444	0	1	259	LastDelay	0.383182	383182	1	4
25.0444	0	1	259	FullDelay	22.1876	2.21876e+07	3	4
25.0565	0	1	266	LastDelay	0.388493	388493	1	4
25.0565	0	1	266	FullDelay	22.1383	2.21383e+07	3	4
25.0716	0	1	274	LastDelay	0.396705	396705	1	4
25.0716	0	1	274	FullDelay	22.0987	2.20987e+07	3	4
25.0927	0	1	284	LastDelay	0.404129	404129	1	4
25.0927	0	1	284	FullDelay	22.0515	2.20515e+07	3	4
25.1228	0	1	291	LastDelay	0.427461	427461	1	4
25.1228	0	1	291	FullDelay	22.0339	2.20339e+07	3	4
25.1614	0	1	300	LastDelay	0.459257	459257	1	4
25.1614	0	1	300	FullDelay	22.0042	2.20042e+07	3	4
25.1735	0	1	332	LastDelay	0.464509	464509	1	4
25.1735	0	1	332	FullDelay	21.7842	2.17842e+07	3	4
25.1882	0	1	344	LastDelay	0.472321	472321	1	4
25.1882	0	1	344	FullDelay	21.7169	2.17169e+07	3	4
25.2112	0	1	347	LastDelay	0.488512	488512	1	4
25.2112	0	1	347	FullDelay	21.7194	2.17194e+07	3	4
25.2635	0	1	384	LastDelay	0.527187	527187	1	4
25.2635	0	1	384	FullDelay	21.5192	2.15192e+07	3	4
25.2761	0	1	387	LastDelay	0.532997	532997	1	4
25.2761	0	1	387	FullDelay	21.5113	2.15113e+07	3	4
25.3047	0	1	403	LastDelay	0.547869	547869	1	4
25.3047	0	1	403	FullDelay	21.4306	2.14306e+07	3	4
25.3193	0	1	404	LastDelay	0.555698	555698	1	4
25.3193	0	1	404	FullDelay	21.4385	2.14385e+07	3	4
25.352	0	1	405	LastDelay	0.581499	581499	1	4
25.352	0	1	405	FullDelay	21.4643	2.14643e+07	3	4
25.4113	0	1	407	LastDelay	0.627225	627225	1	4
25.4113	0	1	407	FullDelay	21.4963	2.14963e+07	3	4
25.4443	0	1	408	LastDelay	0.653392	653392	1	4
25.4443	0	1	408	FullDelay	21.5225	2.15225e+07	2	4
25.4599	0	1	409	LastDelay	0.662152	662152	1	4
25.4599	0	1	409	FullDelay	21.5313	2.15313e+07	2	4
25.4791	0	1	410	LastDelay	0.674484	674484	1	4
25.4791	0	1	410	FullDelay	21.5436	2.15436e+07	2	4
25.4997	0	1	411	LastDelay	0.688303	688303	1	4
25.4997	0	1	411	FullDelay	21.5574	2.15574e+07	2	4
25.5114	0	1	412	LastDelay	0.6932	693200	1	4
25.5114	0	1	412	FullDelay	21.5623	2.15623e+07	2	4
25.5312	0	1	413	LastDelay	0.706135	706135	1	4
25.5312	0	1	413	FullDelay	21.5753	2.15753e+07	2	4
25.575	0	1	414	LastDelay	0.743077	743077	1	4
25.575	0	1	414	FullDelay	21.6122	2.16122e+07	2	4
25.5879	0	1	415	LastDelay	0.749229	749229	1	4
25.5879	0	1	415	FullDelay	21.6183	2.16183e+07	2	4
25.6081	0	1	416	LastDelay	0.762575	762575	1	4
25.6081	0	1	416	FullDelay	21.6317	2.16317e+07	2	4
25.6202	0	1	417	LastDelay	0.76778	767780	1	4
25.6202	0	1	417	FullDelay	21.6369	2.16369e+07	2	4
25.6393	0	1	418	LastDelay	0.780072	780072	1	4
25.6393	0	1	418	FullDelay	21.6492	2.16492e+07	2	4
25.6836	0	1	419	LastDelay	0.817546	817546	1	4
25.6836	0	1	419	FullDelay	21.6867	2.16867e+07	2	4
25.7146	0	1	420	LastDelay	0.841786	841786	1	4
25.7146	0	1	420	FullDelay	21.7109	2.17109e+07	2	4
25.744	0	1	421	LastDelay	0.86434	864340	1	4
25.744	0	1	421	FullDelay	21.7335	2.17335e+07	2	4
25.7601	0	1	422	LastDelay	0.873635	873635	1	4
25.7601	0	1	422	FullDelay	21.7428	2.17428e+07	2	4
25.772	0	1	423	LastDelay	0.878657	878657	1	4
25.772	0	1	423	FullDelay	21.7478	2.17478e+07	2	4
25.816	0	1	424	LastDelay	0.915817	915817	1	4
25.816	0	1	424	FullDelay	21.7849	2.17849e+07	2	4
25.8269	0	1	425	LastDelay	0.919913	919913	1	4
25.8269	0	1	425	FullDelay	21.789	2.1789e+07	2	4
25.836	0	1	426	LastDelay	0.922213	922213	1	4
25.836	0	1	426	FullDelay	21.7913	2.17913e+07	2	4
25.894	0	1	428	LastDelay	0.96657	966570	1	4
25.894	0	1	428	FullDelay	21.8289	2.18289e+07	2	4
25.9039	0	1	429	LastDelay	0.969656	969656	1	4
25.9039	0	1	429	FullDelay	21.8319	2.18319e+07	2	4
25.9153	0	1	430	LastDelay	0.974228	974228	1	4
25.9153	0	1	430	FullDelay	21.8365	2.18365e+07	2	4
25.9366	0	1	432	LastDelay	0.981859	981859	1	4
25.9366	0	1	432	FullDelay	21.8442	2.18442e+07	2	4
25.9488	0	1	433	LastDelay	0.987178	987178	1	4
25.9488	0	1	433	FullDelay	21.8495	2.18495e+07	2	4
25.9884	0	1	434	LastDelay	1.01993	1.01993e+06	1	4
25.9884	0	1	434	FullDelay	21.8754	2.18754e+07	2	4
25.9975	0	1	435	LastDelay	1.02225	1.02225e+06	1	4
25.9975	0	1	435	FullDelay	21.8777	2.18777e+07	2	4
26.0175	0	1	436	LastDelay	1.0354	1.0354e+06	1	4
26.0175	0	1	436	FullDelay	21.8909	2.18909e+07	2	4
26.0315	0	1	437	LastDelay	1.04256	1.04256e+06	1	4
26.0315	0	1	437	FullDelay	21.898	2.1898e+07	2	4
26.0503	0	1	438	LastDelay	1.05461	1.05461e+06	1	4
26.0503	0	1	438	FullDelay	21.9101	2.19101e+07	2	4
26.0854	0	1	439	LastDelay	1.08285	1.08285e+06	1	4
26.0854	0	1	439	FullDelay	21.9383	2.19383e+07	2	4
26.1158	0	1	441	LastDelay	1.09963	1.09963e+06	1	4
26.1158	0	1	441	FullDelay	21.9551	2.19551e+07	2	4
26.1471	0	1	442	LastDelay	1.12404	1.12404e+06	1	4
26.1471	0	1	442	FullDelay	21.9795	2.19795e+07	2	4
26.1751	0	1	443	LastDelay	1.14519	1.14519e+06	1	4
26.1751	0	1	443	FullDelay	22.0007	2.20007e+07	2	4
26.1841	0	1	444	LastDelay	1.14743	1.14743e+06	1	4
26.1841	0	1	444	FullDelay	22.0029	2.20029e+07	2	4
26.2096	0	1	446	LastDelay	1.1593	1.1593e+06	1	4
26.2096	0	1	446	FullDelay	22.0148	2.20148e+07	2	4
26.2219	0	1	447	LastDelay	1.16476	1.16476e+06	1	4
26.2219	0	1	447	FullDelay	22.0202	2.20202e+07	2	4
26.2337	0	1	448	LastDelay	1.16973	1.16973e+06	1	4
26.2337	0	1	448	FullDelay	22.0252	2.20252e+07	2	4
26.2637	0	1	449	LastDelay	1.19283	1.19283e+06	1	4
26.2637	0	1	449	FullDelay	22.0483	2.20483e+07	2	4
26.2823	0	1	450	LastDelay	1.20464	1.20464e+06	1	4
26.2823	0	1	450	FullDelay	22.0601	2.20601e+07	2	4
26.3369	0	1	452	LastDelay	1.24557	1.24557e+06	1	4
26.3369	0	1	452	FullDelay	22.101	2.2101e+07	2	4
26.3825	0	1	453	LastDelay	1.28441	1.28441e+06	1	4
26.3825	0	1	453	FullDelay	22.1399	2.21399e+07	2	4
26.4033	0	1	454	LastDelay	1.29832	1.29832e+06	1	4
26.4033	0	1	454	FullDelay	22.1538	2.21538e+07	2	4
26.4551	0	1	456	LastDelay	1.33648	1.33648e+06	1	4
26.4551	0	1	456	FullDelay	22.1919	2.21919e+07	2	4
26.4871	0	1	459	LastDelay	1.34798	1.34798e+06	1	4
26.4871	0	1	459	FullDelay	22.2034	2.22034e+07	2	4
26.4999	0	1	460	LastDelay	1.35399	1.35399e+06	1	4
26.4999	0	1	460	FullDelay	22.2095	2.22095e+07	2	4
26.509	0	1	461	LastDelay	1.35623	1.35623e+06	1	4
26.509	0	1	461	FullDelay	22.2117	2.22117e+07	2	4
26.5938	0	1	462	LastDelay	1.43423	1.43423e+06	1	4
26.5938	0	1	462	FullDelay	22.2897	2.22897e+07	2	4
26.6047	0	1	463	LastDelay	1.43835	1.43835e+06	1	4
26.6047	0	1	463	FullDelay	22.2938	2.22938e+07	2	4
26.6138	0	1	464	LastDelay	1.44061	1.44061e+06	1	4
26.6138	0	1	464	FullDelay	22.2961	2.22961e+07	2	4
26.6329	0	1	465	LastDelay	1.45287	1.45287e+06	1	4
26.6329	0	1	465	FullDelay	22.3083	2.23083e+07	2	4
26.6529	0	1	467	LastDelay	1.45922	1.45922e+06	1	4
26.6529	0	1	467	FullDelay	22.3147	2.23147e+07	2	4
26.6785	0	1	468	LastDelay	1.47795	1.47795e+06	1	4
26.6785	0	1	468	FullDelay	22.3334	2.23334e+07	2	4
26.6883	0	1	469	LastDelay	1.48097	1.48097e+06	1	4
26.6883	0	1	469	FullDelay	22.3091	2.23091e+07	2	4
26.7093	0	1	470	LastDelay	1.49511	1.49511e+06	1	4
26.7093	0	1	470	FullDelay	22.3233	2.23233e+07	2	4
26.7571	0	1	471	LastDelay	1.53609	1.53609e+06	1	4
26.7571	0	1	471	FullDelay	22.3642	2.23642e+07	2	4
26.7918	0	1	473	LastDelay	1.55712	1.55712e+06	1	4
26.7918	0	1	473	FullDelay	22.3784	2.23784e+07	2	4
26.8126	0	1	474	LastDelay	1.57108	1.57108e+06	1	4
26.8126	0	1	474	FullDelay	22.3924	2.23924e+07	2	4
26.8331	0	1	475	LastDelay	1.58476	1.58476e+06	1	4
26.8331	0	1	475	FullDelay	22.4061	2.24061e+07	2	4
26.8547	0	1	476	LastDelay	1.59952	1.59952e+06	1	4
26.8547	0	1	476	FullDelay	22.4209	2.24209e+07	2	4
26.8763	0	1	477	LastDelay	1.61437	1.61437e+06	1	4
26.8763	0	1	477	FullDelay	22.4357	2.24357e+07	2	4
26.8955	0	1	478	LastDelay	1.62672	1.62672e+06	1	4
26.8955	0	1	478	FullDelay	22.4481	2.24481e+07	2	4
26.9303	0	1	479	LastDelay	1.65466	1.65466e+06	1	4
26.9303	0	1	479	FullDelay	22.4692	2.24692e+07	2	4
26.9401	0	1	480	LastDelay	1.6577	1.6577e+06	1	4
26.9401	0	1	480	FullDelay	22.4722	2.24722e+07	2	4
26.9596	0	1	482	LastDelay	1.6635	1.6635e+06	1	4
26.9596	0	1	482	FullDelay	22.478	2.2478e+07	2	4
26.9826	0	1	483	LastDelay	1.67968	1.67968e+06	1	4
26.9826	0	1	483	FullDelay	22.4942	2.24942e+07	2	4
26.9917	0	1	484	LastDelay	1.68194	1.68194e+06	1	4
26.9917	0	1	484	FullDelay	22.4964	2.24964e+07	2	4
27.0009	0	1	485	LastDelay	1.68428	1.68428e+06	1	4
27.0009	0	1	485	FullDelay	22.492	2.2492e+07	2	4
27.03	0	1	487	LastDelay	1.69972	1.69972e+06	1	4
27.03	0	1	487	FullDelay	22.5074	2.25074e+07	2	4
27.0521	0	1	488	LastDelay	1.715	1.715e+06	1	4
27.0521	0	1	488	FullDelay	22.5227	2.25227e+07	2	4
27.0612	0	1	489	LastDelay	1.71733	1.71733e+06	1	4
27.0612	0	1	489	FullDelay	22.525	2.2525e+07	2	4
27.0731	0	1	490	LastDelay	1.72241	1.72241e+06	1	4
27.0731	0	1	490	FullDelay	22.5301	2.25301e+07	2	4
27.1106	0	1	491	LastDelay	1.75304	1.75304e+06	1	4
27.1106	0	1	491	FullDelay	22.5607	2.25607e+07	2	4
27.138	0	1	492	LastDelay	1.77359	1.77359e+06	1	4
27.138	0	1	492	FullDelay	22.5813	2.25813e+07	2	4
27.1934	0	1	494	LastDelay	1.81538	1.81538e+06	1	4
27.1934	0	1	494	FullDelay	22.6231	2.26231e+07	2	4
27.2025	0	1	495	LastDelay	1.8177	1.8177e+06	1	4
27.2025	0	1	495	FullDelay	22.6254	2.26254e+07	2	4
27.2426	0	1	496	LastDelay	1.8509	1.8509e+06	1	4
27.2426	0	1	496	FullDelay	22.6586	2.26586e+07	2	4
27.2752	0	1	497	LastDelay	1.87668	1.87668e+06	1	4
27.2752	0	1	497	FullDelay	22.6844	2.26844e+07	2	4
27.3087	0	1	498	LastDelay	1.9034	1.9034e+06	1	4
27.3087	0	1	498	FullDelay	22.7111	2.27111e+07	2	4
27.3372	0	1	499	LastDelay	1.925	1.925e+06	1	4
27.3372	0	1	499	FullDelay	22.7327	2.27327e+07	2	4
27.3478	0	1	500	LastDelay	1.92882	1.92882e+06	1	4
27.3478	0	1	500	FullDelay	22.7365	2.27365e+07	2	4
27.3677	0	1	501	LastDelay	1.94189	1.94189e+06	1	4
27.3677	0	1	501	FullDelay	22.7496	2.27496e+07	2	4
27.3768	0	1	502	LastDelay	1.94415	1.94415e+06	1	4
27.3768	0	1	502	FullDelay	22.7518	2.27518e+07	2	4
27.3859	0	1	503	LastDelay	1.94641	1.94641e+06	1	4
27.3859	0	1	503	FullDelay	22.7541	2.27541e+07	2	4
27.398	0	1	504	LastDelay	1.95167	1.95167e+06	1	4
27.398	0	1	504	FullDelay	22.7594	2.27594e+07	2	4
27.413	0	1	505	LastDelay	1.95984	1.95984e+06	1	4
27.413	0	1	505	FullDelay	22.7675	2.27675e+07	2	4
27.4427	0	1	506	LastDelay	1.98272	1.98272e+06	1	4
27.4427	0	1	506	FullDelay	22.7836	2.27836e+07	2	4
27.4525	0	1	507	LastDelay	1.98568	1.98568e+06	1	4
27.4525	0	1	507	FullDelay	22.7865	2.27865e+07	2	4
60.4157	0	1	6142	LastDelay	0.0509896	50989.6	1	6
60.4157	0	1	6142	FullDelay	0.0509896	50989.6	1	6
60.4649	0	1	6143	LastDelay	0.0933524	93352.4	1	6
60.4649	0	1	6143	FullDelay	0.0933524	93352.4	1	6
60.5017	0	1	6144	LastDelay	0.123317	123317	1	6
60.5017	0	1	6144	FullDelay	0.123317	123317	1	6
60.5226	0	1	6145	LastDelay	0.137421	137421	1	6
60.5226	0	1	6145	FullDelay	0.137421	137421	1	6
60.5589	0	1	6146	LastDelay	0.166891	166891	1	6
60.5589	0	1	6146	FullDelay	0.166891	166891	1	6
60.5697	0	1	6147	LastDelay	0.170863	170863	1	6
60.5697	0	1	6147	FullDelay	0.170863	170863	1	6
60.5931	0	1	6148	LastDelay	0.187434	187434	1	6
60.5931	0	1	6148	FullDelay	0.187434	187434	1	6
60.6203	0	1	6149	LastDelay	0.207857	207857	1	6
60.6203	0	1	6149	FullDelay	0.207857	207857	1	6
60.6295	0	1	6150	LastDelay	0.210157	210157	1	6
60.6295	0	1	6150	FullDelay	0.210157	210157	1	6
60.6496	0	1	6151	LastDelay	0.223453	223453	1	6
60.6496	0	1	6151	FullDelay	0.223453	223453	1	6
60.6863	0	1	6153	LastDelay	0.246545	246545	1	6
60.6863	0	1	6153	FullDelay	0.246545	246545	1	6
60.7111	0	1	6154	LastDelay	0.264475	264475	1	6
60.7111	0	1	6154	FullDelay	0.264475	264475	1	6
60.724	0	1	219	LastDelay	0.270523	270523	1	6
60.724	0	1	219	FullDelay	58.1607	5.81607e+07	5	6
60.7681	0	1	283	LastDelay	0.30779	307790	1	6
60.7681	0	1	283	FullDelay	57.7337	5.77337e+07	4	6
60.7972	0	1	375	LastDelay	0.33014	330140	1	6
60.7972	0	1	375	FullDelay	57.1143	5.71143e+07	4	6
60.8128	0	1	395	LastDelay	0.338912	338912	1	6
60.8128	0	1	395	FullDelay	56.9934	5.69934e+07	4	6
60.8294	0	1	406	LastDelay	0.348624	348624	1	6
60.8294	0	1	406	FullDelay	56.9349	5.69349e+07	4	6
60.8567	0	1	427	LastDelay	0.369136	369136	1	6
60.8567	0	1	427	FullDelay	56.7984	5.67984e+07	3	6
60.8899	0	1	440	LastDelay	0.388658	388658	1	6
60.8899	0	1	440	FullDelay	56.736	5.6736e+07	3	6
60.9017	0	1	445	LastDelay	0.393619	393619	1	6
60.9017	0	1	445	FullDelay	56.7136	5.67136e+07	3	6
60.9351	0	1	455	LastDelay	0.413409	413409	1	6
60.9351	0	1	455	FullDelay	56.6788	5.66788e+07	3	6
60.9497	0	1	457	LastDelay	0.421153	421153	1	6
60.9497	0	1	457	FullDelay	56.6797	5.66797e+07	3	6
60.9908	0	1	458	LastDelay	0.455406	455406	1	6
60.9908	0	1	458	FullDelay	56.714	5.6714e+07	3	6
61.0198	0	1	466	LastDelay	0.477624	477624	1	6
61.0198	0	1	466	FullDelay	56.6884	5.66884e+07	3	6
61.0298	0	1	472	LastDelay	0.48081	480810	1	6
61.0298	0	1	472	FullDelay	56.6301	5.66301e+07	3	6
61.0389	0	1	481	LastDelay	0.483089	483089	1	6
61.0389	0	1	481	FullDelay	56.5642	5.65642e+07	3	6
61.048	0	1	486	LastDelay	0.485368	485368	1	6
61.048	0	1	486	FullDelay	56.5323	5.65323e+07	3	6
61.0744	0	1	493	LastDelay	0.504892	504892	1	6
61.0744	0	1	493	FullDelay	56.5109	5.65109e+07	3	6
61.0949	0	1	508	LastDelay	0.518625	518625	1	6
61.0949	0	1	508	FullDelay	56.4222	5.64222e+07	3	6
61.1139	0	1	509	LastDelay	0.530729	530729	1	6
61.1139	0	1	509	FullDelay	56.4343	5.64343e+07	3	6
61.123	0	1	510	LastDelay	0.533049	533049	1	6
61.123	0	1	510	FullDelay	56.4366	5.64366e+07	3	6
61.1522	0	1	511	LastDelay	0.555393	555393	1	6
61.1522	0	1	511	FullDelay	56.459	5.6459e+07	3	6
61.2023	0	1	513	LastDelay	0.591842	591842	1	6
61.2023	0	1	513	FullDelay	56.4954	5.64954e+07	3	6
61.2121	0	1	514	LastDelay	0.594801	594801	1	6
61.2121	0	1	514	FullDelay	56.4984	5.64984e+07	3	6
61.2405	0	1	515	LastDelay	0.616419	616419	1	6
61.2405	0	1	515	FullDelay	56.52	5.652e+07	3	6
61.2595	0	1	516	LastDelay	0.628591	628591	1	6
61.2595	0	1	516	FullDelay	56.5322	5.65322e+07	3	6
61.3391	0	1	518	LastDelay	0.694523	694523	1	6
61.3391	0	1	518	FullDelay	56.5981	5.65981e+07	3	6
61.3705	0	1	519	LastDelay	0.719107	719107	1	6
61.3705	0	1	519	FullDelay	56.6227	5.66227e+07	3	6
61.3819	0	1	520	LastDelay	0.723653	723653	1	6
61.3819	0	1	520	FullDelay	56.6136	5.66136e+07	3	6
61.3942	0	1	521	LastDelay	0.729132	729132	1	6
61.3942	0	1	521	FullDelay	56.619	5.6619e+07	3	6
61.4163	0	1	522	LastDelay	0.744444	744444	1	6
61.4163	0	1	522	FullDelay	56.6344	5.66344e+07	3	6
61.4392	0	1	523	LastDelay	0.760454	760454	1	6
61.4392	0	1	523	FullDelay	56.6504	5.66504e+07	3	6
61.4493	0	1	524	LastDelay	0.763806	763806	1	6
61.4493	0	1	524	FullDelay	56.6537	5.66537e+07	3	6
61.4727	0	1	525	LastDelay	0.780378	780378	1	6
61.4727	0	1	525	FullDelay	56.6635	5.66635e+07	3	6
61.4939	0	1	526	LastDelay	0.794738	794738	1	6
61.4939	0	1	526	FullDelay	56.6778	5.66778e+07	3	6
61.5094	0	1	527	LastDelay	0.80335	803350	1	6
61.5094	0	1	527	FullDelay	56.6864	5.66864e+07	3	6
61.5291	0	1	528	LastDelay	0.816282	816282	1	6
61.5291	0	1	528	FullDelay	56.6994	5.66994e+07	3	6
61.5408	0	1	529	LastDelay	0.821141	821141	1	6
61.5408	0	1	529	FullDelay	56.7042	5.67042e+07	3	6
61.561	0	1	530	LastDelay	0.83446	834460	1	6
61.561	0	1	530	FullDelay	56.7175	5.67175e+07	3	6
61.5846	0	1	531	LastDelay	0.851289	851289	1	6
61.5846	0	1	531	FullDelay	56.7344	5.67344e+07	3	6
61.6525	0	1	533	LastDelay	0.905489	905489	1	6
61.6525	0	1	533	FullDelay	56.7886	5.67886e+07	3	6
61.6616	0	1	534	LastDelay	0.907748	907748	1	6
61.6616	0	1	534	FullDelay	56.7908	5.67908e+07	3	6
61.6751	0	1	535	LastDelay	0.914467	914467	1	6
61.6751	0	1	535	FullDelay	56.7976	5.67976e+07	3	6
61.6952	0	1	536	LastDelay	0.927708	927708	1	6
61.6952	0	1	536	FullDelay	56.8108	5.68108e+07	3	6
61.717	0	1	537	LastDelay	0.942743	942743	1	6
61.717	0	1	537	FullDelay	56.8258	5.68258e+07	3	6
61.732	0	1	538	LastDelay	0.950879	950879	1	6
61.732	0	1	538	FullDelay	56.834	5.6834e+07	3	6
61.7511	0	1	539	LastDelay	0.963191	963191	1	6
61.7511	0	1	539	FullDelay	56.8463	5.68463e+07	3	6
61.7702	0	1	540	LastDelay	0.975401	975401	1	6
61.7702	0	1	540	FullDelay	56.8585	5.68585e+07	3	6
61.79	0	1	541	LastDelay	0.988356	988356	1	6
61.79	0	1	541	FullDelay	56.8714	5.68714e+07	3	6
61.8151	0	1	542	LastDelay	1.00671	1.00671e+06	1	6
61.8151	0	1	542	FullDelay	56.8898	5.68898e+07	3	6
61.8361	0	1	543	LastDelay	1.02087	1.02087e+06	1	6
61.8361	0	1	543	FullDelay	56.904	5.6904e+07	3	6
61.8453	0	1	544	LastDelay	1.02321	1.02321e+06	1	6
61.8453	0	1	544	FullDelay	56.9063	5.69063e+07	3	6
61.886	0	1	545	LastDelay	1.05715	1.05715e+06	1	6
61.886	0	1	545	FullDelay	56.9402	5.69402e+07	3	6
61.8973	0	1	546	LastDelay	1.0616	1.0616e+06	1	6
61.8973	0	1	546	FullDelay	56.9379	5.69379e+07	3	6
61.9082	0	1	547	LastDelay	1.06567	1.06567e+06	1	6
61.9082	0	1	547	FullDelay	56.9419	5.69419e+07	3	6
61.9327	0	1	548	LastDelay	1.08332	1.08332e+06	1	6
61.9327	0	1	548	FullDelay	56.9596	5.69596e+07	3	6
61.9471	0	1	549	LastDelay	1.09091	1.09091e+06	1	6
61.9471	0	1	549	FullDelay	56.9672	5.69672e+07	3	6
61.9689	0	1	550	LastDelay	1.10586	1.10586e+06	1	6
61.9689	0	1	550	FullDelay	56.9821	5.69821e+07	3	6
61.9917	0	1	551	LastDelay	1.12185	1.12185e+06	1	6
61.9917	0	1	551	FullDelay	56.9981	5.69981e+07	3	6
62.0132	0	1	552	LastDelay	1.13651	1.13651e+06	1	6
62.0132	0	1	552	FullDelay	57.0128	5.70128e+07	3	6
62.0666	0	1	554	LastDelay	1.17623	1.17623e+06	1	6
62.0666	0	1	554	FullDelay	57.0525	5.70525e+07	3	6
62.0861	0	1	555	LastDelay	1.18891	1.18891e+06	1	6
62.0861	0	1	555	FullDelay	57.0652	5.70652e+07	3	6
62.0964	0	1	556	LastDelay	1.19239	1.19239e+06	1	6
62.0964	0	1	556	FullDelay	57.0686	5.70686e+07	3	6
62.1238	0	1	557	LastDelay	1.21296	1.21296e+06	1	6
62.1238	0	1	557	FullDelay	57.0892	5.70892e+07	3	6
62.1627	0	1	558	LastDelay	1.24501	1.24501e+06	1	6
62.1627	0	1	558	FullDelay	57.1213	5.71213e+07	3	6
62.1728	0	1	559	LastDelay	1.24836	1.24836e+06	1	6
62.1728	0	1	559	FullDelay	57.1246	5.71246e+07	3	6
62.199	0	1	560	LastDelay	1.26767	1.26767e+06	1	6
62.199	0	1	560	FullDelay	57.1439	5.71439e+07	3	6
62.2172	0	1	561	LastDelay	1.27908	1.27908e+06	1	6
62.2172	0	1	561	FullDelay	57.1553	5.71553e+07	3	6
62.2391	0	1	562	LastDelay	1.29418	1.29418e+06	1	6
62.2391	0	1	562	FullDelay	57.1704	5.71704e+07	3	6
62.2597	0	1	563	LastDelay	1.30793	1.30793e+06	1	6
62.2597	0	1	563	FullDelay	57.1842	5.71842e+07	3	6
62.2796	0	1	564	LastDelay	1.32101	1.32101e+06	1	6
62.2796	0	1	564	FullDelay	57.1973	5.71973e+07	3	6
62.3041	0	1	565	LastDelay	1.33862	1.33862e+06	1	6
62.3041	0	1	565	FullDelay	57.2149	5.72149e+07	3	6
62.362	0	1	566	LastDelay	1.38973	1.38973e+06	1	6
62.362	0	1	566	FullDelay	57.266	5.7266e+07	3	6
62.3866	0	1	567	LastDelay	1.40748	1.40748e+06	1	6
62.3866	0	1	567	FullDelay	57.2837	5.72837e+07	3	6
62.4151	0	1	568	LastDelay	1.42919	1.42919e+06	1	6
62.4151	0	1	568	FullDelay	57.3054	5.73054e+07	3	6
62.4346	0	1	569	LastDelay	1.44184	1.44184e+06	1	6
62.4346	0	1	569	FullDelay	57.3181	5.73181e+07	3	6
62.4531	0	1	570	LastDelay	1.45351	1.45351e+06	1	6
62.4531	0	1	570	FullDelay	57.3298	5.73298e+07	3	6
62.4722	0	1	571	LastDelay	1.46584	1.46584e+06	1	6
62.4722	0	1	571	FullDelay	57.3421	5.73421e+07	3	6
62.5196	0	1	572	LastDelay	1.50637	1.50637e+06	1	6
62.5196	0	1	572	FullDelay	57.3826	5.73826e+07	3	6
62.5287	0	1	573	LastDelay	1.50861	1.50861e+06	1	6
62.5287	0	1	573	FullDelay	57.3849	5.73849e+07	3	6
62.5436	0	1	574	LastDelay	1.51673	1.51673e+06	1	6
62.5436	0	1	574	FullDelay	57.393	5.7393e+07	3	6
62.5527	0	1	575	LastDelay	1.51897	1.51897e+06	1	6
62.5527	0	1	575	FullDelay	57.3952	5.73952e+07	3	6
62.5642	0	1	576	LastDelay	1.52369	1.52369e+06	1	6
62.5642	0	1	576	FullDelay	57.4	5.74e+07	3	6
62.5947	0	1	578	LastDelay	1.54049	1.54049e+06	1	6
62.5947	0	1	578	FullDelay	57.4168	5.74168e+07	3	6
62.624	0	1	580	LastDelay	1.55619	1.55619e+06	1	6
62.624	0	1	580	FullDelay	57.4325	5.74325e+07	3	6
62.6573	0	1	581	LastDelay	1.58267	1.58267e+06	1	6
62.6573	0	1	581	FullDelay	57.4589	5.74589e+07	3	6
62.6814	0	1	582	LastDelay	1.59992	1.59992e+06	1	6
62.6814	0	1	582	FullDelay	57.4762	5.74762e+07	3	6
62.7012	0	1	584	LastDelay	1.60606	1.60606e+06	1	6
62.7012	0	1	584	FullDelay	57.4823	5.74823e+07	3	6
62.7528	0	1	586	LastDelay	1.64398	1.64398e+06	1	6
62.7528	0	1	586	FullDelay	57.5202	5.75202e+07	3	6
62.7748	0	1	587	LastDelay	1.65917	1.65917e+06	1	6
62.7748	0	1	587	FullDelay	57.5354	5.75354e+07	3	6
62.7839	0	1	588	LastDelay	1.66141	1.66141e+06	1	6
62.7839	0	1	588	FullDelay	57.5377	5.75377e+07	3	6
62.7929	0	1	589	LastDelay	1.66365	1.66365e+06	1	6
62.7929	0	1	589	FullDelay	57.5331	5.75331e+07	3	6
62.8508	0	1	590	LastDelay	1.71466	1.71466e+06	1	6
62.8508	0	1	590	FullDelay	57.5841	5.75841e+07	3	6
62.8599	0	1	591	LastDelay	1.71694	1.71694e+06	1	6
62.8599	0	1	591	FullDelay	57.5864	5.75864e+07	3	6
62.8733	0	1	592	LastDelay	1.72358	1.72358e+06	1	6
62.8733	0	1	592	FullDelay	57.593	5.7593e+07	3	6
62.885	0	1	593	LastDelay	1.72843	1.72843e+06	1	6
62.885	0	1	593	FullDelay	57.5979	5.75979e+07	3	6
62.9382	0	1	594	LastDelay	1.77475	1.77475e+06	1	6
62.9382	0	1	594	FullDelay	57.6442	5.76442e+07	3	6
62.9488	0	1	595	LastDelay	1.77856	1.77856e+06	1	6
62.9488	0	1	595	FullDelay	57.648	5.7648e+07	3	6
62.9587	0	1	596	LastDelay	1.78168	1.78168e+06	1	6
62.9587	0	1	596	FullDelay	57.6511	5.76511e+07	3	6
62.9711	0	1	597	LastDelay	1.78725	1.78725e+06	1	6
62.9711	0	1	597	FullDelay	57.6567	5.76567e+07	3	6
62.9964	0	1	598	LastDelay	1.80567	1.80567e+06	1	6
62.9964	0	1	598	FullDelay	57.6751	5.76751e+07	3	6
63.0054	0	1	599	LastDelay	1.80791	1.80791e+06	1	6
63.0054	0	1	599	FullDelay	57.6773	5.76773e+07	3	6
63.017	0	1	600	LastDelay	1.81259	1.81259e+06	1	6
63.017	0	1	600	FullDelay	57.682	5.7682e+07	3	6
63.028	0	1	601	LastDelay	1.81678	1.81678e+06	1	6
63.028	0	1	601	FullDelay	57.6862	5.76862e+07	3	6
63.0689	0	1	602	LastDelay	1.85089	1.85089e+06	1	6
63.0689	0	1	602	FullDelay	57.7203	5.77203e+07	3	6
63.08	0	1	603	LastDelay	1.85518	1.85518e+06	1	6
63.08	0	1	603	FullDelay	57.7246	5.77246e+07	3	6
63.0985	0	1	604	LastDelay	1.86687	1.86687e+06	1	6
63.0985	0	1	604	FullDelay	57.7363	5.77363e+07	3	6
63.1171	0	1	605	LastDelay	1.87858	1.87858e+06	1	6
63.1171	0	1	605	FullDelay	57.748	5.7748e+07	3	6
63.1367	0	1	606	LastDelay	1.8914	1.8914e+06	1	6
63.1367	0	1	606	FullDelay	57.7608	5.77608e+07	3	6
63.1591	0	1	607	LastDelay	1.90692	1.90692e+06	1	6
63.1591	0	1	607	FullDelay	57.7763	5.77763e+07	3	6
63.1681	0	1	608	LastDelay	1.90915	1.90915e+06	1	6
63.1681	0	1	608	FullDelay	57.7786	5.77786e+07	3	6
63.1781	0	1	609	LastDelay	1.9123	1.9123e+06	1	6
63.1781	0	1	609	FullDelay	57.7817	5.77817e+07	3	6
63.198	0	1	610	LastDelay	1.92536	1.92536e+06	1	6
63.198	0	1	610	FullDelay	57.788	5.7788e+07	3	6
63.2071	0	1	611	LastDelay	1.92764	1.92764e+06	1	6
63.2071	0	1	611	FullDelay	57.7902	5.77902e+07	3	6
63.2409	0	1	612	LastDelay	1.95462	1.95462e+06	1	6
63.2409	0	1	612	FullDelay	57.8172	5.78172e+07	3	6
63.2522	0	1	613	LastDelay	1.95909	1.95909e+06	1	6
63.2522	0	1	613	FullDelay	57.8217	5.78217e+07	3	6
63.2637	0	1	614	LastDelay	1.96379	1.96379e+06	1	6
63.2637	0	1	614	FullDelay	57.8264	5.78264e+07	3	6
63.2841	0	1	615	LastDelay	1.97736	1.97736e+06	1	6
63.2841	0	1	615	FullDelay	57.84	5.784e+07	3	6
63.2932	0	1	616	LastDelay	1.9796	1.9796e+06	1	6
63.2932	0	1	616	FullDelay	57.8354	5.78354e+07	3	6
96.2987	0	1	5740	LastDelay	0.0666904	66690.4	1	6
96.2987	0	1	5740	FullDelay	38.6783	3.86783e+07	2	6
96.3086	0	1	5741	LastDelay	0.0698164	69816.4	1	6
96.3086	0	1	5741	FullDelay	38.6814	3.86814e+07	2	6
96.3233	0	1	5742	LastDelay	0.0776564	77656.4	1	6
96.3233	0	1	5742	FullDelay	38.6893	3.86893e+07	2	6
96.3325	0	1	5743	LastDelay	0.0799957	79995.7	1	6
96.3325	0	1	5743	FullDelay	38.6916	3.86916e+07	2	6
96.3526	0	1	5744	LastDelay	0.0933358	93335.8	1	6
96.3526	0	1	5744	FullDelay	38.705	3.8705e+07	2	6
96.3771	0	1	5745	LastDelay	0.110971	110971	1	6
96.3771	0	1	5745	FullDelay	38.7226	3.87226e+07	2	6
96.3862	0	1	5746	LastDelay	0.113231	113231	1	6
96.3862	0	1	5746	FullDelay	38.7249	3.87249e+07	2	6
96.3952	0	1	5747	LastDelay	0.11547	115470	1	6
96.3952	0	1	5747	FullDelay	38.7271	3.87271e+07	2	6
96.4489	0	1	5749	LastDelay	0.155442	155442	1	6
96.4489	0	1	5749	FullDelay	38.7671	3.87671e+07	2	6
96.4708	0	1	5750	LastDelay	0.1705	170500	1	6
96.4708	0	1	5750	FullDelay	38.7821	3.87821e+07	2	6
96.4807	0	1	5751	LastDelay	0.173646	173646	1	6
96.4807	0	1	5751	FullDelay	38.7853	3.87853e+07	2	6
96.5054	0	1	5752	LastDelay	0.191533	191533	1	6
96.5054	0	1	5752	FullDelay	38.8032	3.88032e+07	2	6
96.5147	0	1	5753	LastDelay	0.193992	193992	1	6
96.5147	0	1	5753	FullDelay	38.8056	3.88056e+07	2	6
96.5239	0	1	5754	LastDelay	0.196332	196332	1	6
96.5239	0	1	5754	FullDelay	38.808	3.8808e+07	2	6
96.5584	0	1	5755	LastDelay	0.223968	223968	1	6
96.5584	0	1	5755	FullDelay	38.8356	3.88356e+07	2	6
96.5891	0	1	5756	LastDelay	0.247906	247906	1	6
96.5891	0	1	5756	FullDelay	38.8595	3.88595e+07	2	6
96.5993	0	1	5757	LastDelay	0.251299	251299	1	6
96.5993	0	1	5757	FullDelay	38.8629	3.88629e+07	2	6
96.6621	0	1	5759	LastDelay	0.30038	300380	1	6
96.6621	0	1	5759	FullDelay	38.912	3.8912e+07	2	6
96.6713	0	1	5760	LastDelay	0.302739	302739	1	6
96.6713	0	1	5760	FullDelay	38.9144	3.89144e+07	2	6
96.6938	0	1	5761	LastDelay	0.318496	318496	1	6
96.6938	0	1	5761	FullDelay	38.9301	3.89301e+07	2	6
96.7038	0	1	5762	LastDelay	0.321662	321662	1	6
96.7038	0	1	5762	FullDelay	38.9333	3.89333e+07	2	6
96.7273	0	1	5763	LastDelay	0.3383	338300	1	6
96.7273	0	1	5763	FullDelay	38.9499	3.89499e+07	2	6
96.7456	0	1	5764	LastDelay	0.349766	349766	1	6
96.7456	0	1	5764	FullDelay	38.9614	3.89614e+07	2	6
96.7555	0	1	5765	LastDelay	0.352892	352892	1	6
96.7555	0	1	5765	FullDelay	38.9645	3.89645e+07	2	6
96.95	0	1	5766	LastDelay	0.540483	540483	1	6
96.95	0	1	5766	FullDelay	39.1521	3.91521e+07	2	6
96.9656	0	1	5767	LastDelay	0.549328	549328	1	6
96.9656	0	1	5767	FullDelay	39.161	3.9161e+07	2	6
96.9874	0	1	5768	LastDelay	0.564245	564245	1	6
96.9874	0	1	5768	FullDelay	39.1759	3.91759e+07	2	6
97.0181	0	1	5770	LastDelay	0.581283	581283	1	6
97.0181	0	1	5770	FullDelay	39.1929	3.91929e+07	2	6
97.0556	0	1	5772	LastDelay	0.605108	605108	1	6
97.0556	0	1	5772	FullDelay	39.2167	3.92167e+07	2	6
97.0648	0	1	5773	LastDelay	0.607528	607528	1	6
97.0648	0	1	5773	FullDelay	39.2192	3.92192e+07	2	6
97.0851	0	1	5774	LastDelay	0.621013	621013	1	6
97.0851	0	1	5774	FullDelay	39.2326	3.92326e+07	2	6
97.0979	0	1	5775	LastDelay	0.626937	626937	1	6
97.0979	0	1	5775	FullDelay	39.2386	3.92386e+07	2	6
97.118	0	1	5777	LastDelay	0.633422	633422	1	6
97.118	0	1	5777	FullDelay	39.245	3.9245e+07	2	6
97.2129	0	1	5779	LastDelay	0.714707	714707	1	6
97.2129	0	1	5779	FullDelay	39.3263	3.93263e+07	2	6
97.2421	0	1	5781	LastDelay	0.730184	730184	1	6
97.2421	0	1	5781	FullDelay	39.3418	3.93418e+07	2	6
97.2524	0	1	5782	LastDelay	0.733657	733657	1	6
97.2524	0	1	5782	FullDelay	39.3453	3.93453e+07	2	6
97.2717	0	1	5783	LastDelay	0.746137	746137	1	6
97.2717	0	1	5783	FullDelay	39.3578	3.93578e+07	2	6
97.2964	0	1	5785	LastDelay	0.757215	757215	1	6
97.2964	0	1	5785	FullDelay	39.3688	3.93688e+07	2	6
97.3055	0	1	5786	LastDelay	0.759495	759495	1	6
97.3055	0	1	5786	FullDelay	39.3711	3.93711e+07	2	6
97.3273	0	1	5787	LastDelay	0.774461	774461	1	6
97.3273	0	1	5787	FullDelay	39.3861	3.93861e+07	2	6
97.3914	0	1	5789	LastDelay	0.824901	824901	1	6
97.3914	0	1	5789	FullDelay	39.4365	3.94365e+07	2	6
97.4327	0	1	5790	LastDelay	0.859384	859384	1	6
97.4327	0	1	5790	FullDelay	39.471	3.9471e+07	2	6
97.4617	0	1	5791	LastDelay	0.881505	881505	1	6
97.4617	0	1	5791	FullDelay	39.4931	3.94931e+07	2	6
97.4729	0	1	5792	LastDelay	0.885895	885895	1	6
97.4729	0	1	5792	FullDelay	39.4975	3.94975e+07	2	6
97.482	0	1	5793	LastDelay	0.888234	888234	1	6
97.482	0	1	5793	FullDelay	39.4999	3.94999e+07	2	6
97.5063	0	1	5794	LastDelay	0.905675	905675	1	6
97.5063	0	1	5794	FullDelay	39.5173	3.95173e+07	2	6
97.5256	0	1	5795	LastDelay	0.918141	918141	1	6
97.5256	0	1	5795	FullDelay	39.5298	3.95298e+07	2	6
97.5535	0	1	5796	LastDelay	0.939234	939234	1	6
97.5535	0	1	5796	FullDelay	39.5509	3.95509e+07	2	6
97.5722	0	1	5797	LastDelay	0.95106	951060	1	6
97.5722	0	1	5797	FullDelay	39.5627	3.95627e+07	2	6
97.5823	0	1	5798	LastDelay	0.954406	954406	1	6
97.5823	0	1	5798	FullDelay	39.566	3.9566e+07	2	6
97.601	0	1	5799	LastDelay	0.966252	966252	1	6
97.601	0	1	5799	FullDelay	39.5779	3.95779e+07	2	6
97.6277	0	1	5801	LastDelay	0.979289	979289	1	6
97.6277	0	1	5801	FullDelay	39.5909	3.95909e+07	2	6
97.6407	0	1	5802	LastDelay	0.985462	985462	1	6
97.6407	0	1	5802	FullDelay	39.5971	3.95971e+07	2	6
97.6867	0	1	5803	LastDelay	1.02468	1.02468e+06	1	6
97.6867	0	1	5803	FullDelay	39.6363	3.96363e+07	2	6
97.7154	0	1	5804	LastDelay	1.04652	1.04652e+06	1	6
97.7154	0	1	5804	FullDelay	39.6581	3.96581e+07	2	6
97.727	0	1	5805	LastDelay	1.0513	1.0513e+06	1	6
97.727	0	1	5805	FullDelay	39.6629	3.96629e+07	2	6
97.7364	0	1	5806	LastDelay	1.05386	1.05386e+06	1	6
97.7364	0	1	5806	FullDelay	39.6655	3.96655e+07	2	6
97.7551	0	1	5807	LastDelay	1.0657	1.0657e+06	1	6
97.7551	0	1	5807	FullDelay	39.6773	3.96773e+07	2	6
97.7653	0	1	5808	LastDelay	1.06911	1.06911e+06	1	6
97.7653	0	1	5808	FullDelay	39.6807	3.96807e+07	2	6
97.7744	0	1	5809	LastDelay	1.07137	1.07137e+06	1	6
97.7744	0	1	5809	FullDelay	39.683	3.9683e+07	2	6
97.7847	0	1	5810	LastDelay	1.0748	1.0748e+06	1	6
97.7847	0	1	5810	FullDelay	39.6864	3.96864e+07	2	6
97.7961	0	1	5811	LastDelay	1.07946	1.07946e+06	1	6
97.7961	0	1	5811	FullDelay	39.6911	3.96911e+07	2	6
97.8061	0	1	5812	LastDelay	1.08263	1.08263e+06	1	6
97.8061	0	1	5812	FullDelay	39.6942	3.96942e+07	2	6
97.8161	0	1	5813	LastDelay	1.08577	1.08577e+06	1	6
97.8161	0	1	5813	FullDelay	39.6974	3.96974e+07	2	6
97.8369	0	1	5814	LastDelay	1.09969	1.09969e+06	1	6
97.8369	0	1	5814	FullDelay	39.7113	3.97113e+07	2	6
97.8941	0	1	5816	LastDelay	1.14323	1.14323e+06	1	6
97.8941	0	1	5816	FullDelay	39.7549	3.97549e+07	2	6
97.9239	0	1	5817	LastDelay	1.1663	1.1663e+06	1	6
97.9239	0	1	5817	FullDelay	39.7779	3.97779e+07	2	6
97.9639	0	1	5819	LastDelay	1.19262	1.19262e+06	1	6
97.9639	0	1	5819	FullDelay	39.8042	3.98042e+07	2	6
97.9748	0	1	5820	LastDelay	1.19663	1.19663e+06	1	6
97.9748	0	1	5820	FullDelay	39.8083	3.98083e+07	2	6
97.9936	0	1	5821	LastDelay	1.20864	1.20864e+06	1	6
97.9936	0	1	5821	FullDelay	39.8203	3.98203e+07	2	6
98.0097	0	1	5822	LastDelay	1.21791	1.21791e+06	1	6
98.0097	0	1	5822	FullDelay	39.8295	3.98295e+07	2	6
98.0198	0	1	5823	LastDelay	1.2212	1.2212e+06	1	6
98.0198	0	1	5823	FullDelay	39.8328	3.98328e+07	2	6
98.0345	0	1	5824	LastDelay	1.22905	1.22905e+06	1	6
98.0345	0	1	5824	FullDelay	39.8407	3.98407e+07	2	6
98.0714	0	1	5825	LastDelay	1.25913	1.25913e+06	1	6
98.0714	0	1	5825	FullDelay	39.8708	3.98708e+07	2	6
98.0806	0	1	5826	LastDelay	1.26155	1.26155e+06	1	6
98.0806	0	1	5826	FullDelay	39.8732	3.98732e+07	2	6
98.1003	0	1	5827	LastDelay	1.27441	1.27441e+06	1	6
98.1003	0	1	5827	FullDelay	39.886	3.9886e+07	2	6
98.1443	0	1	5828	LastDelay	1.31158	1.31158e+06	1	6
98.1443	0	1	5828	FullDelay	39.9232	3.99232e+07	2	6
98.1597	0	1	5829	LastDelay	1.32009	1.32009e+06	1	6
98.1597	0	1	5829	FullDelay	39.9317	3.99317e+07	2	6
98.2082	0	1	5830	LastDelay	1.36185	1.36185e+06	1	6
98.2082	0	1	5830	FullDelay	39.9735	3.99735e+07	2	6
98.2173	0	1	5831	LastDelay	1.36409	1.36409e+06	1	6
98.2173	0	1	5831	FullDelay	39.9757	3.99757e+07	2	6
98.2703	0	1	5833	LastDelay	1.40347	1.40347e+06	1	6
98.2703	0	1	5833	FullDelay	40.0151	4.00151e+07	2	6
98.2795	0	1	5834	LastDelay	1.40583	1.40583e+06	1	6
98.2795	0	1	5834	FullDelay	40.0175	4.00175e+07	2	6
98.3002	0	1	5836	LastDelay	1.41281	1.41281e+06	1	6
98.3002	0	1	5836	FullDelay	40.0244	4.00244e+07	2	6
98.3231	0	1	5837	LastDelay	1.42895	1.42895e+06	1	6
98.3231	0	1	5837	FullDelay	40.0406	4.00406e+07	2	6
98.3552	0	1	5838	LastDelay	1.45422	1.45422e+06	1	6
98.3552	0	1	5838	FullDelay	40.0658	4.00658e+07	2	6
98.3658	0	1	5839	LastDelay	1.45802	1.45802e+06	1	6
98.3658	0	1	5839	FullDelay	40.0696	4.00696e+07	2	6
98.3764	0	1	5840	LastDelay	1.46177	1.46177e+06	1	6
98.3764	0	1	5840	FullDelay	40.0734	4.00734e+07	2	6
98.4176	0	1	5841	LastDelay	1.4961	1.4961e+06	1	6
98.4176	0	1	5841	FullDelay	40.1077	4.01077e+07	2	6
98.4374	0	1	5842	LastDelay	1.5091	1.5091e+06	1	6
98.4374	0	1	5842	FullDelay	40.1207	4.01207e+07	2	6
98.4479	0	1	5843	LastDelay	1.51277	1.51277e+06	1	6
98.4479	0	1	5843	FullDelay	40.1244	4.01244e+07	2	6
98.4604	0	1	5844	LastDelay	1.51842	1.51842e+06	1	6
98.4604	0	1	5844	FullDelay	40.13	4.013e+07	2	6
98.5158	0	1	5845	LastDelay	1.56703	1.56703e+06	1	6
98.5158	0	1	5845	FullDelay	40.1787	4.01787e+07	2	6
98.5343	0	1	5846	LastDelay	1.5787	1.5787e+06	1	6
98.5343	0	1	5846	FullDelay	40.1903	4.01903e+07	2	6
98.5445	0	1	5847	LastDelay	1.58203	1.58203e+06	1	6
98.5445	0	1	5847	FullDelay	40.1937	4.01937e+07	2	6
98.5647	0	1	5848	LastDelay	1.59545	1.59545e+06	1	6
98.5647	0	1	5848	FullDelay	40.2071	4.02071e+07	2	6
98.5812	0	1	5849	LastDelay	1.60511	1.60511e+06	1	6
98.5812	0	1	5849	FullDelay	40.2167	4.02167e+07	2	6
98.6095	0	1	5850	LastDelay	1.62657	1.62657e+06	1	6
98.6095	0	1	5850	FullDelay	40.2382	4.02382e+07	2	6
98.6322	0	1	5851	LastDelay	1.64241	1.64241e+06	1	6
98.6322	0	1	5851	FullDelay	40.254	4.0254e+07	2	6
98.6412	0	1	5852	LastDelay	1.64465	1.64465e+06	1	6
98.6412	0	1	5852	FullDelay	40.2563	4.02563e+07	2	6
98.7139	0	1	5855	LastDelay	1.69681	1.69681e+06	1	6
98.7139	0	1	5855	FullDelay	40.3084	4.03084e+07	2	6
98.7579	0	1	5856	LastDelay	1.73402	1.73402e+06	1	6
98.7579	0	1	5856	FullDelay	40.3456	4.03456e+07	2	6
98.7704	0	1	5857	LastDelay	1.73973	1.73973e+06	1	6
98.7704	0	1	5857	FullDelay	40.3514	4.03514e+07	2	6
98.7904	0	1	5858	LastDelay	1.75291	1.75291e+06	1	6
98.7904	0	1	5858	FullDelay	40.3645	4.03645e+07	2	6
98.8002	0	1	5859	LastDelay	1.75584	1.75584e+06	1	6
98.8002	0	1	5859	FullDelay	40.3675	4.03675e+07	2	6
98.8283	0	1	5860	LastDelay	1.7771	1.7771e+06	1	6
98.8283	0	1	5860	FullDelay	40.3887	4.03887e+07	2	6
98.8486	0	1	5861	LastDelay	1.79061	1.79061e+06	1	6
98.8486	0	1	5861	FullDelay	40.4022	4.04022e+07	2	6
98.8642	0	1	5862	LastDelay	1.79933	1.79933e+06	1	6
98.8642	0	1	5862	FullDelay	40.411	4.0411e+07	2	6
98.8758	0	1	5863	LastDelay	1.80411	1.80411e+06	1	6
98.8758	0	1	5863	FullDelay	40.4157	4.04157e+07	2	6
98.9371	0	1	5864	LastDelay	1.85856	1.85856e+06	1	6
98.9371	0	1	5864	FullDelay	40.4702	4.04702e+07	2	6
98.9697	0	1	5865	LastDelay	1.88439	1.88439e+06	1	6
98.9697	0	1	5865	FullDelay	40.496	4.0496e+07	2	6
98.988	0	1	5866	LastDelay	1.89585	1.89585e+06	1	6
98.988	0	1	5866	FullDelay	40.5075	4.05075e+07	2	6
98.9971	0	1	5867	LastDelay	1.89815	1.89815e+06	1	6
98.9971	0	1	5867	FullDelay	40.5098	4.05098e+07	2	6
99.0189	0	1	5868	LastDelay	1.91312	1.91312e+06	1	6
99.0189	0	1	5868	FullDelay	40.5247	4.05247e+07	2	6
99.0346	0	1	5869	LastDelay	1.922	1.922e+06	1	6
99.0346	0	1	5869	FullDelay	40.5336	4.05336e+07	2	6
99.0445	0	1	5870	LastDelay	1.92503	1.92503e+06	1	6
99.0445	0	1	5870	FullDelay	40.5367	4.05367e+07	2	6
99.055	0	1	5871	LastDelay	1.92874	1.92874e+06	1	6
99.055	0	1	5871	FullDelay	40.5404	4.05404e+07	2	6
99.065	0	1	5872	LastDelay	1.93193	1.93193e+06	1	6
99.065	0	1	5872	FullDelay	40.5436	4.05436e+07	2	6
99.0757	0	1	5873	LastDelay	1.93577	1.93577e+06	1	6
99.0757	0	1	5873	FullDelay	40.5474	4.05474e+07	2	6
99.0879	0	1	5874	LastDelay	1.94112	1.94112e+06	1	6
99.0879	0	1	5874	FullDelay	40.5527	4.05527e+07	2	6
99.098	0	1	5875	LastDelay	1.94444	1.94444e+06	1	6
99.098	0	1	5875	FullDelay	40.5561	4.05561e+07	2	6
99.1112	0	1	5876	LastDelay	1.95078	1.95078e+06	1	6
99.1112	0	1	5876	FullDelay	40.5624	4.05624e+07	2	6
99.1204	0	1	5877	LastDelay	1.95314	1.95314e+06	1	6
99.1204	0	1	5877	FullDelay	40.5648	4.05648e+07	2	6
99.1339	0	1	5878	LastDelay	1.9598	1.9598e+06	1	6
99.1339	0	1	5878	FullDelay	40.5714	4.05714e+07	2	6
99.1431	0	1	5879	LastDelay	1.96222	1.96222e+06	1	6
99.1431	0	1	5879	FullDelay	40.5738	4.05738e+07	2	6
99.1561	0	1	5880	LastDelay	1.96837	1.96837e+06	1	6
99.1561	0	1	5880	FullDelay	40.58	4.058e+07	2	6
99.1666	0	1	5881	LastDelay	1.97207	1.97207e+06	1	6
99.1666	0	1	5881	FullDelay	40.5837	4.05837e+07	2	6
99.1776	0	1	5882	LastDelay	1.97622	1.97622e+06	1	6
99.1776	0	1	5882	FullDelay	40.5878	4.05878e+07	2	6
99.1872	0	1	5883	LastDelay	1.97904	1.97904e+06	1	6
99.1872	0	1	5883	FullDelay	40.5907	4.05907e+07	2	6
99.2092	0	1	5885	LastDelay	1.98739	1.98739e+06	1	6
99.2092	0	1	5885	FullDelay	40.599	4.0599e+07	2	6
99.22	0	1	5886	LastDelay	1.99128	1.99128e+06	1	6
99.22	0	1	5886	FullDelay	40.6029	4.06029e+07	2	6
99.2343	0	1	5887	LastDelay	1.99874	1.99874e+06	1	6
99.2343	0	1	5887	FullDelay	40.6104	4.06104e+07	2	6
