Time	Node	AppId	SeqNo	Type	DelayS	DelayUS	RetxCount	HopCount
1.03135	0	1	0	LastDelay	0.0313512	31351.2	1	6
1.03135	0	1	0	FullDelay	0.0313512	31351.2	1	6
1.04155	0	1	1	LastDelay	0.0347207	34720.7	1	6
1.04155	0	1	1	FullDelay	0.0347207	34720.7	1	6
1.05494	0	1	2	LastDelay	0.0412872	41287.2	1	6
1.05494	0	1	2	FullDelay	0.0412872	41287.2	1	6
1.06703	0	1	3	LastDelay	0.0465474	46547.4	1	6
1.06703	0	1	3	FullDelay	0.0465474	46547.4	1	6
1.0854	0	1	4	LastDelay	0.0580983	58098.3	1	6
1.0854	0	1	4	FullDelay	0.0580983	58098.3	1	6
1.09572	0	1	5	LastDelay	0.0615818	61581.8	1	6
1.09572	0	1	5	FullDelay	0.0615818	61581.8	1	6
1.1059	0	1	6	LastDelay	0.0649374	64937.4	1	6
1.1059	0	1	6	FullDelay	0.0649374	64937.4	1	6
1.12136	0	1	7	LastDelay	0.0735689	73568.9	1	6
1.12136	0	1	7	FullDelay	0.0735689	73568.9	1	6
1.14305	0	1	9	LastDelay	0.0816062	81606.2	1	6
1.14305	0	1	9	FullDelay	0.0816062	81606.2	1	6
1.15397	0	1	10	LastDelay	0.085706	85706	1	6
1.15397	0	1	10	FullDelay	0.085706	85706	1	6
1.16307	0	1	11	LastDelay	0.0879773	87977.3	1	6
1.16307	0	1	11	FullDelay	0.0879773	87977.3	1	6
1.17395	0	1	12	LastDelay	0.0920253	92025.3	1	6
1.17395	0	1	12	FullDelay	0.0920253	92025.3	1	6
1.18834	0	1	13	LastDelay	0.0995983	99598.3	1	6
1.18834	0	1	13	FullDelay	0.0995983	99598.3	1	6
1.19746	0	1	14	LastDelay	0.10189	101890	1	6
1.19746	0	1	14	FullDelay	0.10189	101890	1	6
1.20844	0	1	15	LastDelay	0.106044	106044	1	6
1.20844	0	1	15	FullDelay	0.106044	106044	1	6
1.23703	0	1	17	LastDelay	0.120974	120974	1	6
1.23703	0	1	17	FullDelay	0.120974	120974	1	6
1.24962	0	1	18	LastDelay	0.126738	126738	1	6
1.24962	0	1	18	FullDelay	0.126738	126738	1	6
1.25878	0	1	19	LastDelay	0.129069	129069	1	6
1.25878	0	1	19	FullDelay	0.129069	129069	1	6
1.27015	0	1	20	LastDelay	0.133621	133621	1	6
1.27015	0	1	20	FullDelay	0.133621	133621	1	6
1.30768	0	1	23	LastDelay	0.150666	150666	1	6
1.30768	0	1	23	FullDelay	0.150666	150666	1	6
1.31768	0	1	24	LastDelay	0.153836	153836	1	6
1.31768	0	1	24	FullDelay	0.153836	153836	1	6
1.32675	0	1	25	LastDelay	0.156088	156088	1	6
1.32675	0	1	25	FullDelay	0.156088	156088	1	6
1.33653	0	1	26	LastDelay	0.159039	159039	1	6
1.33653	0	1	26	FullDelay	0.159039	159039	1	6
1.35284	0	1	27	LastDelay	0.168516	168516	1	6
1.35284	0	1	27	FullDelay	0.168516	168516	1	6
1.36193	0	1	28	LastDelay	0.170787	170787	1	6
1.36193	0	1	28	FullDelay	0.170787	170787	1	6
1.37111	0	1	29	LastDelay	0.173138	173138	1	6
1.37111	0	1	29	FullDelay	0.173138	173138	1	6
1.38019	0	1	30	LastDelay	0.17539	175390	1	6
1.38019	0	1	30	FullDelay	0.17539	175390	1	6
1.38943	0	1	31	LastDelay	0.177801	177801	1	6
1.38943	0	1	31	FullDelay	0.177801	177801	1	6
1.39869	0	1	32	LastDelay	0.180232	180232	1	6
1.39869	0	1	32	FullDelay	0.180232	180232	1	6
1.4341	0	1	33	LastDelay	0.208818	208818	1	6
1.4341	0	1	33	FullDelay	0.208818	208818	1	6
1.44563	0	1	34	LastDelay	0.213526	213526	1	6
1.44563	0	1	34	FullDelay	0.213526	213526	1	6
1.45551	0	1	35	LastDelay	0.216578	216578	1	6
1.45551	0	1	35	FullDelay	0.216578	216578	1	6
1.46689	0	1	36	LastDelay	0.22113	221130	1	6
1.46689	0	1	36	FullDelay	0.22113	221130	1	6
1.47599	0	1	37	LastDelay	0.223401	223401	1	6
1.47599	0	1	37	FullDelay	0.223401	223401	1	6
1.48507	0	1	38	LastDelay	0.225653	225653	1	6
1.48507	0	1	38	FullDelay	0.225653	225653	1	6
1.50684	0	1	40	LastDelay	0.233772	233772	1	6
1.50684	0	1	40	FullDelay	0.233772	233772	1	6
1.51598	0	1	41	LastDelay	0.236083	236083	1	6
1.51598	0	1	41	FullDelay	0.236083	236083	1	6
1.5259	0	1	42	LastDelay	0.239176	239176	1	6
1.5259	0	1	42	FullDelay	0.239176	239176	1	6
1.53582	0	1	43	LastDelay	0.242268	242268	1	6
1.53582	0	1	43	FullDelay	0.242268	242268	1	6
1.54645	0	1	44	LastDelay	0.246078	246078	1	6
1.54645	0	1	44	FullDelay	0.246078	246078	1	6
1.56395	0	1	45	LastDelay	0.256745	256745	1	6
1.56395	0	1	45	FullDelay	0.256745	256745	1	6
1.57314	0	1	46	LastDelay	0.259117	259117	1	6
1.57314	0	1	46	FullDelay	0.259117	259117	1	6
1.59649	0	1	48	LastDelay	0.26881	268810	1	6
1.59649	0	1	48	FullDelay	0.26881	268810	1	6
1.60873	0	1	49	LastDelay	0.274228	274228	1	6
1.60873	0	1	49	FullDelay	0.274228	274228	1	6
1.64535	0	1	51	LastDelay	0.297187	297187	1	6
1.64535	0	1	51	FullDelay	0.297187	297187	1	6
1.65453	0	1	52	LastDelay	0.299539	299539	1	6
1.65453	0	1	52	FullDelay	0.299539	299539	1	6
1.6648	0	1	53	LastDelay	0.302985	302985	1	6
1.6648	0	1	53	FullDelay	0.302985	302985	1	6
1.6762	0	1	54	LastDelay	0.307562	307562	1	6
1.6762	0	1	54	FullDelay	0.307562	307562	1	6
1.68583	0	1	55	LastDelay	0.310362	310362	1	6
1.68583	0	1	55	FullDelay	0.310362	310362	1	6
1.70082	0	1	8	LastDelay	0.298051	298051	1	2
1.70082	0	1	8	FullDelay	0.646211	646211	2	2
1.71223	0	1	56	LastDelay	0.329934	329934	1	6
1.71223	0	1	56	FullDelay	0.329934	329934	1	6
1.72249	0	1	57	LastDelay	0.333368	333368	1	6
1.72249	0	1	57	FullDelay	0.333368	333368	1	6
1.73777	0	1	58	LastDelay	0.341828	341828	1	6
1.73777	0	1	58	FullDelay	0.341828	341828	1	6
1.74881	0	1	59	LastDelay	0.339214	339214	1	6
1.74881	0	1	59	FullDelay	0.339214	339214	1	6
1.76195	0	1	60	LastDelay	0.345527	345527	1	6
1.76195	0	1	60	FullDelay	0.345527	345527	1	6
1.77144	0	1	61	LastDelay	0.348182	348182	1	6
1.77144	0	1	61	FullDelay	0.348182	348182	1	6
1.78145	0	1	62	LastDelay	0.351372	351372	1	6
1.78145	0	1	62	FullDelay	0.351372	351372	1	6
1.79337	0	1	63	LastDelay	0.356463	356463	1	6
1.79337	0	1	63	FullDelay	0.356463	356463	1	6
1.80672	0	1	64	LastDelay	0.362988	362988	1	6
1.80672	0	1	64	FullDelay	0.362988	362988	1	6
1.81733	0	1	65	LastDelay	0.366767	366767	1	6
1.81733	0	1	65	FullDelay	0.366767	366767	1	6
1.83052	0	1	66	LastDelay	0.373132	373132	1	6
1.83052	0	1	66	FullDelay	0.373132	373132	1	6
1.84367	0	1	67	LastDelay	0.379456	379456	1	6
1.84367	0	1	67	FullDelay	0.379456	379456	1	6
1.85897	0	1	68	LastDelay	0.387928	387928	1	6
1.85897	0	1	68	FullDelay	0.387928	387928	1	6
1.87231	0	1	16	LastDelay	0.367135	367135	1	2
1.87231	0	1	16	FullDelay	0.763081	763081	2	2
1.88424	0	1	69	LastDelay	0.40637	406370	1	6
1.88424	0	1	69	FullDelay	0.40637	406370	1	6
1.90474	0	1	71	LastDelay	0.413221	413221	1	6
1.90474	0	1	71	FullDelay	0.413221	413221	1	6
1.91655	0	1	72	LastDelay	0.418207	418207	1	6
1.91655	0	1	72	FullDelay	0.418207	418207	1	6
1.92577	0	1	73	LastDelay	0.413772	413772	1	6
1.92577	0	1	73	FullDelay	0.413772	413772	1	6
1.93497	0	1	74	LastDelay	0.416143	416143	1	6
1.93497	0	1	74	FullDelay	0.416143	416143	1	6
1.94669	0	1	75	LastDelay	0.421036	421036	1	6
1.94669	0	1	75	FullDelay	0.421036	421036	1	6
1.96129	0	1	21	LastDelay	0.40833	408330	1	2
1.96129	0	1	21	FullDelay	0.81793	817930	2	2
1.97051	0	1	76	LastDelay	0.438028	438028	1	6
1.97051	0	1	76	FullDelay	0.438028	438028	1	6
1.9815	0	1	77	LastDelay	0.442196	442196	1	6
1.9815	0	1	77	FullDelay	0.442196	442196	1	6
1.99257	0	1	22	LastDelay	0.432787	432787	1	2
1.99257	0	1	22	FullDelay	0.842387	842387	2	2
2.00343	0	1	78	LastDelay	0.457295	457295	1	6
2.00343	0	1	78	FullDelay	0.457295	457295	1	6
2.01591	0	1	79	LastDelay	0.4493	449300	1	6
2.01591	0	1	79	FullDelay	0.4493	449300	1	6
2.02826	0	1	80	LastDelay	0.454818	454818	1	6
2.02826	0	1	80	FullDelay	0.454818	454818	1	6
2.03873	0	1	81	LastDelay	0.458461	458461	1	6
2.03873	0	1	81	FullDelay	0.458461	458461	1	6
2.05231	0	1	82	LastDelay	0.465221	465221	1	6
2.05231	0	1	82	FullDelay	0.465221	465221	1	6
2.06153	0	1	83	LastDelay	0.467612	467612	1	6
2.06153	0	1	83	FullDelay	0.467612	467612	1	6
2.07204	0	1	84	LastDelay	0.471295	471295	1	6
2.07204	0	1	84	FullDelay	0.471295	471295	1	6
2.08546	0	1	85	LastDelay	0.477887	477887	1	6
2.08546	0	1	85	FullDelay	0.477887	477887	1	6
2.09538	0	1	86	LastDelay	0.480977	480977	1	6
2.09538	0	1	86	FullDelay	0.480977	480977	1	6
2.11512	0	1	88	LastDelay	0.487067	487067	1	6
2.11512	0	1	88	FullDelay	0.487067	487067	1	6
2.12801	0	1	89	LastDelay	0.493128	493128	1	6
2.12801	0	1	89	FullDelay	0.493128	493128	1	6
2.13969	0	1	90	LastDelay	0.497984	497984	1	6
2.13969	0	1	90	FullDelay	0.497984	497984	1	6
2.14986	0	1	91	LastDelay	0.50133	501330	1	6
2.14986	0	1	91	FullDelay	0.50133	501330	1	6
2.17757	0	1	93	LastDelay	0.515388	515388	1	6
2.17757	0	1	93	FullDelay	0.515388	515388	1	6
2.18817	0	1	94	LastDelay	0.519159	519159	1	6
2.18817	0	1	94	FullDelay	0.519159	519159	1	6
2.20614	0	1	95	LastDelay	0.530296	530296	1	6
2.20614	0	1	95	FullDelay	0.530296	530296	1	6
2.21654	0	1	96	LastDelay	0.533874	533874	1	6
2.21654	0	1	96	FullDelay	0.533874	533874	1	6
2.22995	0	1	97	LastDelay	0.540457	540457	1	6
2.22995	0	1	97	FullDelay	0.540457	540457	1	6
2.24916	0	1	99	LastDelay	0.546018	546018	1	6
2.24916	0	1	99	FullDelay	0.546018	546018	1	6
2.25986	0	1	100	LastDelay	0.549887	549887	1	6
2.25986	0	1	100	FullDelay	0.549887	549887	1	6
2.26994	0	1	101	LastDelay	0.553137	553137	1	6
2.26994	0	1	101	FullDelay	0.553137	553137	1	6
2.27904	0	1	102	LastDelay	0.555409	555409	1	6
2.27904	0	1	102	FullDelay	0.555409	555409	1	6
2.29019	0	1	103	LastDelay	0.559737	559737	1	6
2.29019	0	1	103	FullDelay	0.559737	559737	1	6
2.3025	0	1	104	LastDelay	0.565223	565223	1	6
2.3025	0	1	104	FullDelay	0.565223	565223	1	6
2.31196	0	1	105	LastDelay	0.567855	567855	1	6
2.31196	0	1	105	FullDelay	0.567855	567855	1	6
2.33086	0	1	106	LastDelay	0.579929	579929	1	6
2.33086	0	1	106	FullDelay	0.579929	579929	1	6
2.34257	0	1	107	LastDelay	0.584815	584815	1	6
2.34257	0	1	107	FullDelay	0.584815	584815	1	6
2.35209	0	1	108	LastDelay	0.587506	587506	1	6
2.35209	0	1	108	FullDelay	0.587506	587506	1	6
2.36199	0	1	109	LastDelay	0.590578	590578	1	6
2.36199	0	1	109	FullDelay	0.590578	590578	1	6
2.37109	0	1	110	LastDelay	0.592849	592849	1	6
2.37109	0	1	110	FullDelay	0.592849	592849	1	6
2.38216	0	1	111	LastDelay	0.597097	597097	1	6
2.38216	0	1	111	FullDelay	0.597097	597097	1	6
2.39256	0	1	112	LastDelay	0.600668	600668	1	6
2.39256	0	1	112	FullDelay	0.600668	600668	1	6
2.40243	0	1	113	LastDelay	0.603712	603712	1	6
2.40243	0	1	113	FullDelay	0.603712	603712	1	6
2.41513	0	1	39	LastDelay	0.609584	609584	1	2
2.41513	0	1	39	FullDelay	1.14889	1.14889e+06	2	2
2.43048	0	1	114	LastDelay	0.618105	618105	1	6
2.43048	0	1	114	FullDelay	0.618105	618105	1	6
2.44319	0	1	115	LastDelay	0.623993	623993	1	6
2.44319	0	1	115	FullDelay	0.623993	623993	1	6
2.45459	0	1	116	LastDelay	0.628561	628561	1	6
2.45459	0	1	116	FullDelay	0.628561	628561	1	6
2.47466	0	1	118	LastDelay	0.634983	634983	1	6
2.47466	0	1	118	FullDelay	0.634983	634983	1	6
2.48374	0	1	119	LastDelay	0.637234	637234	1	6
2.48374	0	1	119	FullDelay	0.637234	637234	1	6
2.494	0	1	47	LastDelay	0.640663	640663	1	2
2.494	0	1	47	FullDelay	1.17314	1.17314e+06	2	2
2.5083	0	1	120	LastDelay	0.648144	648144	1	6
2.5083	0	1	120	FullDelay	0.648144	648144	1	6
2.5196	0	1	121	LastDelay	0.652617	652617	1	6
2.5196	0	1	121	FullDelay	0.652617	652617	1	6
2.53901	0	1	123	LastDelay	0.658367	658367	1	6
2.53901	0	1	123	FullDelay	0.658367	658367	1	6
2.56972	0	1	124	LastDelay	0.682257	682257	1	6
2.56972	0	1	124	FullDelay	0.682257	682257	1	6
2.5799	0	1	125	LastDelay	0.685606	685606	1	6
2.5799	0	1	125	FullDelay	0.685606	685606	1	6
2.59326	0	1	126	LastDelay	0.685315	685315	1	6
2.59326	0	1	126	FullDelay	0.685315	685315	1	6
2.60358	0	1	127	LastDelay	0.688804	688804	1	6
2.60358	0	1	127	FullDelay	0.688804	688804	1	6
2.61465	0	1	128	LastDelay	0.693053	693053	1	6
2.61465	0	1	128	FullDelay	0.693053	693053	1	6
2.62401	0	1	129	LastDelay	0.695584	695584	1	6
2.62401	0	1	129	FullDelay	0.695584	695584	1	6
2.64373	0	1	130	LastDelay	0.708477	708477	1	6
2.64373	0	1	130	FullDelay	0.708477	708477	1	6
2.65602	0	1	131	LastDelay	0.713944	713944	1	6
2.65602	0	1	131	FullDelay	0.713944	713944	1	6
2.6658	0	1	132	LastDelay	0.716895	716895	1	6
2.6658	0	1	132	FullDelay	0.716895	716895	1	6
2.6759	0	1	133	LastDelay	0.720166	720166	1	6
2.6759	0	1	133	FullDelay	0.720166	720166	1	6
2.68618	0	1	134	LastDelay	0.723616	723616	1	6
2.68618	0	1	134	FullDelay	0.723616	723616	1	6
2.69527	0	1	135	LastDelay	0.725887	725887	1	6
2.69527	0	1	135	FullDelay	0.725887	725887	1	6
2.70449	0	1	136	LastDelay	0.728278	728278	1	6
2.70449	0	1	136	FullDelay	0.728278	728278	1	6
2.71804	0	1	137	LastDelay	0.735	735000	1	6
2.71804	0	1	137	FullDelay	0.735	735000	1	6
2.73125	0	1	138	LastDelay	0.741384	741384	1	6
2.73125	0	1	138	FullDelay	0.741384	741384	1	6
2.74041	0	1	139	LastDelay	0.743715	743715	1	6
2.74041	0	1	139	FullDelay	0.743715	743715	1	6
2.74959	0	1	140	LastDelay	0.746066	746066	1	6
2.74959	0	1	140	FullDelay	0.746066	746066	1	6
2.76076	0	1	141	LastDelay	0.750414	750414	1	6
2.76076	0	1	141	FullDelay	0.750414	750414	1	6
2.7707	0	1	142	LastDelay	0.753525	753525	1	6
2.7707	0	1	142	FullDelay	0.753525	753525	1	6
2.77998	0	1	143	LastDelay	0.755976	755976	1	6
2.77998	0	1	143	FullDelay	0.755976	755976	1	6
2.78905	0	1	144	LastDelay	0.758228	758228	1	6
2.78905	0	1	144	FullDelay	0.758228	758228	1	6
2.79825	0	1	145	LastDelay	0.760599	760599	1	6
2.79825	0	1	145	FullDelay	0.760599	760599	1	6
2.80773	0	1	146	LastDelay	0.763247	763247	1	6
2.80773	0	1	146	FullDelay	0.763247	763247	1	6
2.82275	0	1	147	LastDelay	0.771448	771448	1	6
2.82275	0	1	147	FullDelay	0.771448	771448	1	6
2.83361	0	1	148	LastDelay	0.775476	775476	1	6
2.83361	0	1	148	FullDelay	0.775476	775476	1	6
2.86072	0	1	150	LastDelay	0.788938	788938	1	6
2.86072	0	1	150	FullDelay	0.788938	788938	1	6
2.87242	0	1	151	LastDelay	0.793805	793805	1	6
2.87242	0	1	151	FullDelay	0.793805	793805	1	6
2.89201	0	1	153	LastDelay	0.799747	799747	1	6
2.89201	0	1	153	FullDelay	0.799747	799747	1	6
2.90686	0	1	70	LastDelay	0.800942	800942	1	2
2.90686	0	1	70	FullDelay	1.42217	1.42217e+06	2	2
2.91598	0	1	154	LastDelay	0.816887	816887	1	6
2.91598	0	1	154	FullDelay	0.816887	816887	1	6
2.93049	0	1	155	LastDelay	0.817744	817744	1	6
2.93049	0	1	155	FullDelay	0.817744	817744	1	6
2.94543	0	1	156	LastDelay	0.825861	825861	1	6
2.94543	0	1	156	FullDelay	0.825861	825861	1	6
2.95551	0	1	157	LastDelay	0.829111	829111	1	6
2.95551	0	1	157	FullDelay	0.829111	829111	1	6
2.97527	0	1	159	LastDelay	0.835212	835212	1	6
2.97527	0	1	159	FullDelay	0.835212	835212	1	6
2.98466	0	1	160	LastDelay	0.837783	837783	1	6
2.98466	0	1	160	FullDelay	0.837783	837783	1	6
3.01236	0	1	162	LastDelay	0.851829	851829	1	6
3.01236	0	1	162	FullDelay	0.851829	851829	1	6
3.02771	0	1	163	LastDelay	0.860347	860347	1	6
3.02771	0	1	163	FullDelay	0.860347	860347	1	6
3.03705	0	1	164	LastDelay	0.862859	862859	1	6
3.03705	0	1	164	FullDelay	0.862859	862859	1	6
3.04647	0	1	165	LastDelay	0.865458	865458	1	6
3.04647	0	1	165	FullDelay	0.865458	865458	1	6
3.05578	0	1	166	LastDelay	0.867938	867938	1	6
3.05578	0	1	166	FullDelay	0.867938	867938	1	6
3.0649	0	1	167	LastDelay	0.870229	870229	1	6
3.0649	0	1	167	FullDelay	0.870229	870229	1	6
3.0792	0	1	168	LastDelay	0.877706	877706	1	6
3.0792	0	1	168	FullDelay	0.877706	877706	1	6
3.08865	0	1	169	LastDelay	0.880326	880326	1	6
3.08865	0	1	169	FullDelay	0.880326	880326	1	6
3.09868	0	1	170	LastDelay	0.883536	883536	1	6
3.09868	0	1	170	FullDelay	0.883536	883536	1	6
3.10778	0	1	171	LastDelay	0.885807	885807	1	6
3.10778	0	1	171	FullDelay	0.885807	885807	1	6
3.12997	0	1	173	LastDelay	0.89434	894340	1	6
3.12997	0	1	173	FullDelay	0.89434	894340	1	6
3.14088	0	1	174	LastDelay	0.898428	898428	1	6
3.14088	0	1	174	FullDelay	0.898428	898428	1	6
3.15109	0	1	175	LastDelay	0.901806	901806	1	6
3.15109	0	1	175	FullDelay	0.901806	901806	1	6
3.16213	0	1	176	LastDelay	0.906022	906022	1	6
3.16213	0	1	176	FullDelay	0.906022	906022	1	6
3.1776	0	1	177	LastDelay	0.91467	914670	1	6
3.1776	0	1	177	FullDelay	0.91467	914670	1	6
3.18782	0	1	178	LastDelay	0.91806	918060	1	6
3.18782	0	1	178	FullDelay	0.91806	918060	1	6
3.19696	0	1	179	LastDelay	0.920371	920371	1	6
3.19696	0	1	179	FullDelay	0.920371	920371	1	6
3.21127	0	1	180	LastDelay	0.927856	927856	1	6
3.21127	0	1	180	FullDelay	0.927856	927856	1	6
3.22238	0	1	181	LastDelay	0.932144	932144	1	6
3.22238	0	1	181	FullDelay	0.932144	932144	1	6
3.23301	0	1	182	LastDelay	0.935947	935947	1	6
3.23301	0	1	182	FullDelay	0.935947	935947	1	6
3.24215	0	1	183	LastDelay	0.938258	938258	1	6
3.24215	0	1	183	FullDelay	0.938258	938258	1	6
3.26246	0	1	87	LastDelay	0.910783	910783	1	2
3.26246	0	1	87	FullDelay	1.64124	1.64124e+06	2	2
3.27152	0	1	184	LastDelay	0.960801	960801	1	6
3.27152	0	1	184	FullDelay	0.960801	960801	1	6
3.28134	0	1	185	LastDelay	0.963793	963793	1	6
3.28134	0	1	185	FullDelay	0.963793	963793	1	6
3.29046	0	1	186	LastDelay	0.966084	966084	1	6
3.29046	0	1	186	FullDelay	0.966084	966084	1	6
3.30369	0	1	187	LastDelay	0.97249	972490	1	6
3.30369	0	1	187	FullDelay	0.97249	972490	1	6
3.31394	0	1	188	LastDelay	0.975912	975912	1	6
3.31394	0	1	188	FullDelay	0.975912	975912	1	6
3.32426	0	1	189	LastDelay	0.979402	979402	1	6
3.32426	0	1	189	FullDelay	0.979402	979402	1	6
3.33527	0	1	190	LastDelay	0.976764	976764	1	6
3.33527	0	1	190	FullDelay	0.976764	976764	1	6
3.35016	0	1	191	LastDelay	0.984826	984826	1	6
3.35016	0	1	191	FullDelay	0.984826	984826	1	6
3.36036	0	1	192	LastDelay	0.988196	988196	1	6
3.36036	0	1	192	FullDelay	0.988196	988196	1	6
3.37259	0	1	193	LastDelay	0.993603	993603	1	6
3.37259	0	1	193	FullDelay	0.993603	993603	1	6
3.38247	0	1	194	LastDelay	0.996653	996653	1	6
3.38247	0	1	194	FullDelay	0.996653	996653	1	6
3.40339	0	1	196	LastDelay	1.00392	1.00392e+06	1	6
3.40339	0	1	196	FullDelay	1.00392	1.00392e+06	1	6
3.41437	0	1	92	LastDelay	1.00808	1.00808e+06	1	2
3.41437	0	1	92	FullDelay	1.75901	1.75901e+06	2	2
3.42615	0	1	197	LastDelay	1.01303	1.01303e+06	1	6
3.42615	0	1	197	FullDelay	1.01303	1.01303e+06	1	6
3.44099	0	1	98	LastDelay	0.986912	986912	1	2
3.44099	0	1	98	FullDelay	1.74467	1.74467e+06	2	2
3.45399	0	1	198	LastDelay	1.03404	1.03404e+06	1	6
3.45399	0	1	198	FullDelay	1.03404	1.03404e+06	1	6
3.46511	0	1	199	LastDelay	1.03834	1.03834e+06	1	6
3.46511	0	1	199	FullDelay	1.03834	1.03834e+06	1	6
3.48608	0	1	201	LastDelay	1.04565	1.04565e+06	1	6
3.48608	0	1	201	FullDelay	1.04565	1.04565e+06	1	6
3.49606	0	1	202	LastDelay	1.04881	1.04881e+06	1	6
3.49606	0	1	202	FullDelay	1.04881	1.04881e+06	1	6
3.50524	0	1	203	LastDelay	1.04433	1.04433e+06	1	6
3.50524	0	1	203	FullDelay	1.04433	1.04433e+06	1	6
3.52651	0	1	205	LastDelay	1.05195	1.05195e+06	1	6
3.52651	0	1	205	FullDelay	1.05195	1.05195e+06	1	6
3.54138	0	1	206	LastDelay	1.05999	1.05999e+06	1	6
3.54138	0	1	206	FullDelay	1.05999	1.05999e+06	1	6
3.55349	0	1	207	LastDelay	1.06528	1.06528e+06	1	6
3.55349	0	1	207	FullDelay	1.06528	1.06528e+06	1	6
3.5637	0	1	208	LastDelay	1.06866	1.06866e+06	1	6
3.5637	0	1	208	FullDelay	1.06866	1.06866e+06	1	6
3.57364	0	1	209	LastDelay	1.07178	1.07178e+06	1	6
3.57364	0	1	209	FullDelay	1.07178	1.07178e+06	1	6
3.58487	0	1	210	LastDelay	1.07617	1.07617e+06	1	6
3.58487	0	1	210	FullDelay	1.07617	1.07617e+06	1	6
3.59397	0	1	211	LastDelay	1.07845	1.07845e+06	1	6
3.59397	0	1	211	FullDelay	1.07845	1.07845e+06	1	6
3.60699	0	1	212	LastDelay	1.08465	1.08465e+06	1	6
3.60699	0	1	212	FullDelay	1.08465	1.08465e+06	1	6
3.61667	0	1	213	LastDelay	1.0875	1.0875e+06	1	6
3.61667	0	1	213	FullDelay	1.0875	1.0875e+06	1	6
3.62603	0	1	214	LastDelay	1.09003	1.09003e+06	1	6
3.62603	0	1	214	FullDelay	1.09003	1.09003e+06	1	6
3.64037	0	1	215	LastDelay	1.09754	1.09754e+06	1	6
3.64037	0	1	215	FullDelay	1.09754	1.09754e+06	1	6
3.65245	0	1	216	LastDelay	1.10279	1.10279e+06	1	6
3.65245	0	1	216	FullDelay	1.10279	1.10279e+06	1	6
3.67142	0	1	217	LastDelay	1.11494	1.11494e+06	1	6
3.67142	0	1	217	FullDelay	1.11494	1.11494e+06	1	6
3.69233	0	1	219	LastDelay	1.1222	1.1222e+06	1	6
3.69233	0	1	219	FullDelay	1.1222	1.1222e+06	1	6
3.71242	0	1	221	LastDelay	1.12864	1.12864e+06	1	6
3.71242	0	1	221	FullDelay	1.12864	1.12864e+06	1	6
3.73174	0	1	223	LastDelay	1.1343	1.1343e+06	1	6
3.73174	0	1	223	FullDelay	1.1343	1.1343e+06	1	6
3.74276	0	1	224	LastDelay	1.13849	1.13849e+06	1	6
3.74276	0	1	224	FullDelay	1.13849	1.13849e+06	1	6
3.75383	0	1	225	LastDelay	1.14274	1.14274e+06	1	6
3.75383	0	1	225	FullDelay	1.14274	1.14274e+06	1	6
3.76293	0	1	226	LastDelay	1.14501	1.14501e+06	1	6
3.76293	0	1	226	FullDelay	1.14501	1.14501e+06	1	6
3.7724	0	1	227	LastDelay	1.14766	1.14766e+06	1	6
3.7724	0	1	227	FullDelay	1.14766	1.14766e+06	1	6
3.78548	0	1	228	LastDelay	1.1539	1.1539e+06	1	6
3.78548	0	1	228	FullDelay	1.1539	1.1539e+06	1	6
3.7954	0	1	229	LastDelay	1.157	1.157e+06	1	6
3.7954	0	1	229	FullDelay	1.157	1.157e+06	1	6
3.80953	0	1	230	LastDelay	1.16431	1.16431e+06	1	6
3.80953	0	1	230	FullDelay	1.16431	1.16431e+06	1	6
3.81861	0	1	231	LastDelay	1.16656	1.16656e+06	1	6
3.81861	0	1	231	FullDelay	1.16656	1.16656e+06	1	6
3.82869	0	1	232	LastDelay	1.16981	1.16981e+06	1	6
3.82869	0	1	232	FullDelay	1.16981	1.16981e+06	1	6
3.83781	0	1	233	LastDelay	1.17211	1.17211e+06	1	6
3.83781	0	1	233	FullDelay	1.17211	1.17211e+06	1	6
3.85899	0	1	235	LastDelay	1.17963	1.17963e+06	1	6
3.85899	0	1	235	FullDelay	1.17963	1.17963e+06	1	6
3.88268	0	1	237	LastDelay	1.18966	1.18966e+06	1	6
3.88268	0	1	237	FullDelay	1.18966	1.18966e+06	1	6
3.89992	0	1	238	LastDelay	1.20008	1.20008e+06	1	6
3.89992	0	1	238	FullDelay	1.20008	1.20008e+06	1	6
3.91313	0	1	239	LastDelay	1.20647	1.20647e+06	1	6
3.91313	0	1	239	FullDelay	1.20647	1.20647e+06	1	6
3.92525	0	1	240	LastDelay	1.21175	1.21175e+06	1	6
3.92525	0	1	240	FullDelay	1.21175	1.21175e+06	1	6
3.93676	0	1	241	LastDelay	1.21644	1.21644e+06	1	6
3.93676	0	1	241	FullDelay	1.21644	1.21644e+06	1	6
3.95788	0	1	243	LastDelay	1.22391	1.22391e+06	1	6
3.95788	0	1	243	FullDelay	1.22391	1.22391e+06	1	6
3.96913	0	1	117	LastDelay	1.21468	1.21468e+06	1	2
3.96913	0	1	117	FullDelay	2.13628	2.13628e+06	2	2
3.97929	0	1	244	LastDelay	1.23849	1.23849e+06	1	6
3.97929	0	1	244	FullDelay	1.23849	1.23849e+06	1	6
3.99132	0	1	122	LastDelay	1.23004	1.23004e+06	1	2
3.99132	0	1	122	FullDelay	2.11751	2.11751e+06	2	2
4.00338	0	1	245	LastDelay	1.25575	1.25575e+06	1	6
4.00338	0	1	245	FullDelay	1.25575	1.25575e+06	1	6
4.0126	0	1	246	LastDelay	1.24449	1.24449e+06	1	6
4.0126	0	1	246	FullDelay	1.24449	1.24449e+06	1	6
4.02671	0	1	50	LastDelay	1.22447	1.22447e+06	1	2
4.02671	0	1	50	FullDelay	2.68538	2.68538e+06	3	2
4.03587	0	1	247	LastDelay	1.26093	1.26093e+06	1	6
4.03587	0	1	247	FullDelay	1.26093	1.26093e+06	1	6
4.04697	0	1	248	LastDelay	1.26521	1.26521e+06	1	6
4.04697	0	1	248	FullDelay	1.26521	1.26521e+06	1	6
4.05884	0	1	249	LastDelay	1.27025	1.27025e+06	1	6
4.05884	0	1	249	FullDelay	1.27025	1.27025e+06	1	6
4.06834	0	1	250	LastDelay	1.27293	1.27293e+06	1	6
4.06834	0	1	250	FullDelay	1.27293	1.27293e+06	1	6
4.08651	0	1	251	LastDelay	1.27744	1.27744e+06	1	6
4.08651	0	1	251	FullDelay	1.27744	1.27744e+06	1	6
4.09737	0	1	252	LastDelay	1.28148	1.28148e+06	1	6
4.09737	0	1	252	FullDelay	1.28148	1.28148e+06	1	6
4.11677	0	1	254	LastDelay	1.28722	1.28722e+06	1	6
4.11677	0	1	254	FullDelay	1.28722	1.28722e+06	1	6
4.12595	0	1	255	LastDelay	1.28957	1.28957e+06	1	6
4.12595	0	1	255	FullDelay	1.28957	1.28957e+06	1	6
4.1355	0	1	256	LastDelay	1.2923	1.2923e+06	1	6
4.1355	0	1	256	FullDelay	1.2923	1.2923e+06	1	6
4.16341	0	1	258	LastDelay	1.30655	1.30655e+06	1	6
4.16341	0	1	258	FullDelay	1.30655	1.30655e+06	1	6
4.17257	0	1	259	LastDelay	1.30889	1.30889e+06	1	6
4.17257	0	1	259	FullDelay	1.30889	1.30889e+06	1	6
4.18518	0	1	260	LastDelay	1.31468	1.31468e+06	1	6
4.18518	0	1	260	FullDelay	1.31468	1.31468e+06	1	6
4.19847	0	1	261	LastDelay	1.32114	1.32114e+06	1	6
4.19847	0	1	261	FullDelay	1.32114	1.32114e+06	1	6
4.20842	0	1	262	LastDelay	1.32427	1.32427e+06	1	6
4.20842	0	1	262	FullDelay	1.32427	1.32427e+06	1	6
4.22092	0	1	263	LastDelay	1.32993	1.32993e+06	1	6
4.22092	0	1	263	FullDelay	1.32993	1.32993e+06	1	6
4.23083	0	1	264	LastDelay	1.33302	1.33302e+06	1	6
4.23083	0	1	264	FullDelay	1.33302	1.33302e+06	1	6
4.24061	0	1	265	LastDelay	1.33597	1.33597e+06	1	6
4.24061	0	1	265	FullDelay	1.33597	1.33597e+06	1	6
4.26162	0	1	267	LastDelay	1.34332	1.34332e+06	1	6
4.26162	0	1	267	FullDelay	1.34332	1.34332e+06	1	6
4.27275	0	1	268	LastDelay	1.34763	1.34763e+06	1	6
4.27275	0	1	268	FullDelay	1.34763	1.34763e+06	1	6
4.28387	0	1	269	LastDelay	1.35192	1.35192e+06	1	6
4.28387	0	1	269	FullDelay	1.35192	1.35192e+06	1	6
4.29299	0	1	270	LastDelay	1.35422	1.35422e+06	1	6
4.29299	0	1	270	FullDelay	1.35422	1.35422e+06	1	6
4.31223	0	1	271	LastDelay	1.36663	1.36663e+06	1	6
4.31223	0	1	271	FullDelay	1.36663	1.36663e+06	1	6
4.33171	0	1	273	LastDelay	1.37246	1.37246e+06	1	6
4.33171	0	1	273	FullDelay	1.37246	1.37246e+06	1	6
4.34186	0	1	274	LastDelay	1.37578	1.37578e+06	1	6
4.34186	0	1	274	FullDelay	1.37578	1.37578e+06	1	6
4.35188	0	1	275	LastDelay	1.37897	1.37897e+06	1	6
4.35188	0	1	275	FullDelay	1.37897	1.37897e+06	1	6
4.3638	0	1	276	LastDelay	1.38407	1.38407e+06	1	6
4.3638	0	1	276	FullDelay	1.38407	1.38407e+06	1	6
4.37289	0	1	277	LastDelay	1.38633	1.38633e+06	1	6
4.37289	0	1	277	FullDelay	1.38633	1.38633e+06	1	6
4.38723	0	1	278	LastDelay	1.39384	1.39384e+06	1	6
4.38723	0	1	278	FullDelay	1.39384	1.39384e+06	1	6
4.39901	0	1	279	LastDelay	1.3988	1.3988e+06	1	6
4.39901	0	1	279	FullDelay	1.3988	1.3988e+06	1	6
4.40839	0	1	280	LastDelay	1.40135	1.40135e+06	1	6
4.40839	0	1	280	FullDelay	1.40135	1.40135e+06	1	6
4.42154	0	1	281	LastDelay	1.40767	1.40767e+06	1	6
4.42154	0	1	281	FullDelay	1.40767	1.40767e+06	1	6
4.43147	0	1	282	LastDelay	1.41078	1.41078e+06	1	6
4.43147	0	1	282	FullDelay	1.41078	1.41078e+06	1	6
4.44329	0	1	283	LastDelay	1.41577	1.41577e+06	1	6
4.44329	0	1	283	FullDelay	1.41577	1.41577e+06	1	6
4.46358	0	1	285	LastDelay	1.42241	1.42241e+06	1	6
4.46358	0	1	285	FullDelay	1.42241	1.42241e+06	1	6
4.49056	0	1	287	LastDelay	1.43573	1.43573e+06	1	6
4.49056	0	1	287	FullDelay	1.43573	1.43573e+06	1	6
4.50223	0	1	288	LastDelay	1.44058	1.44058e+06	1	6
4.50223	0	1	288	FullDelay	1.44058	1.44058e+06	1	6
4.53426	0	1	290	LastDelay	1.45896	1.45896e+06	1	6
4.53426	0	1	290	FullDelay	1.45896	1.45896e+06	1	6
4.55689	0	1	292	LastDelay	1.46793	1.46793e+06	1	6
4.55689	0	1	292	FullDelay	1.46793	1.46793e+06	1	6
4.56598	0	1	293	LastDelay	1.47019	1.47019e+06	1	6
4.56598	0	1	293	FullDelay	1.47019	1.47019e+06	1	6
4.57504	0	1	294	LastDelay	1.46561	1.46561e+06	1	6
4.57504	0	1	294	FullDelay	1.46561	1.46561e+06	1	6
4.5903	0	1	152	LastDelay	1.4399	1.4399e+06	1	2
4.5903	0	1	152	FullDelay	2.50486	2.50486e+06	2	2
4.60699	0	1	295	LastDelay	1.49072	1.49072e+06	1	6
4.60699	0	1	295	FullDelay	1.49072	1.49072e+06	1	6
4.61836	0	1	296	LastDelay	1.49526	1.49526e+06	1	6
4.61836	0	1	296	FullDelay	1.49526	1.49526e+06	1	6
4.6278	0	1	297	LastDelay	1.49788	1.49788e+06	1	6
4.6278	0	1	297	FullDelay	1.49788	1.49788e+06	1	6
4.63888	0	1	298	LastDelay	1.50213	1.50213e+06	1	6
4.63888	0	1	298	FullDelay	1.50213	1.50213e+06	1	6
4.64821	0	1	299	LastDelay	1.50463	1.50463e+06	1	6
4.64821	0	1	299	FullDelay	1.50463	1.50463e+06	1	6
4.66924	0	1	301	LastDelay	1.50518	1.50518e+06	1	6
4.66924	0	1	301	FullDelay	1.50518	1.50518e+06	1	6
4.67931	0	1	302	LastDelay	1.50843	1.50843e+06	1	6
4.67931	0	1	302	FullDelay	1.50843	1.50843e+06	1	6
4.69196	0	1	303	LastDelay	1.51425	1.51425e+06	1	6
4.69196	0	1	303	FullDelay	1.51425	1.51425e+06	1	6
4.71187	0	1	305	LastDelay	1.52051	1.52051e+06	1	6
4.71187	0	1	305	FullDelay	1.52051	1.52051e+06	1	6
4.72364	0	1	158	LastDelay	1.51863	1.51863e+06	1	2
4.72364	0	1	158	FullDelay	2.59041	2.59041e+06	2	2
4.73391	0	1	306	LastDelay	1.53572	1.53572e+06	1	6
4.73391	0	1	306	FullDelay	1.53572	1.53572e+06	1	6
4.74587	0	1	161	LastDelay	1.53403	1.53403e+06	1	2
4.74587	0	1	161	FullDelay	2.59217	2.59217e+06	2	2
4.7599	0	1	307	LastDelay	1.54124	1.54124e+06	1	6
4.7599	0	1	307	FullDelay	1.54124	1.54124e+06	1	6
4.76936	0	1	308	LastDelay	1.54387	1.54387e+06	1	6
4.76936	0	1	308	FullDelay	1.54387	1.54387e+06	1	6
4.78046	0	1	309	LastDelay	1.54814	1.54814e+06	1	6
4.78046	0	1	309	FullDelay	1.54814	1.54814e+06	1	6
4.79648	0	1	310	LastDelay	1.55733	1.55733e+06	1	6
4.79648	0	1	310	FullDelay	1.55733	1.55733e+06	1	6
4.80757	0	1	311	LastDelay	1.5616	1.5616e+06	1	6
4.80757	0	1	311	FullDelay	1.5616	1.5616e+06	1	6
4.82117	0	1	312	LastDelay	1.56837	1.56837e+06	1	6
4.82117	0	1	312	FullDelay	1.56837	1.56837e+06	1	6
4.8313	0	1	313	LastDelay	1.57168	1.57168e+06	1	6
4.8313	0	1	313	FullDelay	1.57168	1.57168e+06	1	6
4.84232	0	1	314	LastDelay	1.57587	1.57587e+06	1	6
4.84232	0	1	314	FullDelay	1.57587	1.57587e+06	1	6
4.86589	0	1	316	LastDelay	1.58578	1.58578e+06	1	6
4.86589	0	1	316	FullDelay	1.58578	1.58578e+06	1	6
4.87604	0	1	317	LastDelay	1.58911	1.58911e+06	1	6
4.87604	0	1	317	FullDelay	1.58911	1.58911e+06	1	6
4.89414	0	1	318	LastDelay	1.60038	1.60038e+06	1	6
4.89414	0	1	318	FullDelay	1.60038	1.60038e+06	1	6
4.91617	0	1	320	LastDelay	1.60875	1.60875e+06	1	6
4.91617	0	1	320	FullDelay	1.60875	1.60875e+06	1	6
4.9262	0	1	321	LastDelay	1.61196	1.61196e+06	1	6
4.9262	0	1	321	FullDelay	1.61196	1.61196e+06	1	6
4.93541	0	1	322	LastDelay	1.61434	1.61434e+06	1	6
4.93541	0	1	322	FullDelay	1.61434	1.61434e+06	1	6
4.94447	0	1	323	LastDelay	1.61658	1.61658e+06	1	6
4.94447	0	1	323	FullDelay	1.61658	1.61658e+06	1	6
4.95754	0	1	324	LastDelay	1.62282	1.62282e+06	1	6
4.95754	0	1	324	FullDelay	1.62282	1.62282e+06	1	6
4.96831	0	1	172	LastDelay	1.61311	1.61311e+06	1	2
4.96831	0	1	172	FullDelay	2.73951	2.73951e+06	2	2
4.9783	0	1	325	LastDelay	1.63675	1.63675e+06	1	6
4.9783	0	1	325	FullDelay	1.63675	1.63675e+06	1	6
4.98936	0	1	326	LastDelay	1.64098	1.64098e+06	1	6
4.98936	0	1	326	FullDelay	1.64098	1.64098e+06	1	6
4.99844	0	1	327	LastDelay	1.63642	1.63642e+06	1	6
4.99844	0	1	327	FullDelay	1.63642	1.63642e+06	1	6
5.02263	0	1	329	LastDelay	1.64695	1.64695e+06	1	6
5.02263	0	1	329	FullDelay	1.64695	1.64695e+06	1	6
5.03175	0	1	330	LastDelay	1.64925	1.64925e+06	1	6
5.03175	0	1	330	FullDelay	1.64925	1.64925e+06	1	6
5.05451	0	1	332	LastDelay	1.65835	1.65835e+06	1	6
5.05451	0	1	332	FullDelay	1.65835	1.65835e+06	1	6
5.06654	0	1	333	LastDelay	1.66355	1.66355e+06	1	6
5.06654	0	1	333	FullDelay	1.66355	1.66355e+06	1	6
5.08037	0	1	334	LastDelay	1.67056	1.67056e+06	1	6
5.08037	0	1	334	FullDelay	1.67056	1.67056e+06	1	6
5.09687	0	1	335	LastDelay	1.68023	1.68023e+06	1	6
5.09687	0	1	335	FullDelay	1.68023	1.68023e+06	1	6
5.10596	0	1	336	LastDelay	1.68249	1.68249e+06	1	6
5.10596	0	1	336	FullDelay	1.68249	1.68249e+06	1	6
5.11576	0	1	337	LastDelay	1.68547	1.68547e+06	1	6
5.11576	0	1	337	FullDelay	1.68547	1.68547e+06	1	6
5.12483	0	1	338	LastDelay	1.68771	1.68771e+06	1	6
5.12483	0	1	338	FullDelay	1.68771	1.68771e+06	1	6
5.13488	0	1	339	LastDelay	1.69094	1.69094e+06	1	6
5.13488	0	1	339	FullDelay	1.69094	1.69094e+06	1	6
5.14416	0	1	340	LastDelay	1.69338	1.69338e+06	1	6
5.14416	0	1	340	FullDelay	1.69338	1.69338e+06	1	6
5.15332	0	1	341	LastDelay	1.69572	1.69572e+06	1	6
5.15332	0	1	341	FullDelay	1.69572	1.69572e+06	1	6
5.16833	0	1	342	LastDelay	1.7039	1.7039e+06	1	6
5.16833	0	1	342	FullDelay	1.7039	1.7039e+06	1	6
5.17869	0	1	343	LastDelay	1.70744	1.70744e+06	1	6
5.17869	0	1	343	FullDelay	1.70744	1.70744e+06	1	6
5.18804	0	1	344	LastDelay	1.70996	1.70996e+06	1	6
5.18804	0	1	344	FullDelay	1.70996	1.70996e+06	1	6
5.20345	0	1	345	LastDelay	1.71854	1.71854e+06	1	6
5.20345	0	1	345	FullDelay	1.71854	1.71854e+06	1	6
5.21442	0	1	346	LastDelay	1.72269	1.72269e+06	1	6
5.21442	0	1	346	FullDelay	1.72269	1.72269e+06	1	6
5.22365	0	1	347	LastDelay	1.72509	1.72509e+06	1	6
5.22365	0	1	347	FullDelay	1.72509	1.72509e+06	1	6
5.23674	0	1	348	LastDelay	1.73135	1.73135e+06	1	6
5.23674	0	1	348	FullDelay	1.73135	1.73135e+06	1	6
5.25546	0	1	350	LastDelay	1.73642	1.73642e+06	1	6
5.25546	0	1	350	FullDelay	1.73642	1.73642e+06	1	6
5.26574	0	1	351	LastDelay	1.73987	1.73987e+06	1	6
5.26574	0	1	351	FullDelay	1.73987	1.73987e+06	1	6
5.28179	0	1	352	LastDelay	1.7491	1.7491e+06	1	6
5.28179	0	1	352	FullDelay	1.7491	1.7491e+06	1	6
5.29284	0	1	353	LastDelay	1.75332	1.75332e+06	1	6
5.29284	0	1	353	FullDelay	1.75332	1.75332e+06	1	6
5.30195	0	1	354	LastDelay	1.7556	1.7556e+06	1	6
5.30195	0	1	354	FullDelay	1.7556	1.7556e+06	1	6
5.31105	0	1	355	LastDelay	1.75788	1.75788e+06	1	6
5.31105	0	1	355	FullDelay	1.75788	1.75788e+06	1	6
5.32088	0	1	356	LastDelay	1.76088	1.76088e+06	1	6
5.32088	0	1	356	FullDelay	1.76088	1.76088e+06	1	6
5.32994	0	1	357	LastDelay	1.76312	1.76312e+06	1	6
5.32994	0	1	357	FullDelay	1.76312	1.76312e+06	1	6
5.34346	0	1	358	LastDelay	1.76981	1.76981e+06	1	6
5.34346	0	1	358	FullDelay	1.76981	1.76981e+06	1	6
5.35277	0	1	359	LastDelay	1.77229	1.77229e+06	1	6
5.35277	0	1	359	FullDelay	1.77229	1.77229e+06	1	6
5.36956	0	1	360	LastDelay	1.78226	1.78226e+06	1	6
5.36956	0	1	360	FullDelay	1.78226	1.78226e+06	1	6
5.37895	0	1	361	LastDelay	1.78482	1.78482e+06	1	6
5.37895	0	1	361	FullDelay	1.78482	1.78482e+06	1	6
5.39009	0	1	362	LastDelay	1.78913	1.78913e+06	1	6
5.39009	0	1	362	FullDelay	1.78913	1.78913e+06	1	6
5.42681	0	1	365	LastDelay	1.80537	1.80537e+06	1	6
5.42681	0	1	365	FullDelay	1.80537	1.80537e+06	1	6
5.43622	0	1	366	LastDelay	1.80795	1.80795e+06	1	6
5.43622	0	1	366	FullDelay	1.80795	1.80795e+06	1	6
5.44645	0	1	367	LastDelay	1.81136	1.81136e+06	1	6
5.44645	0	1	367	FullDelay	1.81136	1.81136e+06	1	6
5.45913	0	1	368	LastDelay	1.81721	1.81721e+06	1	6
5.45913	0	1	368	FullDelay	1.81721	1.81721e+06	1	6
5.48373	0	1	369	LastDelay	1.83498	1.83498e+06	1	6
5.48373	0	1	369	FullDelay	1.83498	1.83498e+06	1	6
5.49391	0	1	370	LastDelay	1.83151	1.83151e+06	1	6
5.49391	0	1	370	FullDelay	1.83151	1.83151e+06	1	6
7.11632	0	1	844	LastDelay	0.0405878	40587.8	1	6
7.11632	0	1	844	FullDelay	0.0405878	40587.8	1	6
7.12657	0	1	845	LastDelay	0.0440074	44007.4	1	6
7.12657	0	1	845	FullDelay	0.0440074	44007.4	1	6
7.17428	0	1	846	LastDelay	0.0848904	84890.4	1	6
7.17428	0	1	846	FullDelay	0.0848904	84890.4	1	6
7.18441	0	1	847	LastDelay	0.0881964	88196.4	1	6
7.18441	0	1	847	FullDelay	0.0881964	88196.4	1	6
7.27419	0	1	850	LastDelay	0.157495	157495	1	6
7.27419	0	1	850	FullDelay	0.157495	157495	1	6
7.29642	0	1	851	LastDelay	0.1729	172900	1	6
7.29642	0	1	851	FullDelay	0.1729	172900	1	6
7.31589	0	1	852	LastDelay	0.185546	185546	1	6
7.31589	0	1	852	FullDelay	0.185546	185546	1	6
7.32506	0	1	853	LastDelay	0.187885	187885	1	6
7.32506	0	1	853	FullDelay	0.187885	187885	1	6
7.33623	0	1	854	LastDelay	0.192232	192232	1	6
7.33623	0	1	854	FullDelay	0.192232	192232	1	6
7.35814	0	1	855	LastDelay	0.207309	207309	1	6
7.35814	0	1	855	FullDelay	0.207309	207309	1	6
7.3684	0	1	856	LastDelay	0.210749	210749	1	6
7.3684	0	1	856	FullDelay	0.210749	210749	1	6
7.40232	0	1	857	LastDelay	0.237839	237839	1	6
7.40232	0	1	857	FullDelay	0.237839	237839	1	6
7.4115	0	1	858	LastDelay	0.240198	240198	1	6
7.4115	0	1	858	FullDelay	0.240198	240198	1	6
7.45624	0	1	859	LastDelay	0.278107	278107	1	6
7.45624	0	1	859	FullDelay	0.278107	278107	1	6
7.46535	0	1	860	LastDelay	0.280386	280386	1	6
7.46535	0	1	860	FullDelay	0.280386	280386	1	6
7.48801	0	1	861	LastDelay	0.296227	296227	1	6
7.48801	0	1	861	FullDelay	0.296227	296227	1	6
7.50651	0	1	862	LastDelay	0.307895	307895	1	6
7.50651	0	1	862	FullDelay	0.307895	307895	1	6
7.52757	0	1	863	LastDelay	0.322133	322133	1	6
7.52757	0	1	863	FullDelay	0.322133	322133	1	6
7.53664	0	1	864	LastDelay	0.324373	324373	1	6
7.53664	0	1	864	FullDelay	0.324373	324373	1	6
7.60708	0	1	866	LastDelay	0.38116	381160	1	6
7.60708	0	1	866	FullDelay	0.38116	381160	1	6
7.64468	0	1	867	LastDelay	0.411937	411937	1	6
7.64468	0	1	867	FullDelay	0.411937	411937	1	6
7.65558	0	1	868	LastDelay	0.416009	416009	1	6
7.65558	0	1	868	FullDelay	0.416009	416009	1	6
7.66543	0	1	869	LastDelay	0.419028	419028	1	6
7.66543	0	1	869	FullDelay	0.419028	419028	1	6
7.67449	0	1	870	LastDelay	0.421267	421267	1	6
7.67449	0	1	870	FullDelay	0.421267	421267	1	6
7.68447	0	1	871	LastDelay	0.424413	424413	1	6
7.68447	0	1	871	FullDelay	0.424413	424413	1	6
7.70433	0	1	872	LastDelay	0.437448	437448	1	6
7.70433	0	1	872	FullDelay	0.437448	437448	1	6
7.73573	0	1	873	LastDelay	0.462025	462025	1	6
7.73573	0	1	873	FullDelay	0.462025	462025	1	6
7.74509	0	1	874	LastDelay	0.464561	464561	1	6
7.74509	0	1	874	FullDelay	0.464561	464561	1	6
7.7556	0	1	875	LastDelay	0.468239	468239	1	6
7.7556	0	1	875	FullDelay	0.468239	468239	1	6
7.78402	0	1	876	LastDelay	0.489831	489831	1	6
7.78402	0	1	876	FullDelay	0.489831	489831	1	6
7.81563	0	1	878	LastDelay	0.507795	507795	1	6
7.81563	0	1	878	FullDelay	0.507795	507795	1	6
7.87881	0	1	881	LastDelay	0.550491	550491	1	6
7.87881	0	1	881	FullDelay	0.550491	550491	1	6
7.90103	0	1	882	LastDelay	0.565889	565889	1	6
7.90103	0	1	882	FullDelay	0.565889	565889	1	6
7.91016	0	1	883	LastDelay	0.568188	568188	1	6
7.91016	0	1	883	FullDelay	0.568188	568188	1	6
7.93364	0	1	195	LastDelay	0.578011	578011	1	4
7.93364	0	1	195	FullDelay	5.541	5.541e+06	3	4
7.96763	0	1	884	LastDelay	0.618829	618829	1	6
7.96763	0	1	884	FullDelay	0.618829	618829	1	6
7.97856	0	1	200	LastDelay	0.616106	616106	1	4
7.97856	0	1	200	FullDelay	5.54496	5.54496e+06	3	4
7.99093	0	1	204	LastDelay	0.621654	621654	1	4
7.99093	0	1	204	FullDelay	5.5232	5.5232e+06	3	4
8.02123	0	1	371	LastDelay	0.645121	645121	1	4
8.02123	0	1	371	FullDelay	4.352	4.352e+06	2	4
8.03404	0	1	372	LastDelay	0.651103	651103	1	4
8.03404	0	1	372	FullDelay	4.35798	4.35798e+06	2	4
8.04601	0	1	373	LastDelay	0.656248	656248	1	4
8.04601	0	1	373	FullDelay	4.36313	4.36313e+06	2	4
8.06597	0	1	374	LastDelay	0.669386	669386	1	4
8.06597	0	1	374	FullDelay	4.37627	4.37627e+06	2	4
8.08792	0	1	218	LastDelay	0.68451	684510	1	4
8.08792	0	1	218	FullDelay	5.52462	5.52462e+06	3	4
8.1253	0	1	220	LastDelay	0.715061	715061	1	4
8.1253	0	1	220	FullDelay	5.54834	5.54834e+06	3	4
8.13768	0	1	222	LastDelay	0.720612	720612	1	4
8.13768	0	1	222	FullDelay	5.54707	5.54707e+06	3	4
8.1567	0	1	234	LastDelay	0.732803	732803	1	4
8.1567	0	1	234	FullDelay	5.48416	5.48416e+06	3	4
8.19022	0	1	236	LastDelay	0.7595	759500	1	4
8.19022	0	1	236	FullDelay	5.50403	5.50403e+06	3	4
8.19942	0	1	242	LastDelay	0.761872	761872	1	4
8.19942	0	1	242	FullDelay	5.47227	5.47227e+06	3	4
8.20937	0	1	253	LastDelay	0.765001	765001	1	4
8.20937	0	1	253	FullDelay	5.38665	5.38665e+06	3	4
8.23196	0	1	149	LastDelay	0.780762	780762	1	4
8.23196	0	1	149	FullDelay	6.167	6.167e+06	4	4
8.31174	0	1	272	LastDelay	0.840057	840057	1	4
8.31174	0	1	272	FullDelay	5.35931	5.35931e+06	3	4
8.32314	0	1	284	LastDelay	0.844638	844638	1	4
8.32314	0	1	284	FullDelay	5.2888	5.2888e+06	3	4
8.33221	0	1	286	LastDelay	0.846877	846877	1	4
8.33221	0	1	286	FullDelay	5.28421	5.28421e+06	3	4
8.34154	0	1	289	LastDelay	0.84938	849380	1	4
8.34154	0	1	289	FullDelay	5.27306	5.27306e+06	3	4
8.35061	0	1	291	LastDelay	0.85162	851620	1	4
8.35061	0	1	291	FullDelay	5.26847	5.26847e+06	3	4
8.37989	0	1	300	LastDelay	0.874081	874081	1	4
8.37989	0	1	300	FullDelay	5.22267	5.22267e+06	3	4
8.40393	0	1	304	LastDelay	0.891293	891293	1	4
8.40393	0	1	304	FullDelay	5.2194	5.2194e+06	3	4
8.41316	0	1	315	LastDelay	0.893692	893692	1	4
8.41316	0	1	315	FullDelay	5.13988	5.13988e+06	3	4
8.42322	0	1	319	LastDelay	0.896926	896926	1	4
8.42322	0	1	319	FullDelay	5.12263	5.12263e+06	3	4
8.43674	0	1	328	LastDelay	0.903621	903621	1	4
8.43674	0	1	328	FullDelay	5.06789	5.06789e+06	3	4
8.45757	0	1	331	LastDelay	0.917628	917628	1	4
8.45757	0	1	331	FullDelay	5.06824	5.06824e+06	3	4
8.49982	0	1	349	LastDelay	0.953048	953048	1	4
8.49982	0	1	349	FullDelay	4.98761	4.98761e+06	3	4
8.50903	0	1	363	LastDelay	0.955427	955427	1	4
8.50903	0	1	363	FullDelay	4.90124	4.90124e+06	3	4
8.53832	0	1	364	LastDelay	0.977892	977892	1	4
8.53832	0	1	364	FullDelay	4.9237	4.9237e+06	3	4
8.5658	0	1	375	LastDelay	0.998544	998544	1	4
8.5658	0	1	375	FullDelay	4.86926	4.86926e+06	2	4
8.57494	0	1	376	LastDelay	1.00086	1.00086e+06	1	4
8.57494	0	1	376	FullDelay	4.86476	4.86476e+06	2	4
8.5865	0	1	377	LastDelay	1.00559	1.00559e+06	1	4
8.5865	0	1	377	FullDelay	4.86949	4.86949e+06	2	4
8.5975	0	1	378	LastDelay	1.00977	1.00977e+06	1	4
8.5975	0	1	378	FullDelay	4.87366	4.87366e+06	2	4
8.6194	0	1	379	LastDelay	1.02484	1.02484e+06	1	4
8.6194	0	1	379	FullDelay	4.88873	4.88873e+06	2	4
8.63025	0	1	380	LastDelay	1.02887	1.02887e+06	1	4
8.63025	0	1	380	FullDelay	4.89276	4.89276e+06	2	4
8.64117	0	1	381	LastDelay	1.03296	1.03296e+06	1	4
8.64117	0	1	381	FullDelay	4.89685	4.89685e+06	2	4
8.65121	0	1	382	LastDelay	1.03617	1.03617e+06	1	4
8.65121	0	1	382	FullDelay	4.89323	4.89323e+06	2	4
8.66226	0	1	383	LastDelay	1.0404	1.0404e+06	1	4
8.66226	0	1	383	FullDelay	4.89747	4.89747e+06	2	4
8.68208	0	1	384	LastDelay	1.05339	1.05339e+06	1	4
8.68208	0	1	384	FullDelay	4.91046	4.91046e+06	2	4
8.73781	0	1	385	LastDelay	1.10229	1.10229e+06	1	4
8.73781	0	1	385	FullDelay	4.95935	4.95935e+06	2	4
8.7789	0	1	386	LastDelay	1.13656	1.13656e+06	1	4
8.7789	0	1	386	FullDelay	4.99362	4.99362e+06	2	4
8.79801	0	1	387	LastDelay	1.14884	1.14884e+06	1	4
8.79801	0	1	387	FullDelay	5.00591	5.00591e+06	2	4
8.81266	0	1	388	LastDelay	1.15666	1.15666e+06	1	4
8.81266	0	1	388	FullDelay	5.01373	5.01373e+06	2	4
8.88382	0	1	391	LastDelay	1.20735	1.20735e+06	1	4
8.88382	0	1	391	FullDelay	5.06441	5.06441e+06	2	4
8.89301	0	1	392	LastDelay	1.2097	1.2097e+06	1	4
8.89301	0	1	392	FullDelay	5.06677	5.06677e+06	2	4
8.90308	0	1	393	LastDelay	1.21295	1.21295e+06	1	4
8.90308	0	1	393	FullDelay	5.07002	5.07002e+06	2	4
8.92134	0	1	394	LastDelay	1.22438	1.22438e+06	1	4
8.92134	0	1	394	FullDelay	5.08144	5.08144e+06	2	4
8.93129	0	1	395	LastDelay	1.2275	1.2275e+06	1	4
8.93129	0	1	395	FullDelay	5.08457	5.08457e+06	2	4
9.12612	0	1	398	LastDelay	1.40185	1.40185e+06	1	4
9.12612	0	1	398	FullDelay	5.25892	5.25892e+06	2	4
9.31395	0	1	399	LastDelay	1.58286	1.58286e+06	1	4
9.31395	0	1	399	FullDelay	5.43992	5.43992e+06	2	4
9.32303	0	1	400	LastDelay	1.58512	1.58512e+06	1	4
9.32303	0	1	400	FullDelay	5.44218	5.44218e+06	2	4
9.35993	0	1	401	LastDelay	1.61518	1.61518e+06	1	4
9.35993	0	1	401	FullDelay	5.47225	5.47225e+06	2	4
9.3789	0	1	403	LastDelay	1.62051	1.62051e+06	1	4
9.3789	0	1	403	FullDelay	5.47074	5.47074e+06	2	4
9.4053	0	1	404	LastDelay	1.64008	1.64008e+06	1	4
9.4053	0	1	404	FullDelay	5.49032	5.49032e+06	2	4
9.42438	0	1	405	LastDelay	1.65233	1.65233e+06	1	4
9.42438	0	1	405	FullDelay	5.50257	5.50257e+06	2	4
9.44334	0	1	406	LastDelay	1.66446	1.66446e+06	1	4
9.44334	0	1	406	FullDelay	5.5147	5.5147e+06	2	4
9.45244	0	1	407	LastDelay	1.66674	1.66674e+06	1	4
9.45244	0	1	407	FullDelay	5.51697	5.51697e+06	2	4
9.46749	0	1	408	LastDelay	1.67495	1.67495e+06	1	4
9.46749	0	1	408	FullDelay	5.52519	5.52519e+06	2	4
9.48706	0	1	409	LastDelay	1.6877	1.6877e+06	1	4
9.48706	0	1	409	FullDelay	5.53794	5.53794e+06	2	4
9.51609	0	1	410	LastDelay	1.7099	1.7099e+06	1	4
9.51609	0	1	410	FullDelay	5.54649	5.54649e+06	2	4
9.52942	0	1	411	LastDelay	1.7164	1.7164e+06	1	4
9.52942	0	1	411	FullDelay	5.55299	5.55299e+06	2	4
9.53848	0	1	412	LastDelay	1.71864	1.71864e+06	1	4
9.53848	0	1	412	FullDelay	5.55523	5.55523e+06	2	4
9.5484	0	1	413	LastDelay	1.72173	1.72173e+06	1	4
9.5484	0	1	413	FullDelay	5.55832	5.55832e+06	2	4
9.55919	0	1	414	LastDelay	1.7257	1.7257e+06	1	4
9.55919	0	1	414	FullDelay	5.56229	5.56229e+06	2	4
9.56915	0	1	415	LastDelay	1.72883	1.72883e+06	1	4
9.56915	0	1	415	FullDelay	5.56541	5.56541e+06	2	4
9.5952	0	1	416	LastDelay	1.74806	1.74806e+06	1	4
9.5952	0	1	416	FullDelay	5.58464	5.58464e+06	2	4
9.60557	0	1	417	LastDelay	1.7516	1.7516e+06	1	4
9.60557	0	1	417	FullDelay	5.58819	5.58819e+06	2	4
9.61764	0	1	418	LastDelay	1.75684	1.75684e+06	1	4
9.61764	0	1	418	FullDelay	5.59343	5.59343e+06	2	4
9.62687	0	1	419	LastDelay	1.75924	1.75924e+06	1	4
9.62687	0	1	419	FullDelay	5.59583	5.59583e+06	2	4
9.63702	0	1	420	LastDelay	1.76257	1.76257e+06	1	4
9.63702	0	1	420	FullDelay	5.59916	5.59916e+06	2	4
9.64843	0	1	421	LastDelay	1.76715	1.76715e+06	1	4
9.64843	0	1	421	FullDelay	5.60374	5.60374e+06	2	4
9.66161	0	1	422	LastDelay	1.7735	1.7735e+06	1	4
9.66161	0	1	422	FullDelay	5.61009	5.61009e+06	2	4
9.67073	0	1	423	LastDelay	1.7758	1.7758e+06	1	4
9.67073	0	1	423	FullDelay	5.61239	5.61239e+06	2	4
9.68639	0	1	424	LastDelay	1.78463	1.78463e+06	1	4
9.68639	0	1	424	FullDelay	5.62122	5.62122e+06	2	4
9.69594	0	1	425	LastDelay	1.78735	1.78735e+06	1	4
9.69594	0	1	425	FullDelay	5.62394	5.62394e+06	2	4
9.71638	0	1	426	LastDelay	1.80097	1.80097e+06	1	4
9.71638	0	1	426	FullDelay	5.63755	5.63755e+06	2	4
9.72556	0	1	427	LastDelay	1.80333	1.80333e+06	1	4
9.72556	0	1	427	FullDelay	5.63991	5.63991e+06	2	4
9.73483	0	1	428	LastDelay	1.80576	1.80576e+06	1	4
9.73483	0	1	428	FullDelay	5.64235	5.64235e+06	2	4
9.744	0	1	429	LastDelay	1.8081	1.8081e+06	1	4
9.744	0	1	429	FullDelay	5.64469	5.64469e+06	2	4
9.75328	0	1	430	LastDelay	1.81056	1.81056e+06	1	4
9.75328	0	1	430	FullDelay	5.64715	5.64715e+06	2	4
9.76355	0	1	431	LastDelay	1.81401	1.81401e+06	1	4
9.76355	0	1	431	FullDelay	5.65059	5.65059e+06	2	4
9.77702	0	1	432	LastDelay	1.82065	1.82065e+06	1	4
9.77702	0	1	432	FullDelay	5.65724	5.65724e+06	2	4
9.78617	0	1	433	LastDelay	1.82297	1.82297e+06	1	4
9.78617	0	1	433	FullDelay	5.65955	5.65955e+06	2	4
9.8123	0	1	435	LastDelay	1.83545	1.83545e+06	1	4
9.8123	0	1	435	FullDelay	5.67204	5.67204e+06	2	4
9.82465	0	1	436	LastDelay	1.84097	1.84097e+06	1	4
9.82465	0	1	436	FullDelay	5.67755	5.67755e+06	2	4
9.84485	0	1	437	LastDelay	1.85434	1.85434e+06	1	4
9.84485	0	1	437	FullDelay	5.67727	5.67727e+06	2	4
9.85399	0	1	438	LastDelay	1.85666	1.85666e+06	1	4
9.85399	0	1	438	FullDelay	5.67959	5.67959e+06	2	4
9.8638	0	1	439	LastDelay	1.85964	1.85964e+06	1	4
9.8638	0	1	439	FullDelay	5.68258	5.68258e+06	2	4
9.87289	0	1	440	LastDelay	1.8619	1.8619e+06	1	4
9.87289	0	1	440	FullDelay	5.68484	5.68484e+06	2	4
9.88942	0	1	441	LastDelay	1.87161	1.87161e+06	1	4
9.88942	0	1	441	FullDelay	5.69454	5.69454e+06	2	4
9.89923	0	1	442	LastDelay	1.87459	1.87459e+06	1	4
9.89923	0	1	442	FullDelay	5.6907	5.6907e+06	2	4
9.91081	0	1	443	LastDelay	1.87934	1.87934e+06	1	4
9.91081	0	1	443	FullDelay	5.69545	5.69545e+06	2	4
9.92263	0	1	444	LastDelay	1.88434	1.88434e+06	1	4
9.92263	0	1	444	FullDelay	5.70045	5.70045e+06	2	4
9.93683	0	1	445	LastDelay	1.89171	1.89171e+06	1	4
9.93683	0	1	445	FullDelay	5.70782	5.70782e+06	2	4
9.94622	0	1	446	LastDelay	1.89427	1.89427e+06	1	4
9.94622	0	1	446	FullDelay	5.71038	5.71038e+06	2	4
9.9553	0	1	447	LastDelay	1.89653	1.89653e+06	1	4
9.9553	0	1	447	FullDelay	5.71264	5.71264e+06	2	4
9.9664	0	1	448	LastDelay	1.9008	1.9008e+06	1	4
9.9664	0	1	448	FullDelay	5.71691	5.71691e+06	2	4
9.97585	0	1	449	LastDelay	1.90342	1.90342e+06	1	4
9.97585	0	1	449	FullDelay	5.71953	5.71953e+06	2	4
9.98882	0	1	450	LastDelay	1.90957	1.90957e+06	1	4
9.98882	0	1	450	FullDelay	5.72567	5.72567e+06	2	4
9.99793	0	1	451	LastDelay	1.91185	1.91185e+06	1	4
9.99793	0	1	451	FullDelay	5.72795	5.72795e+06	2	4
10.013	0	1	452	LastDelay	1.92014	1.92014e+06	1	4
10.013	0	1	452	FullDelay	5.73624	5.73624e+06	2	4
10.0256	0	1	453	LastDelay	1.92588	1.92588e+06	1	4
10.0256	0	1	453	FullDelay	5.74198	5.74198e+06	2	4
10.0347	0	1	454	LastDelay	1.92816	1.92816e+06	1	4
10.0347	0	1	454	FullDelay	5.74426	5.74426e+06	2	4
10.0446	0	1	455	LastDelay	1.93124	1.93124e+06	1	4
10.0446	0	1	455	FullDelay	5.74735	5.74735e+06	2	4
10.0632	0	1	456	LastDelay	1.943	1.943e+06	1	4
10.0632	0	1	456	FullDelay	5.75911	5.75911e+06	2	4
10.0732	0	1	457	LastDelay	1.94613	1.94613e+06	1	4
10.0732	0	1	457	FullDelay	5.76224	5.76224e+06	2	4
10.0824	0	1	458	LastDelay	1.94851	1.94851e+06	1	4
10.0824	0	1	458	FullDelay	5.76461	5.76461e+06	2	4
10.1042	0	1	460	LastDelay	1.95669	1.95669e+06	1	4
10.1042	0	1	460	FullDelay	5.7728	5.7728e+06	2	4
10.1175	0	1	461	LastDelay	1.96317	1.96317e+06	1	4
10.1175	0	1	461	FullDelay	5.77928	5.77928e+06	2	4
10.1384	0	1	463	LastDelay	1.97043	1.97043e+06	1	4
10.1384	0	1	463	FullDelay	5.77971	5.77971e+06	2	4
10.151	0	1	464	LastDelay	1.97617	1.97617e+06	1	4
10.151	0	1	464	FullDelay	5.78545	5.78545e+06	2	4
10.1733	0	1	466	LastDelay	1.98479	1.98479e+06	1	4
10.1733	0	1	466	FullDelay	5.79407	5.79407e+06	2	4
10.1875	0	1	467	LastDelay	1.99219	1.99219e+06	1	4
10.1875	0	1	467	FullDelay	5.80147	5.80147e+06	2	4
10.1975	0	1	468	LastDelay	1.99538	1.99538e+06	1	4
10.1975	0	1	468	FullDelay	5.80466	5.80466e+06	2	4
10.2075	0	1	469	LastDelay	1.99858	1.99858e+06	1	4
10.2075	0	1	469	FullDelay	5.80786	5.80786e+06	2	4
20.2929	0	1	2268	LastDelay	0.041728	41728	1	6
20.2929	0	1	2268	FullDelay	0.041728	41728	1	6
20.3343	0	1	2269	LastDelay	0.0763182	76318.2	1	6
20.3343	0	1	2269	FullDelay	0.0763182	76318.2	1	6
20.3495	0	1	2270	LastDelay	0.0846042	84604.2	1	6
20.3495	0	1	2270	FullDelay	0.0846042	84604.2	1	6
20.4043	0	1	2271	LastDelay	0.132583	132583	1	6
20.4043	0	1	2271	FullDelay	0.132583	132583	1	6
20.4343	0	1	2272	LastDelay	0.155771	155771	1	6
20.4343	0	1	2272	FullDelay	0.155771	155771	1	6
20.4474	0	1	2273	LastDelay	0.162052	162052	1	6
20.4474	0	1	2273	FullDelay	0.162052	162052	1	6
20.4573	0	1	2274	LastDelay	0.165179	165179	1	6
20.4573	0	1	2274	FullDelay	0.165179	165179	1	6
20.4665	0	1	2275	LastDelay	0.167519	167519	1	6
20.4665	0	1	2275	FullDelay	0.167519	167519	1	6
20.526	0	1	257	LastDelay	0.220156	220156	1	6
20.526	0	1	257	FullDelay	17.6759	1.76759e+07	4	6
20.5416	0	1	266	LastDelay	0.228929	228929	1	6
20.5416	0	1	266	FullDelay	17.6301	1.76301e+07	4	6
20.5522	0	1	389	LastDelay	0.232707	232707	1	6
20.5522	0	1	389	FullDelay	16.7464	1.67464e+07	3	6
20.5623	0	1	390	LastDelay	0.236053	236053	1	6
20.5623	0	1	390	FullDelay	16.7498	1.67498e+07	3	6
20.6046	0	1	396	LastDelay	0.271462	271462	1	6
20.6046	0	1	396	FullDelay	16.751	1.6751e+07	3	6
20.6144	0	1	397	LastDelay	0.274421	274421	1	6
20.6144	0	1	397	FullDelay	16.754	1.6754e+07	3	6
20.6235	0	1	402	LastDelay	0.27668	276680	1	6
20.6235	0	1	402	FullDelay	16.7289	1.67289e+07	3	6
20.6537	0	1	434	LastDelay	0.30012	300120	1	6
20.6537	0	1	434	FullDelay	16.5203	1.65203e+07	3	6
20.6659	0	1	459	LastDelay	0.305493	305493	1	6
20.6659	0	1	459	FullDelay	16.3413	1.63413e+07	3	6
20.7037	0	1	462	LastDelay	0.336402	336402	1	6
20.7037	0	1	462	FullDelay	16.3586	1.63586e+07	3	6
20.7138	0	1	465	LastDelay	0.33971	339710	1	6
20.7138	0	1	465	FullDelay	16.3414	1.63414e+07	3	6
20.7262	0	1	470	LastDelay	0.345284	345284	1	6
20.7262	0	1	470	FullDelay	16.3129	1.63129e+07	3	6
20.7397	0	1	471	LastDelay	0.352016	352016	1	6
20.7397	0	1	471	FullDelay	16.3196	1.63196e+07	3	6
20.7633	0	1	472	LastDelay	0.368724	368724	1	6
20.7633	0	1	472	FullDelay	16.3363	1.63363e+07	3	6
20.8034	0	1	473	LastDelay	0.402024	402024	1	6
20.8034	0	1	473	FullDelay	16.3696	1.63696e+07	3	6
20.8132	0	1	474	LastDelay	0.404986	404986	1	6
20.8132	0	1	474	FullDelay	16.3726	1.63726e+07	3	6
20.8368	0	1	475	LastDelay	0.421752	421752	1	6
20.8368	0	1	475	FullDelay	16.3893	1.63893e+07	3	6
20.87	0	1	476	LastDelay	0.448142	448142	1	6
20.87	0	1	476	FullDelay	16.4157	1.64157e+07	3	6
20.9013	0	1	477	LastDelay	0.472569	472569	1	6
20.9013	0	1	477	FullDelay	16.4401	1.64401e+07	3	6
20.9414	0	1	479	LastDelay	0.49905	499050	1	6
20.9414	0	1	479	FullDelay	16.4666	1.64666e+07	3	6
20.9636	0	1	480	LastDelay	0.514433	514433	1	6
20.9636	0	1	480	FullDelay	16.482	1.6482e+07	3	6
20.9734	0	1	481	LastDelay	0.517435	517435	1	6
20.9734	0	1	481	FullDelay	16.485	1.6485e+07	3	6
20.9896	0	1	482	LastDelay	0.52675	526750	1	6
20.9896	0	1	482	FullDelay	16.4943	1.64943e+07	3	6
21.0129	0	1	483	LastDelay	0.543213	543213	1	6
21.0129	0	1	483	FullDelay	16.504	1.6504e+07	3	6
21.0233	0	1	484	LastDelay	0.546802	546802	1	6
21.0233	0	1	484	FullDelay	16.5075	1.65075e+07	3	6
21.0375	0	1	485	LastDelay	0.554218	554218	1	6
21.0375	0	1	485	FullDelay	16.515	1.6515e+07	3	6
21.0686	0	1	487	LastDelay	0.571664	571664	1	6
21.0686	0	1	487	FullDelay	16.5324	1.65324e+07	3	6
21.0878	0	1	488	LastDelay	0.584027	584027	1	6
21.0878	0	1	488	FullDelay	16.5448	1.65448e+07	3	6
21.1003	0	1	489	LastDelay	0.589705	589705	1	6
21.1003	0	1	489	FullDelay	16.5505	1.65505e+07	3	6
21.113	0	1	490	LastDelay	0.595544	595544	1	6
21.113	0	1	490	FullDelay	16.5495	1.65495e+07	3	6
21.1264	0	1	491	LastDelay	0.602161	602161	1	6
21.1264	0	1	491	FullDelay	16.5561	1.65561e+07	3	6
21.1395	0	1	492	LastDelay	0.60838	608380	1	6
21.1395	0	1	492	FullDelay	16.5623	1.65623e+07	3	6
21.1573	0	1	493	LastDelay	0.6194	619400	1	6
21.1573	0	1	493	FullDelay	16.5733	1.65733e+07	3	6
21.1664	0	1	494	LastDelay	0.621679	621679	1	6
21.1664	0	1	494	FullDelay	16.5756	1.65756e+07	3	6
21.1861	0	1	495	LastDelay	0.634562	634562	1	6
21.1861	0	1	495	FullDelay	16.5885	1.65885e+07	3	6
21.1962	0	1	496	LastDelay	0.637767	637767	1	6
21.1962	0	1	496	FullDelay	16.5917	1.65917e+07	3	6
21.2069	0	1	497	LastDelay	0.641684	641684	1	6
21.2069	0	1	497	FullDelay	16.5956	1.65956e+07	3	6
21.2195	0	1	498	LastDelay	0.647441	647441	1	6
21.2195	0	1	498	FullDelay	16.6014	1.66014e+07	3	6
21.2308	0	1	499	LastDelay	0.651916	651916	1	6
21.2308	0	1	499	FullDelay	16.6058	1.66058e+07	3	6
21.2445	0	1	500	LastDelay	0.658844	658844	1	6
21.2445	0	1	500	FullDelay	16.6128	1.66128e+07	3	6
21.2536	0	1	501	LastDelay	0.661103	661103	1	6
21.2536	0	1	501	FullDelay	16.615	1.6615e+07	3	6
21.2692	0	1	502	LastDelay	0.669859	669859	1	6
21.2692	0	1	502	FullDelay	16.6238	1.66238e+07	3	6
21.2852	0	1	503	LastDelay	0.679031	679031	1	6
21.2852	0	1	503	FullDelay	16.6329	1.66329e+07	3	6
21.2992	0	1	504	LastDelay	0.686155	686155	1	6
21.2992	0	1	504	FullDelay	16.6401	1.66401e+07	3	6
21.3211	0	1	506	LastDelay	0.694416	694416	1	6
21.3211	0	1	506	FullDelay	16.6483	1.66483e+07	3	6
21.3414	0	1	507	LastDelay	0.707932	707932	1	6
21.3414	0	1	507	FullDelay	16.6619	1.66619e+07	3	6
21.3507	0	1	508	LastDelay	0.710371	710371	1	6
21.3507	0	1	508	FullDelay	16.6643	1.66643e+07	3	6
21.3797	0	1	511	LastDelay	0.718865	718865	1	6
21.3797	0	1	511	FullDelay	16.666	1.6666e+07	3	6
21.3887	0	1	512	LastDelay	0.721104	721104	1	6
21.3887	0	1	512	FullDelay	16.6682	1.66682e+07	3	6
21.4009	0	1	513	LastDelay	0.726459	726459	1	6
21.4009	0	1	513	FullDelay	16.6736	1.66736e+07	3	6
21.4324	0	1	515	LastDelay	0.74434	744340	1	6
21.4324	0	1	515	FullDelay	16.6914	1.66914e+07	3	6
21.4416	0	1	516	LastDelay	0.74664	746640	1	6
21.4416	0	1	516	FullDelay	16.6937	1.66937e+07	3	6
21.4515	0	1	517	LastDelay	0.749766	749766	1	6
21.4515	0	1	517	FullDelay	16.6832	1.66832e+07	3	6
21.4606	0	1	518	LastDelay	0.752005	752005	1	6
21.4606	0	1	518	FullDelay	16.6854	1.66854e+07	3	6
21.503	0	1	520	LastDelay	0.780748	780748	1	6
21.503	0	1	520	FullDelay	16.7142	1.67142e+07	3	6
21.5134	0	1	521	LastDelay	0.784377	784377	1	6
21.5134	0	1	521	FullDelay	16.7178	1.67178e+07	3	6
21.525	0	1	522	LastDelay	0.789069	789069	1	6
21.525	0	1	522	FullDelay	16.7157	1.67157e+07	3	6
21.5348	0	1	523	LastDelay	0.792047	792047	1	6
21.5348	0	1	523	FullDelay	16.7187	1.67187e+07	3	6
21.555	0	1	525	LastDelay	0.798619	798619	1	6
21.555	0	1	525	FullDelay	16.7252	1.67252e+07	3	6
21.5717	0	1	526	LastDelay	0.808508	808508	1	6
21.5717	0	1	526	FullDelay	16.7351	1.67351e+07	3	6
21.5845	0	1	527	LastDelay	0.814523	814523	1	6
21.5845	0	1	527	FullDelay	16.7411	1.67411e+07	3	6
21.5948	0	1	528	LastDelay	0.817909	817909	1	6
21.5948	0	1	528	FullDelay	16.7377	1.67377e+07	3	6
21.6039	0	1	529	LastDelay	0.820208	820208	1	6
21.6039	0	1	529	FullDelay	16.74	1.674e+07	3	6
21.628	0	1	530	LastDelay	0.837523	837523	1	6
21.628	0	1	530	FullDelay	16.7573	1.67573e+07	3	6
21.6397	0	1	531	LastDelay	0.842414	842414	1	6
21.6397	0	1	531	FullDelay	16.7622	1.67622e+07	3	6
21.6524	0	1	532	LastDelay	0.848281	848281	1	6
21.6524	0	1	532	FullDelay	16.7681	1.67681e+07	3	6
21.6616	0	1	533	LastDelay	0.850601	850601	1	6
21.6616	0	1	533	FullDelay	16.7704	1.67704e+07	3	6
21.684	0	1	535	LastDelay	0.859373	859373	1	6
21.684	0	1	535	FullDelay	16.7792	1.67792e+07	3	6
21.6962	0	1	536	LastDelay	0.864759	864759	1	6
21.6962	0	1	536	FullDelay	16.7845	1.67845e+07	3	6
21.729	0	1	538	LastDelay	0.883882	883882	1	6
21.729	0	1	538	FullDelay	16.8037	1.68037e+07	3	6
21.7406	0	1	539	LastDelay	0.888653	888653	1	6
21.7406	0	1	539	FullDelay	16.8084	1.68084e+07	3	6
21.7518	0	1	540	LastDelay	0.892986	892986	1	6
21.7518	0	1	540	FullDelay	16.8128	1.68128e+07	3	6
21.7611	0	1	541	LastDelay	0.895505	895505	1	6
21.7611	0	1	541	FullDelay	16.8153	1.68153e+07	3	6
21.7702	0	1	542	LastDelay	0.897745	897745	1	6
21.7702	0	1	542	FullDelay	16.8107	1.68107e+07	3	6
21.7858	0	1	543	LastDelay	0.906536	906536	1	6
21.7858	0	1	543	FullDelay	16.8195	1.68195e+07	3	6
21.7983	0	1	544	LastDelay	0.912222	912222	1	6
21.7983	0	1	544	FullDelay	16.8252	1.68252e+07	3	6
21.8094	0	1	545	LastDelay	0.916462	916462	1	6
21.8094	0	1	545	FullDelay	16.8294	1.68294e+07	3	6
21.826	0	1	546	LastDelay	0.926221	926221	1	6
21.826	0	1	546	FullDelay	16.8392	1.68392e+07	3	6
21.8381	0	1	547	LastDelay	0.9315	931500	1	6
21.8381	0	1	547	FullDelay	16.8445	1.68445e+07	3	6
21.8501	0	1	548	LastDelay	0.936706	936706	1	6
21.8501	0	1	548	FullDelay	16.8428	1.68428e+07	3	6
21.8626	0	1	549	LastDelay	0.942403	942403	1	6
21.8626	0	1	549	FullDelay	16.8485	1.68485e+07	3	6
21.8778	0	1	550	LastDelay	0.95072	950720	1	6
21.8778	0	1	550	FullDelay	16.8569	1.68569e+07	3	6
21.8961	0	1	552	LastDelay	0.955359	955359	1	6
21.8961	0	1	552	FullDelay	16.8615	1.68615e+07	3	6
21.9111	0	1	553	LastDelay	0.963597	963597	1	6
21.9111	0	1	553	FullDelay	16.8697	1.68697e+07	3	6
21.9231	0	1	554	LastDelay	0.968775	968775	1	6
21.9231	0	1	554	FullDelay	16.8749	1.68749e+07	3	6
21.9333	0	1	555	LastDelay	0.972101	972101	1	6
21.9333	0	1	555	FullDelay	16.8782	1.68782e+07	3	6
21.9726	0	1	556	LastDelay	1.00462	1.00462e+06	1	6
21.9726	0	1	556	FullDelay	16.9108	1.69108e+07	3	6
21.9837	0	1	557	LastDelay	1.00884	1.00884e+06	1	6
21.9837	0	1	557	FullDelay	16.915	1.6915e+07	3	6
21.9959	0	1	558	LastDelay	1.01426	1.01426e+06	1	6
21.9959	0	1	558	FullDelay	16.9204	1.69204e+07	3	6
22.005	0	1	559	LastDelay	1.01649	1.01649e+06	1	6
22.005	0	1	559	FullDelay	16.9226	1.69226e+07	3	6
22.0141	0	1	560	LastDelay	1.01875	1.01875e+06	1	6
22.0141	0	1	560	FullDelay	16.9249	1.69249e+07	3	6
22.0282	0	1	561	LastDelay	1.02603	1.02603e+06	1	6
22.0282	0	1	561	FullDelay	16.9322	1.69322e+07	3	6
22.0387	0	1	562	LastDelay	1.0297	1.0297e+06	1	6
22.0387	0	1	562	FullDelay	16.929	1.6929e+07	3	6
22.0484	0	1	563	LastDelay	1.03266	1.03266e+06	1	6
22.0484	0	1	563	FullDelay	16.932	1.6932e+07	3	6
22.0608	0	1	564	LastDelay	1.03814	1.03814e+06	1	6
22.0608	0	1	564	FullDelay	16.9374	1.69374e+07	3	6
22.0699	0	1	565	LastDelay	1.04044	1.04044e+06	1	6
22.0699	0	1	565	FullDelay	16.9397	1.69397e+07	3	6
22.0902	0	1	566	LastDelay	1.05393	1.05393e+06	1	6
22.0902	0	1	566	FullDelay	16.9532	1.69532e+07	3	6
22.1171	0	1	567	LastDelay	1.07404	1.07404e+06	1	6
22.1171	0	1	567	FullDelay	16.9733	1.69733e+07	3	6
22.1297	0	1	568	LastDelay	1.07978	1.07978e+06	1	6
22.1297	0	1	568	FullDelay	16.9723	1.69723e+07	3	6
22.1497	0	1	570	LastDelay	1.08616	1.08616e+06	1	6
22.1497	0	1	570	FullDelay	16.9786	1.69786e+07	3	6
22.1588	0	1	571	LastDelay	1.08842	1.08842e+06	1	6
22.1588	0	1	571	FullDelay	16.9809	1.69809e+07	3	6
22.1697	0	1	572	LastDelay	1.09247	1.09247e+06	1	6
22.1697	0	1	572	FullDelay	16.9849	1.69849e+07	3	6
22.1913	0	1	573	LastDelay	1.10725	1.10725e+06	1	6
22.1913	0	1	573	FullDelay	16.9997	1.69997e+07	3	6
22.2047	0	1	574	LastDelay	1.11378	1.11378e+06	1	6
22.2047	0	1	574	FullDelay	17.0063	1.70063e+07	3	6
22.2155	0	1	575	LastDelay	1.11783	1.11783e+06	1	6
22.2155	0	1	575	FullDelay	17.0035	1.70035e+07	3	6
22.2246	0	1	576	LastDelay	1.12011	1.12011e+06	1	6
22.2246	0	1	576	FullDelay	17.0058	1.70058e+07	3	6
22.2357	0	1	577	LastDelay	1.12433	1.12433e+06	1	6
22.2357	0	1	577	FullDelay	17.01	1.701e+07	3	6
22.2447	0	1	578	LastDelay	1.12656	1.12656e+06	1	6
22.2447	0	1	578	FullDelay	17.0122	1.70122e+07	3	6
22.2634	0	1	579	LastDelay	1.13835	1.13835e+06	1	6
22.2634	0	1	579	FullDelay	17.024	1.7024e+07	3	6
22.2751	0	1	580	LastDelay	1.14327	1.14327e+06	1	6
22.2751	0	1	580	FullDelay	17.0289	1.70289e+07	3	6
22.2892	0	1	581	LastDelay	1.15055	1.15055e+06	1	6
22.2892	0	1	581	FullDelay	17.0294	1.70294e+07	3	6
22.311	0	1	583	LastDelay	1.15863	1.15863e+06	1	6
22.311	0	1	583	FullDelay	17.0375	1.70375e+07	3	6
22.3204	0	1	584	LastDelay	1.16125	1.16125e+06	1	6
22.3204	0	1	584	FullDelay	17.0401	1.70401e+07	3	6
22.3451	0	1	586	LastDelay	1.17234	1.17234e+06	1	6
22.3451	0	1	586	FullDelay	17.0512	1.70512e+07	3	6
22.3638	0	1	587	LastDelay	1.18421	1.18421e+06	1	6
22.3638	0	1	587	FullDelay	17.063	1.7063e+07	3	6
22.3749	0	1	588	LastDelay	1.18844	1.18844e+06	1	6
22.3749	0	1	588	FullDelay	17.0673	1.70673e+07	3	6
22.3849	0	1	589	LastDelay	1.19159	1.19159e+06	1	6
22.3849	0	1	589	FullDelay	17.0704	1.70704e+07	3	6
22.4274	0	1	592	LastDelay	1.21366	1.21366e+06	1	6
22.4274	0	1	592	FullDelay	17.0925	1.70925e+07	3	6
22.4394	0	1	593	LastDelay	1.21883	1.21883e+06	1	6
22.4394	0	1	593	FullDelay	17.0977	1.70977e+07	3	6
22.4501	0	1	594	LastDelay	1.2227	1.2227e+06	1	6
22.4501	0	1	594	FullDelay	17.1015	1.71015e+07	3	6
22.4592	0	1	595	LastDelay	1.22496	1.22496e+06	1	6
22.4592	0	1	595	FullDelay	17.1038	1.71038e+07	3	6
22.4724	0	1	596	LastDelay	1.23137	1.23137e+06	1	6
22.4724	0	1	596	FullDelay	17.1102	1.71102e+07	3	6
22.4815	0	1	597	LastDelay	1.23364	1.23364e+06	1	6
22.4815	0	1	597	FullDelay	17.1125	1.71125e+07	3	6
22.4906	0	1	598	LastDelay	1.23588	1.23588e+06	1	6
22.4906	0	1	598	FullDelay	17.1147	1.71147e+07	3	6
22.4997	0	1	599	LastDelay	1.23816	1.23816e+06	1	6
22.4997	0	1	599	FullDelay	17.117	1.7117e+07	3	6
22.515	0	1	600	LastDelay	1.24658	1.24658e+06	1	6
22.515	0	1	600	FullDelay	17.1254	1.71254e+07	3	6
22.524	0	1	601	LastDelay	1.24882	1.24882e+06	1	6
22.524	0	1	601	FullDelay	17.1276	1.71276e+07	3	6
22.5455	0	1	603	LastDelay	1.25667	1.25667e+06	1	6
22.5455	0	1	603	FullDelay	17.1355	1.71355e+07	3	6
22.5698	0	1	604	LastDelay	1.27415	1.27415e+06	1	6
22.5698	0	1	604	FullDelay	17.153	1.7153e+07	3	6
22.5823	0	1	605	LastDelay	1.27983	1.27983e+06	1	6
22.5823	0	1	605	FullDelay	17.1587	1.71587e+07	3	6
22.5962	0	1	606	LastDelay	1.2869	1.2869e+06	1	6
22.5962	0	1	606	FullDelay	17.1657	1.71657e+07	3	6
22.607	0	1	607	LastDelay	1.29083	1.29083e+06	1	6
22.607	0	1	607	FullDelay	17.1697	1.71697e+07	3	6
22.6373	0	1	610	LastDelay	1.30065	1.30065e+06	1	6
22.6373	0	1	610	FullDelay	17.1726	1.71726e+07	3	6
22.6581	0	1	612	LastDelay	1.30777	1.30777e+06	1	6
22.6581	0	1	612	FullDelay	17.1798	1.71798e+07	3	6
22.6682	0	1	613	LastDelay	1.31109	1.31109e+06	1	6
22.6682	0	1	613	FullDelay	17.1831	1.71831e+07	3	6
22.6783	0	1	614	LastDelay	1.31434	1.31434e+06	1	6
22.6783	0	1	614	FullDelay	17.1863	1.71863e+07	3	6
22.6925	0	1	615	LastDelay	1.32171	1.32171e+06	1	6
22.6925	0	1	615	FullDelay	17.1937	1.71937e+07	3	6
22.7021	0	1	616	LastDelay	1.32451	1.32451e+06	1	6
22.7021	0	1	616	FullDelay	17.1965	1.71965e+07	3	6
22.7113	0	1	617	LastDelay	1.32683	1.32683e+06	1	6
22.7113	0	1	617	FullDelay	17.1988	1.71988e+07	3	6
22.7212	0	1	618	LastDelay	1.32998	1.32998e+06	1	6
22.7212	0	1	618	FullDelay	17.202	1.7202e+07	3	6
22.7373	0	1	619	LastDelay	1.33919	1.33919e+06	1	6
22.7373	0	1	619	FullDelay	17.2112	1.72112e+07	3	6
22.7626	0	1	621	LastDelay	1.35084	1.35084e+06	1	6
22.7626	0	1	621	FullDelay	17.2228	1.72228e+07	3	6
22.7736	0	1	622	LastDelay	1.35505	1.35505e+06	1	6
22.7736	0	1	622	FullDelay	17.227	1.7227e+07	3	6
22.7857	0	1	623	LastDelay	1.36032	1.36032e+06	1	6
22.7857	0	1	623	FullDelay	17.2323	1.72323e+07	3	6
22.7948	0	1	624	LastDelay	1.36262	1.36262e+06	1	6
22.7948	0	1	624	FullDelay	17.2346	1.72346e+07	3	6
22.8048	0	1	625	LastDelay	1.3658	1.3658e+06	1	6
22.8048	0	1	625	FullDelay	17.2378	1.72378e+07	3	6
22.8139	0	1	626	LastDelay	1.36806	1.36806e+06	1	6
22.8139	0	1	626	FullDelay	17.2401	1.72401e+07	3	6
22.823	0	1	627	LastDelay	1.37034	1.37034e+06	1	6
22.823	0	1	627	FullDelay	17.2423	1.72423e+07	3	6
22.8365	0	1	628	LastDelay	1.37698	1.37698e+06	1	6
22.8365	0	1	628	FullDelay	17.249	1.7249e+07	3	6
22.8592	0	1	630	LastDelay	1.38601	1.38601e+06	1	6
22.8592	0	1	630	FullDelay	17.2444	1.72444e+07	3	6
22.8713	0	1	631	LastDelay	1.39132	1.39132e+06	1	6
22.8713	0	1	631	FullDelay	17.2497	1.72497e+07	3	6
22.8851	0	1	632	LastDelay	1.39824	1.39824e+06	1	6
22.8851	0	1	632	FullDelay	17.2566	1.72566e+07	3	6
22.8966	0	1	633	LastDelay	1.40298	1.40298e+06	1	6
22.8966	0	1	633	FullDelay	17.2613	1.72613e+07	3	6
22.9193	0	1	634	LastDelay	1.41878	1.41878e+06	1	6
22.9193	0	1	634	FullDelay	17.2771	1.72771e+07	3	6
22.93	0	1	635	LastDelay	1.42265	1.42265e+06	1	6
22.93	0	1	635	FullDelay	17.281	1.7281e+07	3	6
22.9391	0	1	636	LastDelay	1.42495	1.42495e+06	1	6
22.9391	0	1	636	FullDelay	17.2833	1.72833e+07	3	6
22.9836	0	1	640	LastDelay	1.44214	1.44214e+06	1	6
22.9836	0	1	640	FullDelay	17.3005	1.73005e+07	3	6
22.9994	0	1	641	LastDelay	1.45118	1.45118e+06	1	6
22.9994	0	1	641	FullDelay	17.3095	1.73095e+07	3	6
23.0093	0	1	642	LastDelay	1.45417	1.45417e+06	1	6
23.0093	0	1	642	FullDelay	17.3125	1.73125e+07	3	6
23.0271	0	1	643	LastDelay	1.46514	1.46514e+06	1	6
23.0271	0	1	643	FullDelay	17.3235	1.73235e+07	3	6
23.0362	0	1	644	LastDelay	1.46742	1.46742e+06	1	6
23.0362	0	1	644	FullDelay	17.3258	1.73258e+07	3	6
23.0477	0	1	645	LastDelay	1.47208	1.47208e+06	1	6
23.0477	0	1	645	FullDelay	17.3304	1.73304e+07	3	6
23.0835	0	1	648	LastDelay	1.48741	1.48741e+06	1	6
23.0835	0	1	648	FullDelay	17.3458	1.73458e+07	3	6
23.0926	0	1	649	LastDelay	1.48971	1.48971e+06	1	6
23.0926	0	1	649	FullDelay	17.3481	1.73481e+07	3	6
23.1102	0	1	650	LastDelay	1.5005	1.5005e+06	1	6
23.1102	0	1	650	FullDelay	17.3588	1.73588e+07	3	6
23.1269	0	1	651	LastDelay	1.51036	1.51036e+06	1	6
23.1269	0	1	651	FullDelay	17.3687	1.73687e+07	3	6
23.1416	0	1	652	LastDelay	1.51826	1.51826e+06	1	6
23.1416	0	1	652	FullDelay	17.3766	1.73766e+07	3	6
23.1533	0	1	653	LastDelay	1.52316	1.52316e+06	1	6
23.1533	0	1	653	FullDelay	17.3815	1.73815e+07	3	6
23.1625	0	1	654	LastDelay	1.52547	1.52547e+06	1	6
23.1625	0	1	654	FullDelay	17.3838	1.73838e+07	3	6
23.1729	0	1	655	LastDelay	1.52905	1.52905e+06	1	6
23.1729	0	1	655	FullDelay	17.3874	1.73874e+07	3	6
23.1832	0	1	656	LastDelay	1.53249	1.53249e+06	1	6
23.1832	0	1	656	FullDelay	17.3908	1.73908e+07	3	6
23.1987	0	1	657	LastDelay	1.54126	1.54126e+06	1	6
23.1987	0	1	657	FullDelay	17.3996	1.73996e+07	3	6
23.2088	0	1	658	LastDelay	1.54452	1.54452e+06	1	6
23.2088	0	1	658	FullDelay	17.4029	1.74029e+07	3	6
23.2273	0	1	659	LastDelay	1.55618	1.55618e+06	1	6
23.2273	0	1	659	FullDelay	17.4145	1.74145e+07	3	6
23.2374	0	1	660	LastDelay	1.55943	1.55943e+06	1	6
23.2374	0	1	660	FullDelay	17.4178	1.74178e+07	3	6
23.2465	0	1	661	LastDelay	1.56175	1.56175e+06	1	6
23.2465	0	1	661	FullDelay	17.4201	1.74201e+07	3	6
23.2567	0	1	662	LastDelay	1.56511	1.56511e+06	1	6
23.2567	0	1	662	FullDelay	17.4235	1.74235e+07	3	6
23.2676	0	1	663	LastDelay	1.5691	1.5691e+06	1	6
23.2676	0	1	663	FullDelay	17.4274	1.74274e+07	3	6
23.2912	0	1	665	LastDelay	1.57905	1.57905e+06	1	6
23.2912	0	1	665	FullDelay	17.4374	1.74374e+07	3	6
23.3022	0	1	666	LastDelay	1.58328	1.58328e+06	1	6
23.3022	0	1	666	FullDelay	17.4416	1.74416e+07	3	6
23.3147	0	1	667	LastDelay	1.58891	1.58891e+06	1	6
23.3147	0	1	667	FullDelay	17.4473	1.74473e+07	3	6
23.325	0	1	668	LastDelay	1.59245	1.59245e+06	1	6
23.325	0	1	668	FullDelay	17.4508	1.74508e+07	3	6
23.3362	0	1	669	LastDelay	1.59677	1.59677e+06	1	6
23.3362	0	1	669	FullDelay	17.4551	1.74551e+07	3	6
23.3452	0	1	670	LastDelay	1.59901	1.59901e+06	1	6
23.3452	0	1	670	FullDelay	17.4574	1.74574e+07	3	6
23.3634	0	1	671	LastDelay	1.61037	1.61037e+06	1	6
23.3634	0	1	671	FullDelay	17.4687	1.74687e+07	3	6
23.3732	0	1	672	LastDelay	1.61333	1.61333e+06	1	6
23.3732	0	1	672	FullDelay	17.4717	1.74717e+07	3	6
23.3842	0	1	673	LastDelay	1.61746	1.61746e+06	1	6
23.3842	0	1	673	FullDelay	17.4758	1.74758e+07	3	6
23.3943	0	1	674	LastDelay	1.62075	1.62075e+06	1	6
23.3943	0	1	674	FullDelay	17.4791	1.74791e+07	3	6
23.4036	0	1	675	LastDelay	1.62327	1.62327e+06	1	6
23.4036	0	1	675	FullDelay	17.4816	1.74816e+07	3	6
23.413	0	1	676	LastDelay	1.62581	1.62581e+06	1	6
23.413	0	1	676	FullDelay	17.4842	1.74842e+07	3	6
23.4227	0	1	677	LastDelay	1.62867	1.62867e+06	1	6
23.4227	0	1	677	FullDelay	17.487	1.7487e+07	3	6
23.438	0	1	678	LastDelay	1.63715	1.63715e+06	1	6
23.438	0	1	678	FullDelay	17.4955	1.74955e+07	3	6
23.4484	0	1	679	LastDelay	1.64067	1.64067e+06	1	6
23.4484	0	1	679	FullDelay	17.499	1.7499e+07	3	6
25.2754	0	1	1210	LastDelay	0.0817332	81733.2	1	6
25.2754	0	1	1210	FullDelay	12.2469	1.22469e+07	2	6
25.2959	0	1	1212	LastDelay	0.0884986	88498.6	1	6
25.2959	0	1	1212	FullDelay	12.2536	1.22536e+07	2	6
25.316	0	1	1213	LastDelay	0.101784	101784	1	6
25.316	0	1	1213	FullDelay	12.2669	1.22669e+07	2	6
25.3409	0	1	1214	LastDelay	0.119928	119928	1	6
25.3409	0	1	1214	FullDelay	12.285	1.2285e+07	2	6
25.3691	0	1	1215	LastDelay	0.141266	141266	1	6
25.3691	0	1	1215	FullDelay	12.3064	1.23064e+07	2	6
25.3892	0	1	1216	LastDelay	0.154504	154504	1	6
25.3892	0	1	1216	FullDelay	12.3196	1.23196e+07	2	6
25.4193	0	1	1217	LastDelay	0.177834	177834	1	6
25.4193	0	1	1217	FullDelay	12.343	1.2343e+07	2	6
25.4898	0	1	1218	LastDelay	0.241457	241457	1	6
25.4898	0	1	1218	FullDelay	12.4066	1.24066e+07	2	6
25.4989	0	1	1219	LastDelay	0.243736	243736	1	6
25.4989	0	1	1219	FullDelay	12.4089	1.24089e+07	2	6
25.5128	0	1	1220	LastDelay	0.250828	250828	1	6
25.5128	0	1	1220	FullDelay	12.4159	1.24159e+07	2	6
25.5219	0	1	1221	LastDelay	0.253107	253107	1	6
25.5219	0	1	1221	FullDelay	12.4182	1.24182e+07	2	6
25.531	0	1	1222	LastDelay	0.255346	255346	1	6
25.531	0	1	1222	FullDelay	12.4205	1.24205e+07	2	6
25.5654	0	1	1223	LastDelay	0.282962	282962	1	6
25.5654	0	1	1223	FullDelay	12.4481	1.24481e+07	2	6
25.5859	0	1	1224	LastDelay	0.296661	296661	1	6
25.5859	0	1	1224	FullDelay	12.4618	1.24618e+07	2	6
25.6237	0	1	1226	LastDelay	0.320816	320816	1	6
25.6237	0	1	1226	FullDelay	12.4859	1.24859e+07	2	6
25.642	0	1	1227	LastDelay	0.332208	332208	1	6
25.642	0	1	1227	FullDelay	12.4973	1.24973e+07	2	6
25.652	0	1	1228	LastDelay	0.335396	335396	1	6
25.652	0	1	1228	FullDelay	12.5005	1.25005e+07	2	6
25.6929	0	1	1229	LastDelay	0.369471	369471	1	6
25.6929	0	1	1229	FullDelay	12.5346	1.25346e+07	2	6
25.7019	0	1	1230	LastDelay	0.37171	371710	1	6
25.7019	0	1	1230	FullDelay	12.5368	1.25368e+07	2	6
25.7322	0	1	1231	LastDelay	0.39516	395160	1	6
25.7322	0	1	1231	FullDelay	12.5603	1.25603e+07	2	6
25.7552	0	1	1232	LastDelay	0.411287	411287	1	6
25.7552	0	1	1232	FullDelay	12.5764	1.25764e+07	2	6
25.8105	0	1	1233	LastDelay	0.459742	459742	1	6
25.8105	0	1	1233	FullDelay	12.6249	1.26249e+07	2	6
25.8202	0	1	1234	LastDelay	0.462702	462702	1	6
25.8202	0	1	1234	FullDelay	12.6278	1.26278e+07	2	6
25.8385	0	1	1235	LastDelay	0.474128	474128	1	6
25.8385	0	1	1235	FullDelay	12.6392	1.26392e+07	2	6
25.8489	0	1	1236	LastDelay	0.477747	477747	1	6
25.8489	0	1	1236	FullDelay	12.6429	1.26429e+07	2	6
25.8682	0	1	1237	LastDelay	0.490179	490179	1	6
25.8682	0	1	1237	FullDelay	12.6553	1.26553e+07	2	6
25.8785	0	1	1238	LastDelay	0.493699	493699	1	6
25.8785	0	1	1238	FullDelay	12.6588	1.26588e+07	2	6
25.8901	0	1	1239	LastDelay	0.498379	498379	1	6
25.8901	0	1	1239	FullDelay	12.6635	1.26635e+07	2	6
25.9093	0	1	1240	LastDelay	0.510811	510811	1	6
25.9093	0	1	1240	FullDelay	12.6759	1.26759e+07	2	6
25.9508	0	1	1241	LastDelay	0.545513	545513	1	6
25.9508	0	1	1241	FullDelay	12.7106	1.27106e+07	2	6
25.962	0	1	1242	LastDelay	0.549859	549859	1	6
25.962	0	1	1242	FullDelay	12.715	1.2715e+07	2	6
25.9746	0	1	1243	LastDelay	0.55559	555590	1	6
25.9746	0	1	1243	FullDelay	12.7207	1.27207e+07	2	6
