Time	Node	AppId	SeqNo	Type	DelayS	DelayUS	RetxCount	HopCount
1.03135	0	1	0	LastDelay	0.0313512	31351.2	1	6
1.03135	0	1	0	FullDelay	0.0313512	31351.2	1	6
1.04155	0	1	1	LastDelay	0.0347207	34720.7	1	6
1.04155	0	1	1	FullDelay	0.0347207	34720.7	1	6
1.05494	0	1	2	LastDelay	0.0412873	41287.3	1	6
1.05494	0	1	2	FullDelay	0.0412873	41287.3	1	6
1.06703	0	1	3	LastDelay	0.0465475	46547.5	1	6
1.06703	0	1	3	FullDelay	0.0465475	46547.5	1	6
1.08541	0	1	4	LastDelay	0.0580985	58098.5	1	6
1.08541	0	1	4	FullDelay	0.0580985	58098.5	1	6
1.09572	0	1	5	LastDelay	0.0615821	61582.1	1	6
1.09572	0	1	5	FullDelay	0.0615821	61582.1	1	6
1.1059	0	1	6	LastDelay	0.0649377	64937.7	1	6
1.1059	0	1	6	FullDelay	0.0649377	64937.7	1	6
1.12136	0	1	7	LastDelay	0.0735691	73569.1	1	6
1.12136	0	1	7	FullDelay	0.0735691	73569.1	1	6
1.14305	0	1	9	LastDelay	0.0816065	81606.5	1	6
1.14305	0	1	9	FullDelay	0.0816065	81606.5	1	6
1.15397	0	1	10	LastDelay	0.0857063	85706.3	1	6
1.15397	0	1	10	FullDelay	0.0857063	85706.3	1	6
1.16307	0	1	11	LastDelay	0.0879776	87977.6	1	6
1.16307	0	1	11	FullDelay	0.0879776	87977.6	1	6
1.17301	0	1	12	LastDelay	0.091087	91087	1	6
1.17301	0	1	12	FullDelay	0.091087	91087	1	6
1.18572	0	1	13	LastDelay	0.0969716	96971.6	1	6
1.18572	0	1	13	FullDelay	0.0969716	96971.6	1	6
1.19568	0	1	14	LastDelay	0.100107	100107	1	6
1.19568	0	1	14	FullDelay	0.100107	100107	1	6
1.20666	0	1	15	LastDelay	0.104261	104261	1	6
1.20666	0	1	15	FullDelay	0.104261	104261	1	6
1.22135	0	1	16	LastDelay	0.11212	112120	1	6
1.22135	0	1	16	FullDelay	0.11212	112120	1	6
1.24631	0	1	18	LastDelay	0.123428	123428	1	6
1.24631	0	1	18	FullDelay	0.123428	123428	1	6
1.26274	0	1	19	LastDelay	0.133032	133032	1	6
1.26274	0	1	19	FullDelay	0.133032	133032	1	6
1.27647	0	1	20	LastDelay	0.139935	139935	1	6
1.27647	0	1	20	FullDelay	0.139935	139935	1	6
1.28633	0	1	21	LastDelay	0.142968	142968	1	6
1.28633	0	1	21	FullDelay	0.142968	142968	1	6
1.29547	0	1	22	LastDelay	0.145279	145279	1	6
1.29547	0	1	22	FullDelay	0.145279	145279	1	6
1.3061	0	1	23	LastDelay	0.14909	149090	1	6
1.3061	0	1	23	FullDelay	0.14909	149090	1	6
1.3169	0	1	24	LastDelay	0.153061	153061	1	6
1.3169	0	1	24	FullDelay	0.153061	153061	1	6
1.33099	0	1	25	LastDelay	0.160324	160324	1	6
1.33099	0	1	25	FullDelay	0.160324	160324	1	6
1.34085	0	1	26	LastDelay	0.163356	163356	1	6
1.34085	0	1	26	FullDelay	0.163356	163356	1	6
1.35079	0	1	27	LastDelay	0.166466	166466	1	6
1.35079	0	1	27	FullDelay	0.166466	166466	1	6
1.35988	0	1	28	LastDelay	0.168737	168737	1	6
1.35988	0	1	28	FullDelay	0.168737	168737	1	6
1.37326	0	1	29	LastDelay	0.175283	175283	1	6
1.37326	0	1	29	FullDelay	0.175283	175283	1	6
1.38493	0	1	30	LastDelay	0.180129	180129	1	6
1.38493	0	1	30	FullDelay	0.180129	180129	1	6
1.3975	0	1	31	LastDelay	0.185876	185876	1	6
1.3975	0	1	31	FullDelay	0.185876	185876	1	6
1.40812	0	1	32	LastDelay	0.189667	189667	1	6
1.40812	0	1	32	FullDelay	0.189667	189667	1	6
1.41736	0	1	33	LastDelay	0.192078	192078	1	6
1.41736	0	1	33	FullDelay	0.192078	192078	1	6
1.42715	0	1	34	LastDelay	0.195042	195042	1	6
1.42715	0	1	34	FullDelay	0.195042	195042	1	6
1.44187	0	1	35	LastDelay	0.202936	202936	1	6
1.44187	0	1	35	FullDelay	0.202936	202936	1	6
1.45095	0	1	36	LastDelay	0.205188	205188	1	6
1.45095	0	1	36	FullDelay	0.205188	205188	1	6
1.46288	0	1	37	LastDelay	0.210294	210294	1	6
1.46288	0	1	37	FullDelay	0.210294	210294	1	6
1.47491	0	1	38	LastDelay	0.215496	215496	1	6
1.47491	0	1	38	FullDelay	0.215496	215496	1	6
1.49118	0	1	39	LastDelay	0.224944	224944	1	6
1.49118	0	1	39	FullDelay	0.224944	224944	1	6
1.50032	0	1	40	LastDelay	0.227255	227255	1	6
1.50032	0	1	40	FullDelay	0.227255	227255	1	6
1.51145	0	1	41	LastDelay	0.23156	231560	1	6
1.51145	0	1	41	FullDelay	0.23156	231560	1	6
1.52177	0	1	42	LastDelay	0.235046	235046	1	6
1.52177	0	1	42	FullDelay	0.235046	235046	1	6
1.53086	0	1	43	LastDelay	0.237317	237317	1	6
1.53086	0	1	43	FullDelay	0.237317	237317	1	6
1.54237	0	1	44	LastDelay	0.241999	241999	1	6
1.54237	0	1	44	FullDelay	0.241999	241999	1	6
1.55276	0	1	45	LastDelay	0.245563	245563	1	6
1.55276	0	1	45	FullDelay	0.245563	245563	1	6
1.57131	0	1	46	LastDelay	0.257286	257286	1	6
1.57131	0	1	46	FullDelay	0.257286	257286	1	6
1.58171	0	1	47	LastDelay	0.260856	260856	1	6
1.58171	0	1	47	FullDelay	0.260856	260856	1	6
1.59363	0	1	48	LastDelay	0.265954	265954	1	6
1.59363	0	1	48	FullDelay	0.265954	265954	1	6
1.60273	0	1	49	LastDelay	0.268225	268225	1	6
1.60273	0	1	49	FullDelay	0.268225	268225	1	6
1.61728	0	1	50	LastDelay	0.275949	275949	1	6
1.61728	0	1	50	FullDelay	0.275949	275949	1	6
1.6282	0	1	8	LastDelay	0.273211	273211	1	2
1.6282	0	1	8	FullDelay	0.573584	573584	2	2
1.63726	0	1	51	LastDelay	0.289095	289095	1	6
1.63726	0	1	51	FullDelay	0.289095	289095	1	6
1.65712	0	1	52	LastDelay	0.295303	295303	1	6
1.65712	0	1	52	FullDelay	0.295303	295303	1	6
1.66633	0	1	53	LastDelay	0.297695	297695	1	6
1.66633	0	1	53	FullDelay	0.297695	297695	1	6
1.69431	0	1	54	LastDelay	0.31884	318840	1	6
1.69431	0	1	54	FullDelay	0.31884	318840	1	6
1.7051	0	1	17	LastDelay	0.254542	254542	1	2
1.7051	0	1	17	FullDelay	0.589048	589048	2	2
1.71711	0	1	55	LastDelay	0.334822	334822	1	6
1.71711	0	1	55	FullDelay	0.334822	334822	1	6
1.72621	0	1	56	LastDelay	0.337093	337093	1	6
1.72621	0	1	56	FullDelay	0.337093	337093	1	6
1.73649	0	1	57	LastDelay	0.340539	340539	1	6
1.73649	0	1	57	FullDelay	0.340539	340539	1	6
1.74628	0	1	58	LastDelay	0.343511	343511	1	6
1.74628	0	1	58	FullDelay	0.343511	343511	1	6
1.75628	0	1	59	LastDelay	0.346681	346681	1	6
1.75628	0	1	59	FullDelay	0.346681	346681	1	6
1.76656	0	1	60	LastDelay	0.350134	350134	1	6
1.76656	0	1	60	FullDelay	0.350134	350134	1	6
1.77576	0	1	61	LastDelay	0.352505	352505	1	6
1.77576	0	1	61	FullDelay	0.352505	352505	1	6
1.78537	0	1	62	LastDelay	0.355289	355289	1	6
1.78537	0	1	62	FullDelay	0.355289	355289	1	6
1.79736	0	1	63	LastDelay	0.360451	360451	1	6
1.79736	0	1	63	FullDelay	0.360451	360451	1	6
1.80773	0	1	64	LastDelay	0.363997	363997	1	6
1.80773	0	1	64	FullDelay	0.363997	363997	1	6
1.82082	0	1	65	LastDelay	0.363431	363431	1	6
1.82082	0	1	65	FullDelay	0.363431	363431	1	6
1.83093	0	1	66	LastDelay	0.366721	366721	1	6
1.83093	0	1	66	FullDelay	0.366721	366721	1	6
1.84031	0	1	67	LastDelay	0.369269	369269	1	6
1.84031	0	1	67	FullDelay	0.369269	369269	1	6
1.85318	0	1	68	LastDelay	0.375311	375311	1	6
1.85318	0	1	68	FullDelay	0.375311	375311	1	6
1.86488	0	1	69	LastDelay	0.380188	380188	1	6
1.86488	0	1	69	FullDelay	0.380188	380188	1	6
1.87396	0	1	70	LastDelay	0.382439	382439	1	6
1.87396	0	1	70	FullDelay	0.382439	382439	1	6
1.88306	0	1	71	LastDelay	0.38471	384710	1	6
1.88306	0	1	71	FullDelay	0.38471	384710	1	6
1.90052	0	1	72	LastDelay	0.395345	395345	1	6
1.90052	0	1	72	FullDelay	0.395345	395345	1	6
1.90988	0	1	73	LastDelay	0.397876	397876	1	6
1.90988	0	1	73	FullDelay	0.397876	397876	1	6
1.92067	0	1	74	LastDelay	0.401844	401844	1	6
1.92067	0	1	74	FullDelay	0.401844	401844	1	6
1.94414	0	1	76	LastDelay	0.411656	411656	1	6
1.94414	0	1	76	FullDelay	0.411656	411656	1	6
1.96092	0	1	77	LastDelay	0.421618	421618	1	6
1.96092	0	1	77	FullDelay	0.421618	421618	1	6
1.97002	0	1	78	LastDelay	0.423889	423889	1	6
1.97002	0	1	78	FullDelay	0.423889	423889	1	6
1.98117	0	1	79	LastDelay	0.428205	428205	1	6
1.98117	0	1	79	FullDelay	0.428205	428205	1	6
1.99162	0	1	80	LastDelay	0.431832	431832	1	6
1.99162	0	1	80	FullDelay	0.431832	431832	1	6
2.0007	0	1	81	LastDelay	0.434083	434083	1	6
2.0007	0	1	81	FullDelay	0.434083	434083	1	6
2.0109	0	1	82	LastDelay	0.437461	437461	1	6
2.0109	0	1	82	FullDelay	0.437461	437461	1	6
2.02202	0	1	83	LastDelay	0.441758	441758	1	6
2.02202	0	1	83	FullDelay	0.441758	441758	1	6
2.03326	0	1	84	LastDelay	0.446163	446163	1	6
2.03326	0	1	84	FullDelay	0.446163	446163	1	6
2.04693	0	1	85	LastDelay	0.453005	453005	1	6
2.04693	0	1	85	FullDelay	0.453005	453005	1	6
2.07128	0	1	87	LastDelay	0.463711	463711	1	6
2.07128	0	1	87	FullDelay	0.463711	463711	1	6
2.08034	0	1	88	LastDelay	0.465943	465943	1	6
2.08034	0	1	88	FullDelay	0.465943	465943	1	6
2.0913	0	1	89	LastDelay	0.470071	470071	1	6
2.0913	0	1	89	FullDelay	0.470071	470071	1	6
2.10224	0	1	90	LastDelay	0.474187	474187	1	6
2.10224	0	1	90	FullDelay	0.474187	474187	1	6
2.11134	0	1	91	LastDelay	0.476458	476458	1	6
2.11134	0	1	91	FullDelay	0.476458	476458	1	6
2.12443	0	1	92	LastDelay	0.48272	482720	1	6
2.12443	0	1	92	FullDelay	0.48272	482720	1	6
2.13949	0	1	93	LastDelay	0.49096	490960	1	6
2.13949	0	1	93	FullDelay	0.49096	490960	1	6
2.15966	0	1	95	LastDelay	0.49747	497470	1	6
2.15966	0	1	95	FullDelay	0.49747	497470	1	6
2.16986	0	1	96	LastDelay	0.500848	500848	1	6
2.16986	0	1	96	FullDelay	0.500848	500848	1	6
2.20121	0	1	98	LastDelay	0.518546	518546	1	6
2.20121	0	1	98	FullDelay	0.518546	518546	1	6
2.21027	0	1	99	LastDelay	0.520778	520778	1	6
2.21027	0	1	99	FullDelay	0.520778	520778	1	6
2.22975	0	1	101	LastDelay	0.5266	526600	1	6
2.22975	0	1	101	FullDelay	0.5266	526600	1	6
2.23882	0	1	102	LastDelay	0.528851	528851	1	6
2.23882	0	1	102	FullDelay	0.528851	528851	1	6
2.2599	0	1	103	LastDelay	0.543098	543098	1	6
2.2599	0	1	103	FullDelay	0.543098	543098	1	6
2.27099	0	1	104	LastDelay	0.547366	547366	1	6
2.27099	0	1	104	FullDelay	0.547366	547366	1	6
2.28225	0	1	105	LastDelay	0.551795	551795	1	6
2.28225	0	1	105	FullDelay	0.551795	551795	1	6
2.31545	0	1	108	LastDelay	0.56452	564520	1	6
2.31545	0	1	108	FullDelay	0.56452	564520	1	6
2.32483	0	1	109	LastDelay	0.567071	567071	1	6
2.32483	0	1	109	FullDelay	0.567071	567071	1	6
2.33738	0	1	110	LastDelay	0.572795	572795	1	6
2.33738	0	1	110	FullDelay	0.572795	572795	1	6
2.34664	0	1	111	LastDelay	0.575227	575227	1	6
2.34664	0	1	111	FullDelay	0.575227	575227	1	6
2.3575	0	1	112	LastDelay	0.579256	579256	1	6
2.3575	0	1	112	FullDelay	0.579256	579256	1	6
2.36749	0	1	113	LastDelay	0.582425	582425	1	6
2.36749	0	1	113	FullDelay	0.582425	582425	1	6
2.38798	0	1	115	LastDelay	0.58926	589260	1	6
2.38798	0	1	115	FullDelay	0.58926	589260	1	6
2.39808	0	1	116	LastDelay	0.59253	592530	1	6
2.39808	0	1	116	FullDelay	0.59253	592530	1	6
2.41211	0	1	117	LastDelay	0.599735	599735	1	6
2.41211	0	1	117	FullDelay	0.599735	599735	1	6
2.42207	0	1	118	LastDelay	0.602872	602872	1	6
2.42207	0	1	118	FullDelay	0.602872	602872	1	6
2.43125	0	1	119	LastDelay	0.605224	605224	1	6
2.43125	0	1	119	FullDelay	0.605224	605224	1	6
2.44423	0	1	120	LastDelay	0.61138	611380	1	6
2.44423	0	1	120	FullDelay	0.61138	611380	1	6
2.4555	0	1	121	LastDelay	0.615824	615824	1	6
2.4555	0	1	121	FullDelay	0.615824	615824	1	6
2.47682	0	1	122	LastDelay	0.630315	630315	1	6
2.47682	0	1	122	FullDelay	0.630315	630315	1	6
2.49926	0	1	124	LastDelay	0.639101	639101	1	6
2.49926	0	1	124	FullDelay	0.639101	639101	1	6
2.50973	0	1	125	LastDelay	0.642743	642743	1	6
2.50973	0	1	125	FullDelay	0.642743	642743	1	6
2.5199	0	1	126	LastDelay	0.64609	646090	1	6
2.5199	0	1	126	FullDelay	0.64609	646090	1	6
2.52984	0	1	127	LastDelay	0.6492	649200	1	6
2.52984	0	1	127	FullDelay	0.6492	649200	1	6
2.53978	0	1	128	LastDelay	0.652316	652316	1	6
2.53978	0	1	128	FullDelay	0.652316	652316	1	6
2.54986	0	1	129	LastDelay	0.655566	655566	1	6
2.54986	0	1	129	FullDelay	0.655566	655566	1	6
2.56137	0	1	130	LastDelay	0.660254	660254	1	6
2.56137	0	1	130	FullDelay	0.660254	660254	1	6
2.5758	0	1	131	LastDelay	0.66785	667850	1	6
2.5758	0	1	131	FullDelay	0.66785	667850	1	6
2.59449	0	1	132	LastDelay	0.679713	679713	1	6
2.59449	0	1	132	FullDelay	0.679713	679713	1	6
2.60747	0	1	133	LastDelay	0.685873	685873	1	6
2.60747	0	1	133	FullDelay	0.685873	685873	1	6
2.61761	0	1	134	LastDelay	0.689183	689183	1	6
2.61761	0	1	134	FullDelay	0.689183	689183	1	6
2.62858	0	1	135	LastDelay	0.693331	693331	1	6
2.62858	0	1	135	FullDelay	0.693331	693331	1	6
2.63764	0	1	136	LastDelay	0.695563	695563	1	6
2.63764	0	1	136	FullDelay	0.695563	695563	1	6
2.6468	0	1	137	LastDelay	0.697894	697894	1	6
2.6468	0	1	137	FullDelay	0.697894	697894	1	6
2.65694	0	1	138	LastDelay	0.701204	701204	1	6
2.65694	0	1	138	FullDelay	0.701204	701204	1	6
2.66899	0	1	139	LastDelay	0.706432	706432	1	6
2.66899	0	1	139	FullDelay	0.706432	706432	1	6
2.68084	0	1	140	LastDelay	0.711458	711458	1	6
2.68084	0	1	140	FullDelay	0.711458	711458	1	6
2.68994	0	1	141	LastDelay	0.713729	713729	1	6
2.68994	0	1	141	FullDelay	0.713729	713729	1	6
2.72012	0	1	143	LastDelay	0.73025	730250	1	6
2.72012	0	1	143	FullDelay	0.73025	730250	1	6
2.72988	0	1	144	LastDelay	0.733191	733191	1	6
2.72988	0	1	144	FullDelay	0.733191	733191	1	6
2.73967	0	1	145	LastDelay	0.736152	736152	1	6
2.73967	0	1	145	FullDelay	0.736152	736152	1	6
2.75128	0	1	146	LastDelay	0.740929	740929	1	6
2.75128	0	1	146	FullDelay	0.740929	740929	1	6
2.76192	0	1	147	LastDelay	0.744748	744748	1	6
2.76192	0	1	147	FullDelay	0.744748	744748	1	6
2.77172	0	1	148	LastDelay	0.74772	747720	1	6
2.77172	0	1	148	FullDelay	0.74772	747720	1	6
2.7862	0	1	149	LastDelay	0.755372	755372	1	6
2.7862	0	1	149	FullDelay	0.755372	755372	1	6
2.80199	0	1	150	LastDelay	0.76434	764340	1	6
2.80199	0	1	150	FullDelay	0.76434	764340	1	6
2.81147	0	1	151	LastDelay	0.766988	766988	1	6
2.81147	0	1	151	FullDelay	0.766988	766988	1	6
2.82146	0	1	152	LastDelay	0.770158	770158	1	6
2.82146	0	1	152	FullDelay	0.770158	770158	1	6
2.83195	0	1	153	LastDelay	0.773821	773821	1	6
2.83195	0	1	153	FullDelay	0.773821	773821	1	6
2.84298	0	1	154	LastDelay	0.778025	778025	1	6
2.84298	0	1	154	FullDelay	0.778025	778025	1	6
2.85363	0	1	155	LastDelay	0.781844	781844	1	6
2.85363	0	1	155	FullDelay	0.781844	781844	1	6
2.8768	0	1	156	LastDelay	0.798189	798189	1	6
2.8768	0	1	156	FullDelay	0.798189	798189	1	6
2.8861	0	1	157	LastDelay	0.80066	800660	1	6
2.8861	0	1	157	FullDelay	0.80066	800660	1	6
2.89643	0	1	158	LastDelay	0.804166	804166	1	6
2.89643	0	1	158	FullDelay	0.804166	804166	1	6
2.90673	0	1	159	LastDelay	0.807632	807632	1	6
2.90673	0	1	159	FullDelay	0.807632	807632	1	6
2.91582	0	1	160	LastDelay	0.809904	809904	1	6
2.91582	0	1	160	FullDelay	0.809904	809904	1	6
2.93553	0	1	162	LastDelay	0.815954	815954	1	6
2.93553	0	1	162	FullDelay	0.815954	815954	1	6
2.94636	0	1	163	LastDelay	0.819962	819962	1	6
2.94636	0	1	163	FullDelay	0.819962	819962	1	6
2.95642	0	1	164	LastDelay	0.823192	823192	1	6
2.95642	0	1	164	FullDelay	0.823192	823192	1	6
2.98045	0	1	165	LastDelay	0.840401	840401	1	6
2.98045	0	1	165	FullDelay	0.840401	840401	1	6
3.0071	0	1	167	LastDelay	0.846572	846572	1	6
3.0071	0	1	167	FullDelay	0.846572	846572	1	6
3.01624	0	1	168	LastDelay	0.848883	848883	1	6
3.01624	0	1	168	FullDelay	0.848883	848883	1	6
3.02632	0	1	169	LastDelay	0.852133	852133	1	6
3.02632	0	1	169	FullDelay	0.852133	852133	1	6
3.0354	0	1	170	LastDelay	0.854384	854384	1	6
3.0354	0	1	170	FullDelay	0.854384	854384	1	6
3.05367	0	1	172	LastDelay	0.859007	859007	1	6
3.05367	0	1	172	FullDelay	0.859007	859007	1	6
3.06991	0	1	173	LastDelay	0.86842	868420	1	6
3.06991	0	1	173	FullDelay	0.86842	868420	1	6
3.08132	0	1	174	LastDelay	0.872998	872998	1	6
3.08132	0	1	174	FullDelay	0.872998	872998	1	6
3.09076	0	1	175	LastDelay	0.875613	875613	1	6
3.09076	0	1	175	FullDelay	0.875613	875613	1	6
3.10349	0	1	176	LastDelay	0.881517	881517	1	6
3.10349	0	1	176	FullDelay	0.881517	881517	1	6
3.11259	0	1	177	LastDelay	0.883789	883789	1	6
3.11259	0	1	177	FullDelay	0.883789	883789	1	6
3.12331	0	1	178	LastDelay	0.887687	887687	1	6
3.12331	0	1	178	FullDelay	0.887687	887687	1	6
3.13704	0	1	179	LastDelay	0.89459	894590	1	6
3.13704	0	1	179	FullDelay	0.89459	894590	1	6
3.14639	0	1	180	LastDelay	0.897105	897105	1	6
3.14639	0	1	180	FullDelay	0.897105	897105	1	6
3.15595	0	1	181	LastDelay	0.899841	899841	1	6
3.15595	0	1	181	FullDelay	0.899841	899841	1	6
3.16709	0	1	182	LastDelay	0.904154	904154	1	6
3.16709	0	1	182	FullDelay	0.904154	904154	1	6
3.19449	0	1	183	LastDelay	0.924732	924732	1	6
3.19449	0	1	183	FullDelay	0.924732	924732	1	6
3.20792	0	1	184	LastDelay	0.93133	931330	1	6
3.20792	0	1	184	FullDelay	0.93133	931330	1	6
3.21703	0	1	185	LastDelay	0.933621	933621	1	6
3.21703	0	1	185	FullDelay	0.933621	933621	1	6
3.22797	0	1	186	LastDelay	0.937729	937729	1	6
3.22797	0	1	186	FullDelay	0.937729	937729	1	6
3.23809	0	1	187	LastDelay	0.941019	941019	1	6
3.23809	0	1	187	FullDelay	0.941019	941019	1	6
3.24724	0	1	188	LastDelay	0.943351	943351	1	6
3.24724	0	1	188	FullDelay	0.943351	943351	1	6
3.2574	0	1	189	LastDelay	0.946677	946677	1	6
3.2574	0	1	189	FullDelay	0.946677	946677	1	6
3.26804	0	1	190	LastDelay	0.950496	950496	1	6
3.26804	0	1	190	FullDelay	0.950496	950496	1	6
3.27788	0	1	191	LastDelay	0.953507	953507	1	6
3.27788	0	1	191	FullDelay	0.953507	953507	1	6
3.28694	0	1	192	LastDelay	0.955738	955738	1	6
3.28694	0	1	192	FullDelay	0.955738	955738	1	6
3.29685	0	1	193	LastDelay	0.958828	958828	1	6
3.29685	0	1	193	FullDelay	0.958828	958828	1	6
3.30805	0	1	194	LastDelay	0.963193	963193	1	6
3.30805	0	1	194	FullDelay	0.963193	963193	1	6
3.32086	0	1	86	LastDelay	0.969177	969177	1	2
3.32086	0	1	86	FullDelay	1.72011	1.72011e+06	2	2
3.33635	0	1	195	LastDelay	0.977844	977844	1	6
3.33635	0	1	195	FullDelay	0.977844	977844	1	6
3.34545	0	1	196	LastDelay	0.980115	980115	1	6
3.34545	0	1	196	FullDelay	0.980115	980115	1	6
3.35563	0	1	197	LastDelay	0.983469	983469	1	6
3.35563	0	1	197	FullDelay	0.983469	983469	1	6
3.36655	0	1	198	LastDelay	0.987565	987565	1	6
3.36655	0	1	198	FullDelay	0.987565	987565	1	6
3.37819	0	1	199	LastDelay	0.992381	992381	1	6
3.37819	0	1	199	FullDelay	0.992381	992381	1	6
3.39919	0	1	94	LastDelay	0.992899	992899	1	2
3.39919	0	1	94	FullDelay	1.74383	1.74383e+06	2	2
3.40851	0	1	201	LastDelay	1.00904	1.00904e+06	1	6
3.40851	0	1	201	FullDelay	1.00904	1.00904e+06	1	6
3.42617	0	1	97	LastDelay	0.972086	972086	1	2
3.42617	0	1	97	FullDelay	1.75033	1.75033e+06	2	2
3.43867	0	1	100	LastDelay	0.977759	977759	1	2
3.43867	0	1	100	FullDelay	1.74235	1.74235e+06	2	2
3.45084	0	1	202	LastDelay	1.03772	1.03772e+06	1	6
3.45084	0	1	202	FullDelay	1.03772	1.03772e+06	1	6
3.46071	0	1	203	LastDelay	1.04076	1.04076e+06	1	6
3.46071	0	1	203	FullDelay	1.04076	1.04076e+06	1	6
3.47067	0	1	204	LastDelay	1.0439	1.0439e+06	1	6
3.47067	0	1	204	FullDelay	1.0439	1.0439e+06	1	6
3.48299	0	1	205	LastDelay	1.04939	1.04939e+06	1	6
3.48299	0	1	205	FullDelay	1.04939	1.04939e+06	1	6
3.49377	0	1	206	LastDelay	1.05334	1.05334e+06	1	6
3.49377	0	1	206	FullDelay	1.05334	1.05334e+06	1	6
3.50524	0	1	207	LastDelay	1.05799	1.05799e+06	1	6
3.50524	0	1	207	FullDelay	1.05799	1.05799e+06	1	6
3.53027	0	1	209	LastDelay	1.05571	1.05571e+06	1	6
3.53027	0	1	209	FullDelay	1.05571	1.05571e+06	1	6
3.55589	0	1	211	LastDelay	1.06768	1.06768e+06	1	6
3.55589	0	1	211	FullDelay	1.06768	1.06768e+06	1	6
3.57163	0	1	212	LastDelay	1.07659	1.07659e+06	1	6
3.57163	0	1	212	FullDelay	1.07659	1.07659e+06	1	6
3.58145	0	1	213	LastDelay	1.07959	1.07959e+06	1	6
3.58145	0	1	213	FullDelay	1.07959	1.07959e+06	1	6
3.59154	0	1	214	LastDelay	1.08284	1.08284e+06	1	6
3.59154	0	1	214	FullDelay	1.08284	1.08284e+06	1	6
3.60752	0	1	215	LastDelay	1.092	1.092e+06	1	6
3.60752	0	1	215	FullDelay	1.092	1.092e+06	1	6
3.61773	0	1	216	LastDelay	1.09538	1.09538e+06	1	6
3.61773	0	1	216	FullDelay	1.09538	1.09538e+06	1	6
3.62838	0	1	217	LastDelay	1.0992	1.0992e+06	1	6
3.62838	0	1	217	FullDelay	1.0992	1.0992e+06	1	6
3.63917	0	1	218	LastDelay	1.10317	1.10317e+06	1	6
3.63917	0	1	218	FullDelay	1.10317	1.10317e+06	1	6
3.64917	0	1	219	LastDelay	1.10634	1.10634e+06	1	6
3.64917	0	1	219	FullDelay	1.10634	1.10634e+06	1	6
3.65914	0	1	220	LastDelay	1.10948	1.10948e+06	1	6
3.65914	0	1	220	FullDelay	1.10948	1.10948e+06	1	6
4.7616	0	1	523	LastDelay	0.0615459	61545.9	1	6
4.7616	0	1	523	FullDelay	0.0615459	61545.9	1	6
4.79164	0	1	524	LastDelay	0.0847559	84755.9	1	6
4.79164	0	1	524	FullDelay	0.0847559	84755.9	1	6
4.81603	0	1	525	LastDelay	0.102326	102326	1	6
4.81603	0	1	525	FullDelay	0.102326	102326	1	6
4.8251	0	1	526	LastDelay	0.104565	104565	1	6
4.8251	0	1	526	FullDelay	0.104565	104565	1	6
4.85955	0	1	527	LastDelay	0.132186	132186	1	6
4.85955	0	1	527	FullDelay	0.132186	132186	1	6
4.86865	0	1	528	LastDelay	0.134466	134466	1	6
4.86865	0	1	528	FullDelay	0.134466	134466	1	6
4.89664	0	1	530	LastDelay	0.148799	148799	1	6
4.89664	0	1	530	FullDelay	0.148799	148799	1	6
4.93732	0	1	531	LastDelay	0.182657	182657	1	6
4.93732	0	1	531	FullDelay	0.182657	182657	1	6
4.94647	0	1	532	LastDelay	0.184977	184977	1	6
4.94647	0	1	532	FullDelay	0.184977	184977	1	6
4.95828	0	1	533	LastDelay	0.189957	189957	1	6
4.95828	0	1	533	FullDelay	0.189957	189957	1	6
4.98287	0	1	534	LastDelay	0.207728	207728	1	6
4.98287	0	1	534	FullDelay	0.207728	207728	1	6
4.99301	0	1	535	LastDelay	0.211034	211034	1	6
4.99301	0	1	535	FullDelay	0.211034	211034	1	6
5.01376	0	1	536	LastDelay	0.224958	224958	1	6
5.01376	0	1	536	FullDelay	0.224958	224958	1	6
5.02308	0	1	537	LastDelay	0.227458	227458	1	6
5.02308	0	1	537	FullDelay	0.227458	227458	1	6
5.03477	0	1	538	LastDelay	0.232318	232318	1	6
5.03477	0	1	538	FullDelay	0.232318	232318	1	6
5.06681	0	1	539	LastDelay	0.257527	257527	1	6
5.06681	0	1	539	FullDelay	0.257527	257527	1	6
5.0961	0	1	541	LastDelay	0.273167	273167	1	6
5.0961	0	1	541	FullDelay	0.273167	273167	1	6
5.12723	0	1	542	LastDelay	0.297472	297472	1	6
5.12723	0	1	542	FullDelay	0.297472	297472	1	6
5.15504	0	1	543	LastDelay	0.318458	318458	1	6
5.15504	0	1	543	FullDelay	0.318458	318458	1	6
5.16642	0	1	544	LastDelay	0.323004	323004	1	6
5.16642	0	1	544	FullDelay	0.323004	323004	1	6
5.20497	0	1	546	LastDelay	0.347902	347902	1	6
5.20497	0	1	546	FullDelay	0.347902	347902	1	6
5.32618	0	1	548	LastDelay	0.455458	455458	1	6
5.32618	0	1	548	FullDelay	0.455458	455458	1	6
5.33625	0	1	549	LastDelay	0.458702	458702	1	6
5.33625	0	1	549	FullDelay	0.458702	458702	1	6
5.35615	0	1	550	LastDelay	0.471776	471776	1	6
5.35615	0	1	550	FullDelay	0.471776	471776	1	6
5.37712	0	1	551	LastDelay	0.485919	485919	1	6
5.37712	0	1	551	FullDelay	0.485919	485919	1	6
5.38809	0	1	552	LastDelay	0.490067	490067	1	6
5.38809	0	1	552	FullDelay	0.490067	490067	1	6
5.39907	0	1	553	LastDelay	0.494219	494219	1	6
5.39907	0	1	553	FullDelay	0.494219	494219	1	6
5.41073	0	1	554	LastDelay	0.499055	499055	1	6
5.41073	0	1	554	FullDelay	0.499055	499055	1	6
5.44026	0	1	555	LastDelay	0.521749	521749	1	6
5.44026	0	1	555	FullDelay	0.521749	521749	1	6
5.49211	0	1	557	LastDelay	0.559955	559955	1	6
5.49211	0	1	557	FullDelay	0.559955	559955	1	6
5.50122	0	1	558	LastDelay	0.562234	562234	1	6
5.50122	0	1	558	FullDelay	0.562234	562234	1	6
5.55165	0	1	106	LastDelay	0.599013	599013	1	4
5.55165	0	1	106	FullDelay	3.81437	3.81437e+06	3	4
5.56321	0	1	559	LastDelay	0.617399	617399	1	6
5.56321	0	1	559	FullDelay	0.617399	617399	1	6
5.59717	0	1	107	LastDelay	0.637699	637699	1	4
5.59717	0	1	107	FullDelay	3.85306	3.85306e+06	3	4
5.60743	0	1	114	LastDelay	0.641133	641133	1	4
5.60743	0	1	114	FullDelay	3.81553	3.81553e+06	3	4
5.61741	0	1	123	LastDelay	0.644291	644291	1	4
5.61741	0	1	123	FullDelay	3.76408	3.76408e+06	3	4
5.62943	0	1	221	LastDelay	0.649483	649483	1	4
5.62943	0	1	221	FullDelay	3.0593	3.0593e+06	2	4
5.68011	0	1	223	LastDelay	0.686508	686508	1	4
5.68011	0	1	223	FullDelay	3.09632	3.09632e+06	2	4
5.69931	0	1	75	LastDelay	0.698884	698884	1	4
5.69931	0	1	75	FullDelay	4.17366	4.17366e+06	4	4
5.72216	0	1	142	LastDelay	0.714909	714909	1	4
5.72216	0	1	142	FullDelay	3.73912	3.73912e+06	3	4
5.7721	0	1	166	LastDelay	0.751196	751196	1	4
5.7721	0	1	166	FullDelay	3.62522	3.62522e+06	3	4
5.7838	0	1	171	LastDelay	0.756065	756065	1	4
5.7838	0	1	171	FullDelay	3.59596	3.59596e+06	3	4
5.81193	0	1	224	LastDelay	0.777375	777375	1	4
5.81193	0	1	224	FullDelay	3.22132	3.22132e+06	2	4
5.82206	0	1	225	LastDelay	0.780677	780677	1	4
5.82206	0	1	225	FullDelay	3.22462	3.22462e+06	2	4
5.83365	0	1	226	LastDelay	0.785432	785432	1	4
5.83365	0	1	226	FullDelay	3.22938	3.22938e+06	2	4
5.86561	0	1	200	LastDelay	0.810574	810574	1	4
5.86561	0	1	200	FullDelay	3.47297	3.47297e+06	3	4
5.88382	0	1	208	LastDelay	0.821952	821952	1	4
5.88382	0	1	208	FullDelay	3.41608	3.41608e+06	3	4
5.89411	0	1	210	LastDelay	0.825414	825414	1	4
5.89411	0	1	210	FullDelay	3.41272	3.41272e+06	3	4
5.91467	0	1	227	LastDelay	0.839147	839147	1	4
5.91467	0	1	227	FullDelay	3.30357	3.30357e+06	2	4
5.92647	0	1	228	LastDelay	0.844119	844119	1	4
5.92647	0	1	228	FullDelay	3.30855	3.30855e+06	2	4
5.95711	0	1	230	LastDelay	0.861113	861113	1	4
5.95711	0	1	230	FullDelay	3.32554	3.32554e+06	2	4
5.96871	0	1	231	LastDelay	0.865887	865887	1	4
5.96871	0	1	231	FullDelay	3.33031	3.33031e+06	2	4
5.98765	0	1	232	LastDelay	0.877995	877995	1	4
5.98765	0	1	232	FullDelay	3.34242	3.34242e+06	2	4
5.99752	0	1	233	LastDelay	0.881036	881036	1	4
5.99752	0	1	233	FullDelay	3.33864	3.33864e+06	2	4
6.01953	0	1	234	LastDelay	0.896226	896226	1	4
6.01953	0	1	234	FullDelay	3.35383	3.35383e+06	2	4
6.05355	0	1	236	LastDelay	0.91659	916590	1	4
6.05355	0	1	236	FullDelay	3.37419	3.37419e+06	2	4
6.07439	0	1	237	LastDelay	0.930603	930603	1	4
6.07439	0	1	237	FullDelay	3.3882	3.3882e+06	2	4
6.08431	0	1	238	LastDelay	0.933693	933693	1	4
6.08431	0	1	238	FullDelay	3.39129	3.39129e+06	2	4
6.14885	0	1	241	LastDelay	0.977759	977759	1	4
6.14885	0	1	241	FullDelay	3.42853	3.42853e+06	2	4
6.15858	0	1	242	LastDelay	0.98066	980660	1	4
6.15858	0	1	242	FullDelay	3.43143	3.43143e+06	2	4
6.17083	0	1	243	LastDelay	0.986088	986088	1	4
6.17083	0	1	243	FullDelay	3.43686	3.43686e+06	2	4
6.18233	0	1	244	LastDelay	0.990753	990753	1	4
6.18233	0	1	244	FullDelay	3.44153	3.44153e+06	2	4
6.21321	0	1	245	LastDelay	1.01481	1.01481e+06	1	4
6.21321	0	1	245	FullDelay	3.46558	3.46558e+06	2	4
6.22924	0	1	246	LastDelay	1.02401	1.02401e+06	1	4
6.22924	0	1	246	FullDelay	3.47478	3.47478e+06	2	4
6.24013	0	1	247	LastDelay	1.02807	1.02807e+06	1	4
6.24013	0	1	247	FullDelay	3.47885	3.47885e+06	2	4
6.25246	0	1	248	LastDelay	1.03358	1.03358e+06	1	4
6.25246	0	1	248	FullDelay	3.48435	3.48435e+06	2	4
6.26245	0	1	249	LastDelay	1.03675	1.03675e+06	1	4
6.26245	0	1	249	FullDelay	3.48752	3.48752e+06	2	4
6.28061	0	1	250	LastDelay	1.04808	1.04808e+06	1	4
6.28061	0	1	250	FullDelay	3.49885	3.49885e+06	2	4
6.32688	0	1	254	LastDelay	1.06704	1.06704e+06	1	4
6.32688	0	1	254	FullDelay	3.51781	3.51781e+06	2	4
6.33842	0	1	255	LastDelay	1.07175	1.07175e+06	1	4
6.33842	0	1	255	FullDelay	3.52253	3.52253e+06	2	4
6.3509	0	1	256	LastDelay	1.0774	1.0774e+06	1	4
6.3509	0	1	256	FullDelay	3.52818	3.52818e+06	2	4
6.37427	0	1	258	LastDelay	1.08712	1.08712e+06	1	4
6.37427	0	1	258	FullDelay	3.5379	3.5379e+06	2	4
6.38747	0	1	259	LastDelay	1.0935	1.0935e+06	1	4
6.38747	0	1	259	FullDelay	3.54427	3.54427e+06	2	4
6.39847	0	1	260	LastDelay	1.09767	1.09767e+06	1	4
6.39847	0	1	260	FullDelay	3.54844	3.54844e+06	2	4
6.41217	0	1	261	LastDelay	1.10454	1.10454e+06	1	4
6.41217	0	1	261	FullDelay	3.55531	3.55531e+06	2	4
6.42319	0	1	262	LastDelay	1.10873	1.10873e+06	1	4
6.42319	0	1	262	FullDelay	3.55951	3.55951e+06	2	4
6.434	0	1	263	LastDelay	1.11272	1.11272e+06	1	4
6.434	0	1	263	FullDelay	3.5635	3.5635e+06	2	4
6.44739	0	1	264	LastDelay	1.11929	1.11929e+06	1	4
6.44739	0	1	264	FullDelay	3.57006	3.57006e+06	2	4
6.45739	0	1	265	LastDelay	1.12245	1.12245e+06	1	4
6.45739	0	1	265	FullDelay	3.57323	3.57323e+06	2	4
6.47233	0	1	266	LastDelay	1.13057	1.13057e+06	1	4
6.47233	0	1	266	FullDelay	3.58134	3.58134e+06	2	4
6.48665	0	1	267	LastDelay	1.13806	1.13806e+06	1	4
6.48665	0	1	267	FullDelay	3.58884	3.58884e+06	2	4
6.49578	0	1	268	LastDelay	1.14036	1.14036e+06	1	4
6.49578	0	1	268	FullDelay	3.59114	3.59114e+06	2	4
6.50753	0	1	269	LastDelay	1.1453	1.1453e+06	1	4
6.50753	0	1	269	FullDelay	3.59607	3.59607e+06	2	4
6.51795	0	1	270	LastDelay	1.14888	1.14888e+06	1	4
6.51795	0	1	270	FullDelay	3.59965	3.59965e+06	2	4
6.52881	0	1	271	LastDelay	1.15291	1.15291e+06	1	4
6.52881	0	1	271	FullDelay	3.60369	3.60369e+06	2	4
6.55025	0	1	273	LastDelay	1.1607	1.1607e+06	1	4
6.55025	0	1	273	FullDelay	3.61148	3.61148e+06	2	4
6.56123	0	1	274	LastDelay	1.16485	1.16485e+06	1	4
6.56123	0	1	274	FullDelay	3.61563	3.61563e+06	2	4
6.57201	0	1	275	LastDelay	1.16881	1.16881e+06	1	4
6.57201	0	1	275	FullDelay	3.61275	3.61275e+06	2	4
6.58117	0	1	276	LastDelay	1.17115	1.17115e+06	1	4
6.58117	0	1	276	FullDelay	3.61509	3.61509e+06	2	4
6.59417	0	1	277	LastDelay	1.17732	1.17732e+06	1	4
6.59417	0	1	277	FullDelay	3.62126	3.62126e+06	2	4
6.60331	0	1	278	LastDelay	1.17964	1.17964e+06	1	4
6.60331	0	1	278	FullDelay	3.62358	3.62358e+06	2	4
6.61297	0	1	279	LastDelay	1.18246	1.18246e+06	1	4
6.61297	0	1	279	FullDelay	3.62641	3.62641e+06	2	4
6.62504	0	1	280	LastDelay	1.18771	1.18771e+06	1	4
6.62504	0	1	280	FullDelay	3.63166	3.63166e+06	2	4
6.65259	0	1	282	LastDelay	1.20161	1.20161e+06	1	4
6.65259	0	1	282	FullDelay	3.64555	3.64555e+06	2	4
6.66172	0	1	283	LastDelay	1.20391	1.20391e+06	1	4
6.66172	0	1	283	FullDelay	3.64785	3.64785e+06	2	4
6.67465	0	1	284	LastDelay	1.21001	1.21001e+06	1	4
6.67465	0	1	284	FullDelay	3.65396	3.65396e+06	2	4
6.68376	0	1	285	LastDelay	1.21229	1.21229e+06	1	4
6.68376	0	1	285	FullDelay	3.65624	3.65624e+06	2	4
6.69708	0	1	286	LastDelay	1.21879	1.21879e+06	1	4
6.69708	0	1	286	FullDelay	3.66274	3.66274e+06	2	4
6.71561	0	1	288	LastDelay	1.22367	1.22367e+06	1	4
6.71561	0	1	288	FullDelay	3.66761	3.66761e+06	2	4
6.73741	0	1	290	LastDelay	1.23181	1.23181e+06	1	4
6.73741	0	1	290	FullDelay	3.67576	3.67576e+06	2	4
6.75059	0	1	291	LastDelay	1.23816	1.23816e+06	1	4
6.75059	0	1	291	FullDelay	3.68211	3.68211e+06	2	4
6.76959	0	1	293	LastDelay	1.24351	1.24351e+06	1	4
6.76959	0	1	293	FullDelay	3.68746	3.68746e+06	2	4
6.78042	0	1	294	LastDelay	1.24751	1.24751e+06	1	4
6.78042	0	1	294	FullDelay	3.69146	3.69146e+06	2	4
6.79047	0	1	295	LastDelay	1.25074	1.25074e+06	1	4
6.79047	0	1	295	FullDelay	3.69468	3.69468e+06	2	4
6.80263	0	1	296	LastDelay	1.25607	1.25607e+06	1	4
6.80263	0	1	296	FullDelay	3.70002	3.70002e+06	2	4
6.8236	0	1	298	LastDelay	1.26339	1.26339e+06	1	4
6.8236	0	1	298	FullDelay	3.70734	3.70734e+06	2	4
6.83269	0	1	299	LastDelay	1.26565	1.26565e+06	1	4
6.83269	0	1	299	FullDelay	3.7096	3.7096e+06	2	4
6.84262	0	1	300	LastDelay	1.26876	1.26876e+06	1	4
6.84262	0	1	300	FullDelay	3.7127	3.7127e+06	2	4
6.85249	0	1	301	LastDelay	1.27179	1.27179e+06	1	4
6.85249	0	1	301	FullDelay	3.71574	3.71574e+06	2	4
6.8653	0	1	302	LastDelay	1.27778	1.27778e+06	1	4
6.8653	0	1	302	FullDelay	3.72173	3.72173e+06	2	4
6.88872	0	1	304	LastDelay	1.28754	1.28754e+06	1	4
6.88872	0	1	304	FullDelay	3.72466	3.72466e+06	2	4
6.89784	0	1	305	LastDelay	1.28984	1.28984e+06	1	4
6.89784	0	1	305	FullDelay	3.72696	3.72696e+06	2	4
6.91036	0	1	306	LastDelay	1.29553	1.29553e+06	1	4
6.91036	0	1	306	FullDelay	3.73265	3.73265e+06	2	4
6.9317	0	1	308	LastDelay	1.30322	1.30322e+06	1	4
6.9317	0	1	308	FullDelay	3.74034	3.74034e+06	2	4
6.95495	0	1	310	LastDelay	1.31282	1.31282e+06	1	4
6.95495	0	1	310	FullDelay	3.73629	3.73629e+06	2	4
6.96424	0	1	311	LastDelay	1.31528	1.31528e+06	1	4
6.96424	0	1	311	FullDelay	3.73875	3.73875e+06	2	4
6.97699	0	1	312	LastDelay	1.3212	1.3212e+06	1	4
6.97699	0	1	312	FullDelay	3.74467	3.74467e+06	2	4
6.98628	0	1	313	LastDelay	1.32366	1.32366e+06	1	4
6.98628	0	1	313	FullDelay	3.74713	3.74713e+06	2	4
6.99792	0	1	314	LastDelay	1.32848	1.32848e+06	1	4
6.99792	0	1	314	FullDelay	3.75195	3.75195e+06	2	4
7.00731	0	1	315	LastDelay	1.33105	1.33105e+06	1	4
7.00731	0	1	315	FullDelay	3.75451	3.75451e+06	2	4
7.01707	0	1	316	LastDelay	1.33397	1.33397e+06	1	4
7.01707	0	1	316	FullDelay	3.75744	3.75744e+06	2	4
7.03013	0	1	317	LastDelay	1.34021	1.34021e+06	1	4
7.03013	0	1	317	FullDelay	3.76368	3.76368e+06	2	4
7.04015	0	1	318	LastDelay	1.3434	1.3434e+06	1	4
7.04015	0	1	318	FullDelay	3.76687	3.76687e+06	2	4
7.05918	0	1	320	LastDelay	1.34878	1.34878e+06	1	4
7.05918	0	1	320	FullDelay	3.77224	3.77224e+06	2	4
7.07736	0	1	321	LastDelay	1.36014	1.36014e+06	1	4
7.07736	0	1	321	FullDelay	3.7836	3.7836e+06	2	4
7.08741	0	1	322	LastDelay	1.36336	1.36336e+06	1	4
7.08741	0	1	322	FullDelay	3.78	3.78e+06	2	4
7.0965	0	1	323	LastDelay	1.36562	1.36562e+06	1	4
7.0965	0	1	323	FullDelay	3.78226	3.78226e+06	2	4
7.10682	0	1	324	LastDelay	1.36911	1.36911e+06	1	4
7.10682	0	1	324	FullDelay	3.78575	3.78575e+06	2	4
7.11705	0	1	325	LastDelay	1.37252	1.37252e+06	1	4
7.11705	0	1	325	FullDelay	3.78916	3.78916e+06	2	4
7.1291	0	1	326	LastDelay	1.37774	1.37774e+06	1	4
7.1291	0	1	326	FullDelay	3.79438	3.79438e+06	2	4
7.14601	0	1	327	LastDelay	1.38782	1.38782e+06	1	4
7.14601	0	1	327	FullDelay	3.80446	3.80446e+06	2	4
7.15589	0	1	328	LastDelay	1.39088	1.39088e+06	1	4
7.15589	0	1	328	FullDelay	3.80752	3.80752e+06	2	4
7.17517	0	1	330	LastDelay	1.39651	1.39651e+06	1	4
7.17517	0	1	330	FullDelay	3.81315	3.81315e+06	2	4
7.1897	0	1	331	LastDelay	1.40421	1.40421e+06	1	4
7.1897	0	1	331	FullDelay	3.82085	3.82085e+06	2	4
7.19909	0	1	332	LastDelay	1.40677	1.40677e+06	1	4
7.19909	0	1	332	FullDelay	3.82341	3.82341e+06	2	4
7.20999	0	1	333	LastDelay	1.41084	1.41084e+06	1	4
7.20999	0	1	333	FullDelay	3.82748	3.82748e+06	2	4
7.22201	0	1	334	LastDelay	1.41604	1.41604e+06	1	4
7.22201	0	1	334	FullDelay	3.83268	3.83268e+06	2	4
7.23302	0	1	335	LastDelay	1.42022	1.42022e+06	1	4
7.23302	0	1	335	FullDelay	3.83686	3.83686e+06	2	4
7.24622	0	1	336	LastDelay	1.42659	1.42659e+06	1	4
7.24622	0	1	336	FullDelay	3.84323	3.84323e+06	2	4
7.2631	0	1	337	LastDelay	1.43664	1.43664e+06	1	4
7.2631	0	1	337	FullDelay	3.85328	3.85328e+06	2	4
7.27449	0	1	338	LastDelay	1.44121	1.44121e+06	1	4
7.27449	0	1	338	FullDelay	3.85785	3.85785e+06	2	4
7.28356	0	1	339	LastDelay	1.44345	1.44345e+06	1	4
7.28356	0	1	339	FullDelay	3.86009	3.86009e+06	2	4
7.2942	0	1	340	LastDelay	1.44727	1.44727e+06	1	4
7.2942	0	1	340	FullDelay	3.86391	3.86391e+06	2	4
7.30996	0	1	341	LastDelay	1.4562	1.4562e+06	1	4
7.30996	0	1	341	FullDelay	3.87284	3.87284e+06	2	4
7.32098	0	1	342	LastDelay	1.4604	1.4604e+06	1	4
7.32098	0	1	342	FullDelay	3.87704	3.87704e+06	2	4
7.33539	0	1	343	LastDelay	1.46797	1.46797e+06	1	4
7.33539	0	1	343	FullDelay	3.88461	3.88461e+06	2	4
7.34451	0	1	344	LastDelay	1.47027	1.47027e+06	1	4
7.34451	0	1	344	FullDelay	3.88691	3.88691e+06	2	4
7.35808	0	1	345	LastDelay	1.47701	1.47701e+06	1	4
7.35808	0	1	345	FullDelay	3.89365	3.89365e+06	2	4
7.37004	0	1	346	LastDelay	1.48215	1.48215e+06	1	4
7.37004	0	1	346	FullDelay	3.89879	3.89879e+06	2	4
7.38019	0	1	347	LastDelay	1.48547	1.48547e+06	1	4
7.38019	0	1	347	FullDelay	3.90211	3.90211e+06	2	4
7.3893	0	1	348	LastDelay	1.48775	1.48775e+06	1	4
7.3893	0	1	348	FullDelay	3.90439	3.90439e+06	2	4
7.40469	0	1	349	LastDelay	1.49631	1.49631e+06	1	4
7.40469	0	1	349	FullDelay	3.91295	3.91295e+06	2	4
7.41506	0	1	350	LastDelay	1.49986	1.49986e+06	1	4
7.41506	0	1	350	FullDelay	3.9165	3.9165e+06	2	4
7.42635	0	1	351	LastDelay	1.50433	1.50433e+06	1	4
7.42635	0	1	351	FullDelay	3.92097	3.92097e+06	2	4
7.43631	0	1	352	LastDelay	1.50745	1.50745e+06	1	4
7.43631	0	1	352	FullDelay	3.92409	3.92409e+06	2	4
7.4526	0	1	353	LastDelay	1.51692	1.51692e+06	1	4
7.4526	0	1	353	FullDelay	3.93356	3.93356e+06	2	4
7.46242	0	1	354	LastDelay	1.51992	1.51992e+06	1	4
7.46242	0	1	354	FullDelay	3.93656	3.93656e+06	2	4
7.47173	0	1	355	LastDelay	1.5224	1.5224e+06	1	4
7.47173	0	1	355	FullDelay	3.93904	3.93904e+06	2	4
7.48082	0	1	356	LastDelay	1.52466	1.52466e+06	1	4
7.48082	0	1	356	FullDelay	3.9413	3.9413e+06	2	4
7.49415	0	1	357	LastDelay	1.53116	1.53116e+06	1	4
7.49415	0	1	357	FullDelay	3.9478	3.9478e+06	2	4
7.50352	0	1	358	LastDelay	1.5337	1.5337e+06	1	4
7.50352	0	1	358	FullDelay	3.95034	3.95034e+06	2	4
7.52063	0	1	359	LastDelay	1.54399	1.54399e+06	1	4
7.52063	0	1	359	FullDelay	3.96063	3.96063e+06	2	4
7.53038	0	1	360	LastDelay	1.54692	1.54692e+06	1	4
7.53038	0	1	360	FullDelay	3.96355	3.96355e+06	2	4
7.54064	0	1	361	LastDelay	1.55035	1.55035e+06	1	4
7.54064	0	1	361	FullDelay	3.96699	3.96699e+06	2	4
7.567	0	1	363	LastDelay	1.56306	1.56306e+06	1	4
7.567	0	1	363	FullDelay	3.9797	3.9797e+06	2	4
7.5775	0	1	364	LastDelay	1.56672	1.56672e+06	1	4
7.5775	0	1	364	FullDelay	3.98336	3.98336e+06	2	4
7.59931	0	1	366	LastDelay	1.57489	1.57489e+06	1	4
7.59931	0	1	366	FullDelay	3.99153	3.99153e+06	2	4
7.60884	0	1	367	LastDelay	1.57759	1.57759e+06	1	4
7.60884	0	1	367	FullDelay	3.99423	3.99423e+06	2	4
7.62141	0	1	368	LastDelay	1.58333	1.58333e+06	1	4
7.62141	0	1	368	FullDelay	3.99997	3.99997e+06	2	4
7.64722	0	1	370	LastDelay	1.59549	1.59549e+06	1	4
7.64722	0	1	370	FullDelay	4.01213	4.01213e+06	2	4
7.65998	0	1	371	LastDelay	1.60142	1.60142e+06	1	4
7.65998	0	1	371	FullDelay	4.01806	4.01806e+06	2	4
7.66908	0	1	372	LastDelay	1.6037	1.6037e+06	1	4
7.66908	0	1	372	FullDelay	4.02034	4.02034e+06	2	4
7.68213	0	1	373	LastDelay	1.60992	1.60992e+06	1	4
7.68213	0	1	373	FullDelay	4.01973	4.01973e+06	2	4
7.69132	0	1	374	LastDelay	1.61228	1.61228e+06	1	4
7.69132	0	1	374	FullDelay	4.02209	4.02209e+06	2	4
7.7004	0	1	375	LastDelay	1.61454	1.61454e+06	1	6
7.7004	0	1	375	FullDelay	4.02435	4.02435e+06	2	6
7.70961	0	1	376	LastDelay	1.61692	1.61692e+06	1	6
7.70961	0	1	376	FullDelay	4.02673	4.02673e+06	2	6
7.72061	0	1	377	LastDelay	1.62109	1.62109e+06	1	6
7.72061	0	1	377	FullDelay	4.0309	4.0309e+06	2	6
7.73688	0	1	378	LastDelay	1.63053	1.63053e+06	1	6
7.73688	0	1	378	FullDelay	4.04034	4.04034e+06	2	6
7.74594	0	1	379	LastDelay	1.63277	1.63277e+06	1	6
7.74594	0	1	379	FullDelay	4.04258	4.04258e+06	2	6
7.75511	0	1	380	LastDelay	1.63511	1.63511e+06	1	6
7.75511	0	1	380	FullDelay	4.04492	4.04492e+06	2	6
7.76596	0	1	381	LastDelay	1.63913	1.63913e+06	1	6
7.76596	0	1	381	FullDelay	4.04895	4.04895e+06	2	6
7.77623	0	1	382	LastDelay	1.64258	1.64258e+06	1	6
7.77623	0	1	382	FullDelay	4.05239	4.05239e+06	2	6
7.78566	0	1	383	LastDelay	1.64518	1.64518e+06	1	6
7.78566	0	1	383	FullDelay	4.05499	4.05499e+06	2	6
7.79473	0	1	384	LastDelay	1.64742	1.64742e+06	1	6
7.79473	0	1	384	FullDelay	4.05723	4.05723e+06	2	6
7.80886	0	1	385	LastDelay	1.65473	1.65473e+06	1	6
7.80886	0	1	385	FullDelay	4.06454	4.06454e+06	2	6
7.82081	0	1	386	LastDelay	1.65985	1.65985e+06	1	6
7.82081	0	1	386	FullDelay	4.05601	4.05601e+06	2	6
7.83438	0	1	387	LastDelay	1.6666	1.6666e+06	1	6
7.83438	0	1	387	FullDelay	4.06276	4.06276e+06	2	6
7.86916	0	1	390	LastDelay	1.6809	1.6809e+06	1	6
7.86916	0	1	390	FullDelay	4.07706	4.07706e+06	2	6
7.87982	0	1	391	LastDelay	1.68472	1.68472e+06	1	6
7.87982	0	1	391	FullDelay	4.08088	4.08088e+06	2	6
7.88979	0	1	392	LastDelay	1.68787	1.68787e+06	1	6
7.88979	0	1	392	FullDelay	4.08403	4.08403e+06	2	6
7.89898	0	1	393	LastDelay	1.69023	1.69023e+06	1	6
7.89898	0	1	393	FullDelay	4.08639	4.08639e+06	2	6
7.92685	0	1	395	LastDelay	1.70445	1.70445e+06	1	6
7.92685	0	1	395	FullDelay	4.10061	4.10061e+06	2	6
7.93682	0	1	396	LastDelay	1.7076	1.7076e+06	1	6
7.93682	0	1	396	FullDelay	4.10376	4.10376e+06	2	6
7.94702	0	1	397	LastDelay	1.71096	1.71096e+06	1	6
7.94702	0	1	397	FullDelay	4.10712	4.10712e+06	2	6
7.95709	0	1	398	LastDelay	1.71421	1.71421e+06	1	6
7.95709	0	1	398	FullDelay	4.11037	4.11037e+06	2	6
7.97739	0	1	400	LastDelay	1.72085	1.72085e+06	1	6
7.97739	0	1	400	FullDelay	4.11701	4.11701e+06	2	6
8.00805	0	1	402	LastDelay	1.73787	1.73787e+06	1	6
8.00805	0	1	402	FullDelay	4.13403	4.13403e+06	2	6
8.0173	0	1	403	LastDelay	1.74029	1.74029e+06	1	6
8.0173	0	1	403	FullDelay	4.13645	4.13645e+06	2	6
8.02661	0	1	404	LastDelay	1.74277	1.74277e+06	1	6
8.02661	0	1	404	FullDelay	4.13893	4.13893e+06	2	6
8.03569	0	1	405	LastDelay	1.74503	1.74503e+06	1	6
8.03569	0	1	405	FullDelay	4.14119	4.14119e+06	2	6
8.04767	0	1	406	LastDelay	1.75018	1.75018e+06	1	6
8.04767	0	1	406	FullDelay	4.14634	4.14634e+06	2	6
8.05903	0	1	407	LastDelay	1.75471	1.75471e+06	1	6
8.05903	0	1	407	FullDelay	4.15087	4.15087e+06	2	6
8.07317	0	1	408	LastDelay	1.76202	1.76202e+06	1	6
8.07317	0	1	408	FullDelay	4.15818	4.15818e+06	2	6
8.10749	0	1	411	LastDelay	1.77586	1.77586e+06	1	6
8.10749	0	1	411	FullDelay	4.17202	4.17202e+06	2	6
8.11756	0	1	412	LastDelay	1.77911	1.77911e+06	1	6
8.11756	0	1	412	FullDelay	4.17527	4.17527e+06	2	6
8.12729	0	1	413	LastDelay	1.78202	1.78202e+06	1	6
8.12729	0	1	413	FullDelay	4.17817	4.17817e+06	2	6
8.13701	0	1	414	LastDelay	1.7849	1.7849e+06	1	6
8.13701	0	1	414	FullDelay	4.18106	4.18106e+06	2	6
8.15167	0	1	415	LastDelay	1.79274	1.79274e+06	1	6
8.15167	0	1	415	FullDelay	4.1889	4.1889e+06	2	6
8.1641	0	1	416	LastDelay	1.79834	1.79834e+06	1	6
8.1641	0	1	416	FullDelay	4.1945	4.1945e+06	2	6
8.17576	0	1	417	LastDelay	1.80318	1.80318e+06	1	6
8.17576	0	1	417	FullDelay	4.19934	4.19934e+06	2	6
8.18974	0	1	418	LastDelay	1.81033	1.81033e+06	1	6
8.18974	0	1	418	FullDelay	4.20649	4.20649e+06	2	6
8.19908	0	1	419	LastDelay	1.81284	1.81284e+06	1	6
8.19908	0	1	419	FullDelay	4.209	4.209e+06	2	6
8.20817	0	1	420	LastDelay	1.8151	1.8151e+06	1	6
8.20817	0	1	420	FullDelay	4.21126	4.21126e+06	2	6
8.22859	0	1	422	LastDelay	1.82187	1.82187e+06	1	6
8.22859	0	1	422	FullDelay	4.21803	4.21803e+06	2	6
8.23804	0	1	423	LastDelay	1.8245	1.8245e+06	1	6
8.23804	0	1	423	FullDelay	4.22066	4.22066e+06	2	6
8.25755	0	1	425	LastDelay	1.83035	1.83035e+06	1	6
8.25755	0	1	425	FullDelay	4.22651	4.22651e+06	2	6
8.27312	0	1	426	LastDelay	1.8391	1.8391e+06	1	6
8.27312	0	1	426	FullDelay	4.23526	4.23526e+06	2	6
8.28445	0	1	427	LastDelay	1.8436	1.8436e+06	1	6
8.28445	0	1	427	FullDelay	4.23976	4.23976e+06	2	6
8.29436	0	1	428	LastDelay	1.84668	1.84668e+06	1	6
8.29436	0	1	428	FullDelay	4.24284	4.24284e+06	2	6
8.30343	0	1	429	LastDelay	1.84892	1.84892e+06	1	6
8.30343	0	1	429	FullDelay	4.24508	4.24508e+06	2	6
8.3294	0	1	431	LastDelay	1.86124	1.86124e+06	1	6
8.3294	0	1	431	FullDelay	4.2574	4.2574e+06	2	6
8.33875	0	1	432	LastDelay	1.86376	1.86376e+06	1	6
8.33875	0	1	432	FullDelay	4.25992	4.25992e+06	2	6
8.35047	0	1	433	LastDelay	1.86866	1.86866e+06	1	6
8.35047	0	1	433	FullDelay	4.26482	4.26482e+06	2	6
8.38071	0	1	435	LastDelay	1.88524	1.88524e+06	1	6
8.38071	0	1	435	FullDelay	4.2814	4.2814e+06	2	6
8.39354	0	1	436	LastDelay	1.89124	1.89124e+06	1	6
8.39354	0	1	436	FullDelay	4.2874	4.2874e+06	2	6
8.40262	0	1	437	LastDelay	1.8935	1.8935e+06	1	6
8.40262	0	1	437	FullDelay	4.28966	4.28966e+06	2	6
8.42454	0	1	439	LastDelay	1.90177	1.90177e+06	1	6
8.42454	0	1	439	FullDelay	4.29793	4.29793e+06	2	6
8.43452	0	1	440	LastDelay	1.90492	1.90492e+06	1	6
8.43452	0	1	440	FullDelay	4.30108	4.30108e+06	2	6
8.44508	0	1	441	LastDelay	1.90866	1.90866e+06	1	6
8.44508	0	1	441	FullDelay	4.30482	4.30482e+06	2	6
8.45565	0	1	442	LastDelay	1.91239	1.91239e+06	1	6
8.45565	0	1	442	FullDelay	4.30855	4.30855e+06	2	6
8.47094	0	1	443	LastDelay	1.92086	1.92086e+06	1	6
8.47094	0	1	443	FullDelay	4.31702	4.31702e+06	2	6
8.48167	0	1	444	LastDelay	1.92476	1.92476e+06	1	6
8.48167	0	1	444	FullDelay	4.32092	4.32092e+06	2	6
8.4922	0	1	445	LastDelay	1.92846	1.92846e+06	1	6
8.4922	0	1	445	FullDelay	4.32462	4.32462e+06	2	6
8.50971	0	1	446	LastDelay	1.93915	1.93915e+06	1	6
8.50971	0	1	446	FullDelay	4.33531	4.33531e+06	2	6
8.52976	0	1	448	LastDelay	1.94555	1.94555e+06	1	6
8.52976	0	1	448	FullDelay	4.3417	4.3417e+06	2	6
8.5389	0	1	449	LastDelay	1.94786	1.94786e+06	1	6
8.5389	0	1	449	FullDelay	4.34402	4.34402e+06	2	6
8.54813	0	1	450	LastDelay	1.95026	1.95026e+06	1	6
8.54813	0	1	450	FullDelay	4.34642	4.34642e+06	2	6
8.56567	0	1	451	LastDelay	1.96098	1.96098e+06	1	6
8.56567	0	1	451	FullDelay	4.35714	4.35714e+06	2	6
8.57614	0	1	452	LastDelay	1.96462	1.96462e+06	1	6
8.57614	0	1	452	FullDelay	4.36078	4.36078e+06	2	6
8.5976	0	1	454	LastDelay	1.97242	1.97242e+06	1	6
8.5976	0	1	454	FullDelay	4.36858	4.36858e+06	2	6
8.60757	0	1	455	LastDelay	1.97557	1.97557e+06	1	6
8.60757	0	1	455	FullDelay	4.37173	4.37173e+06	2	6
8.62119	0	1	456	LastDelay	1.98236	1.98236e+06	1	6
8.62119	0	1	456	FullDelay	4.37852	4.37852e+06	2	6
8.63027	0	1	457	LastDelay	1.98462	1.98462e+06	1	6
8.63027	0	1	457	FullDelay	4.38078	4.38078e+06	2	6
8.64647	0	1	458	LastDelay	1.99399	1.99399e+06	1	6
8.64647	0	1	458	FullDelay	4.39015	4.39015e+06	2	6
8.65554	0	1	459	LastDelay	1.99623	1.99623e+06	1	6
8.65554	0	1	459	FullDelay	4.39239	4.39239e+06	2	6
8.6646	0	1	460	LastDelay	1.99847	1.99847e+06	1	6
8.6646	0	1	460	FullDelay	4.39463	4.39463e+06	2	6
12.176	0	1	1289	LastDelay	0.0757933	75793.3	1	6
12.176	0	1	1289	FullDelay	0.0757933	75793.3	1	6
12.2217	0	1	1291	LastDelay	0.107851	107851	1	6
12.2217	0	1	1291	FullDelay	0.107851	107851	1	6
12.2592	0	1	1292	LastDelay	0.138532	138532	1	6
12.2592	0	1	1292	FullDelay	0.138532	138532	1	6
12.2773	0	1	1293	LastDelay	0.149878	149878	1	6
12.2773	0	1	1293	FullDelay	0.149878	149878	1	6
12.2864	0	1	1294	LastDelay	0.152138	152138	1	6
12.2864	0	1	1294	FullDelay	0.152138	152138	1	6
12.2978	0	1	1295	LastDelay	0.156636	156636	1	6
12.2978	0	1	1295	FullDelay	0.156636	156636	1	6
12.3243	0	1	1296	LastDelay	0.176351	176351	1	6
12.3243	0	1	1296	FullDelay	0.176351	176351	1	6
12.3425	0	1	1297	LastDelay	0.187777	187777	1	6
12.3425	0	1	1297	FullDelay	0.187777	187777	1	6
12.3687	0	1	1298	LastDelay	0.207086	207086	1	6
12.3687	0	1	1298	FullDelay	0.207086	207086	1	6
12.4526	0	1	1299	LastDelay	0.284147	284147	1	6
12.4526	0	1	1299	FullDelay	0.284147	284147	1	6
12.4654	0	1	1300	LastDelay	0.29017	290170	1	6
12.4654	0	1	1300	FullDelay	0.29017	290170	1	6
12.4774	0	1	1301	LastDelay	0.295338	295338	1	6
12.4774	0	1	1301	FullDelay	0.295338	295338	1	6
12.4865	0	1	1302	LastDelay	0.297617	297617	1	6
12.4865	0	1	1302	FullDelay	0.297617	297617	1	6
12.503	0	1	1303	LastDelay	0.307237	307237	1	6
12.503	0	1	1303	FullDelay	0.307237	307237	1	6
12.517	0	1	161	LastDelay	0.314407	314407	1	6
12.517	0	1	161	FullDelay	10.4042	1.04042e+07	4	6
12.5333	0	1	222	LastDelay	0.323937	323937	1	6
12.5333	0	1	222	FullDelay	9.95636	9.95636e+06	3	6
12.5446	0	1	229	LastDelay	0.32836	328360	1	6
12.5446	0	1	229	FullDelay	9.91983	9.91983e+06	3	6
12.5697	0	1	239	LastDelay	0.339862	339862	1	6
12.5697	0	1	239	FullDelay	9.86989	9.86989e+06	3	6
12.584	0	1	240	LastDelay	0.347328	347328	1	6
12.584	0	1	240	FullDelay	9.87053	9.87053e+06	3	6
12.5931	0	1	251	LastDelay	0.349579	349579	1	6
12.5931	0	1	251	FullDelay	9.80451	9.80451e+06	3	6
12.6124	0	1	252	LastDelay	0.362061	362061	1	6
12.6124	0	1	252	FullDelay	9.81699	9.81699e+06	3	6
12.6234	0	1	253	LastDelay	0.366252	366252	1	6
12.6234	0	1	253	FullDelay	9.82118	9.82118e+06	3	6
12.6527	0	1	257	LastDelay	0.388694	388694	1	6
12.6527	0	1	257	FullDelay	9.82315	9.82315e+06	3	6
12.6735	0	1	281	LastDelay	0.395865	395865	1	6
12.6735	0	1	281	FullDelay	9.6733	9.6733e+06	3	6
12.6958	0	1	287	LastDelay	0.411297	411297	1	6
12.6958	0	1	287	FullDelay	9.6546	9.6546e+06	3	6
12.7048	0	1	289	LastDelay	0.413536	413536	1	6
12.7048	0	1	289	FullDelay	9.65002	9.65002e+06	3	6
12.714	0	1	292	LastDelay	0.415855	415855	1	6
12.714	0	1	292	FullDelay	9.63868	9.63868e+06	3	6
12.7325	0	1	297	LastDelay	0.427541	427541	1	6
12.7325	0	1	297	FullDelay	9.62306	9.62306e+06	3	6
12.7417	0	1	303	LastDelay	0.4299	429900	1	6
12.7417	0	1	303	FullDelay	9.58446	9.58446e+06	3	6
12.7607	0	1	307	LastDelay	0.4421	442100	1	6
12.7607	0	1	307	FullDelay	9.57618	9.57618e+06	3	6
12.7747	0	1	309	LastDelay	0.449229	449229	1	6
12.7747	0	1	309	FullDelay	9.57648	9.57648e+06	3	6
12.7986	0	1	319	LastDelay	0.466342	466342	1	6
12.7986	0	1	319	FullDelay	9.5185	9.5185e+06	3	6
12.8103	0	1	329	LastDelay	0.4712	471200	1	6
12.8103	0	1	329	FullDelay	9.45509	9.45509e+06	3	6
12.821	0	1	362	LastDelay	0.475089	475089	1	6
12.821	0	1	362	FullDelay	9.24053	9.24053e+06	3	6
12.8318	0	1	365	LastDelay	0.479038	479038	1	6
12.8318	0	1	365	FullDelay	9.23082	9.23082e+06	3	6
12.8428	0	1	369	LastDelay	0.48319	483190	1	6
12.8428	0	1	369	FullDelay	9.2145	9.2145e+06	3	6
12.8536	0	1	388	LastDelay	0.487222	487222	1	6
12.8536	0	1	388	FullDelay	9.07517	9.07517e+06	3	6
12.8643	0	1	389	LastDelay	0.491027	491027	1	6
12.8643	0	1	389	FullDelay	9.07897	9.07897e+06	3	6
12.8953	0	1	399	LastDelay	0.508469	508469	1	6
12.8953	0	1	399	FullDelay	9.0418	9.0418e+06	3	6
12.9064	0	1	401	LastDelay	0.512708	512708	1	6
12.9064	0	1	401	FullDelay	9.03921	9.03921e+06	3	6
12.9251	0	1	409	LastDelay	0.524536	524536	1	6
12.9251	0	1	409	FullDelay	9.00326	9.00326e+06	3	6
12.9388	0	1	410	LastDelay	0.53149	531490	1	6
12.9388	0	1	410	FullDelay	9.01021	9.01021e+06	3	6
12.9562	0	1	421	LastDelay	0.542022	542022	1	6
12.9562	0	1	421	FullDelay	8.95247	8.95247e+06	3	6
12.9775	0	1	424	LastDelay	0.556488	556488	1	6
12.9775	0	1	424	FullDelay	8.95329	8.95329e+06	3	6
12.9982	0	1	434	LastDelay	0.563567	563567	1	6
12.9982	0	1	434	FullDelay	8.90575	8.90575e+06	3	6
13.0133	0	1	438	LastDelay	0.571808	571808	1	6
13.0133	0	1	438	FullDelay	8.89351	8.89351e+06	3	6
13.0272	0	1	447	LastDelay	0.578876	578876	1	6
13.0272	0	1	447	FullDelay	8.84597	8.84597e+06	3	6
13.0437	0	1	453	LastDelay	0.588522	588522	1	6
13.0437	0	1	453	FullDelay	8.82148	8.82148e+06	3	6
13.0538	0	1	461	LastDelay	0.591848	591848	1	6
13.0538	0	1	461	FullDelay	8.77702	8.77702e+06	3	6
13.0804	0	1	463	LastDelay	0.604767	604767	1	6
13.0804	0	1	463	FullDelay	8.78994	8.78994e+06	3	6
13.0934	0	1	464	LastDelay	0.610968	610968	1	6
13.0934	0	1	464	FullDelay	8.79614	8.79614e+06	3	6
13.1042	0	1	465	LastDelay	0.614937	614937	1	6
13.1042	0	1	465	FullDelay	8.80011	8.80011e+06	3	6
13.1186	0	1	466	LastDelay	0.622451	622451	1	6
13.1186	0	1	466	FullDelay	8.80762	8.80762e+06	3	6
13.1295	0	1	467	LastDelay	0.626583	626583	1	6
13.1295	0	1	467	FullDelay	8.81176	8.81176e+06	3	6
13.1449	0	1	468	LastDelay	0.635155	635155	1	6
13.1449	0	1	468	FullDelay	8.82033	8.82033e+06	3	6
13.1741	0	1	470	LastDelay	0.650718	650718	1	6
13.1741	0	1	470	FullDelay	8.83589	8.83589e+06	3	6
13.1925	0	1	472	LastDelay	0.655477	655477	1	6
13.1925	0	1	472	FullDelay	8.84065	8.84065e+06	3	6
13.2018	0	1	473	LastDelay	0.657956	657956	1	6
13.2018	0	1	473	FullDelay	8.84313	8.84313e+06	3	6
13.211	0	1	474	LastDelay	0.660256	660256	1	6
13.211	0	1	474	FullDelay	8.84543	8.84543e+06	3	6
13.233	0	1	476	LastDelay	0.668676	668676	1	6
13.233	0	1	476	FullDelay	8.85385	8.85385e+06	3	6
13.2438	0	1	477	LastDelay	0.672605	672605	1	6
13.2438	0	1	477	FullDelay	8.85778	8.85778e+06	3	6
13.2586	0	1	478	LastDelay	0.680537	680537	1	6
13.2586	0	1	478	FullDelay	8.86571	8.86571e+06	3	6
13.2724	0	1	479	LastDelay	0.687539	687539	1	6
13.2724	0	1	479	FullDelay	8.87271	8.87271e+06	3	6
13.2852	0	1	480	LastDelay	0.69356	693560	1	6
13.2852	0	1	480	FullDelay	8.87873	8.87873e+06	3	6
13.2961	0	1	481	LastDelay	0.697612	697612	1	6
13.2961	0	1	481	FullDelay	8.88278	8.88278e+06	3	6
13.3056	0	1	482	LastDelay	0.700272	700272	1	6
13.3056	0	1	482	FullDelay	8.88544	8.88544e+06	3	6
13.3159	0	1	483	LastDelay	0.703698	703698	1	6
13.3159	0	1	483	FullDelay	8.88887	8.88887e+06	3	6
13.334	0	1	484	LastDelay	0.715055	715055	1	6
13.334	0	1	484	FullDelay	8.90023	8.90023e+06	3	6
13.344	0	1	485	LastDelay	0.718221	718221	1	6
13.344	0	1	485	FullDelay	8.90339	8.90339e+06	3	6
13.3531	0	1	486	LastDelay	0.7205	720500	1	6
13.3531	0	1	486	FullDelay	8.90567	8.90567e+06	3	6
13.3661	0	1	487	LastDelay	0.726585	726585	1	6
13.3661	0	1	487	FullDelay	8.91176	8.91176e+06	3	6
13.3759	0	1	488	LastDelay	0.729624	729624	1	6
13.3759	0	1	488	FullDelay	8.9148	8.9148e+06	3	6
13.385	0	1	489	LastDelay	0.731883	731883	1	6
13.385	0	1	489	FullDelay	8.91706	8.91706e+06	3	6
13.4009	0	1	490	LastDelay	0.740964	740964	1	6
13.4009	0	1	490	FullDelay	8.92614	8.92614e+06	3	6
13.4103	0	1	491	LastDelay	0.743504	743504	1	6
13.4103	0	1	491	FullDelay	8.92868	8.92868e+06	3	6
13.4194	0	1	492	LastDelay	0.745783	745783	1	6
13.4194	0	1	492	FullDelay	8.93096	8.93096e+06	3	6
13.4293	0	1	493	LastDelay	0.748826	748826	1	6
13.4293	0	1	493	FullDelay	8.934	8.934e+06	3	6
13.4384	0	1	494	LastDelay	0.751185	751185	1	6
13.4384	0	1	494	FullDelay	8.93636	8.93636e+06	3	6
13.4475	0	1	495	LastDelay	0.753424	753424	1	6
13.4475	0	1	495	FullDelay	8.9386	8.9386e+06	3	6
13.4566	0	1	496	LastDelay	0.755744	755744	1	6
13.4566	0	1	496	FullDelay	8.94092	8.94092e+06	3	6
13.4705	0	1	497	LastDelay	0.762809	762809	1	6
13.4705	0	1	497	FullDelay	8.94798	8.94798e+06	3	6
13.4899	0	1	498	LastDelay	0.775387	775387	1	6
13.4899	0	1	498	FullDelay	8.96056	8.96056e+06	3	6
13.5033	0	1	499	LastDelay	0.781914	781914	1	6
13.5033	0	1	499	FullDelay	8.96709	8.96709e+06	3	6
13.514	0	1	500	LastDelay	0.785804	785804	1	6
13.514	0	1	500	FullDelay	8.97098	8.97098e+06	3	6
13.5238	0	1	501	LastDelay	0.788766	788766	1	6
13.5238	0	1	501	FullDelay	8.97394	8.97394e+06	3	6
13.5329	0	1	502	LastDelay	0.791066	791066	1	6
13.5329	0	1	502	FullDelay	8.97624	8.97624e+06	3	6
13.5776	0	1	506	LastDelay	0.808387	808387	1	6
13.5776	0	1	506	FullDelay	8.99356	8.99356e+06	3	6
13.5867	0	1	507	LastDelay	0.810687	810687	1	6
13.5867	0	1	507	FullDelay	8.99586	8.99586e+06	3	6
13.6001	0	1	508	LastDelay	0.817312	817312	1	6
13.6001	0	1	508	FullDelay	9.00248	9.00248e+06	3	6
13.6175	0	1	509	LastDelay	0.827837	827837	1	6
13.6175	0	1	509	FullDelay	9.01301	9.01301e+06	3	6
13.6366	0	1	511	LastDelay	0.833343	833343	1	6
13.6366	0	1	511	FullDelay	9.01852	9.01852e+06	3	6
13.655	0	1	513	LastDelay	0.838061	838061	1	6
13.655	0	1	513	FullDelay	9.02323	9.02323e+06	3	6
13.6853	0	1	515	LastDelay	0.854692	854692	1	6
13.6853	0	1	515	FullDelay	9.03986	9.03986e+06	3	6
13.6973	0	1	516	LastDelay	0.85983	859830	1	6
13.6973	0	1	516	FullDelay	9.045	9.045e+06	3	6
13.7072	0	1	517	LastDelay	0.862893	862893	1	6
13.7072	0	1	517	FullDelay	9.04807	9.04807e+06	3	6
13.717	0	1	518	LastDelay	0.865916	865916	1	6
13.717	0	1	518	FullDelay	9.05109	9.05109e+06	3	6
13.7324	0	1	519	LastDelay	0.874515	874515	1	6
13.7324	0	1	519	FullDelay	9.05969	9.05969e+06	3	6
13.7426	0	1	520	LastDelay	0.877821	877821	1	6
13.7426	0	1	520	FullDelay	9.06299	9.06299e+06	3	6
13.7532	0	1	521	LastDelay	0.88165	881650	1	6
13.7532	0	1	521	FullDelay	9.06682	9.06682e+06	3	6
13.7687	0	1	522	LastDelay	0.890283	890283	1	6
13.7687	0	1	522	FullDelay	9.07546	9.07546e+06	3	6
13.7914	0	1	540	LastDelay	0.899319	899319	1	6
13.7914	0	1	540	FullDelay	8.97526	8.97526e+06	3	6
13.805	0	1	545	LastDelay	0.906085	906085	1	6
13.805	0	1	545	FullDelay	8.95472	8.95472e+06	3	6
13.8194	0	1	547	LastDelay	0.913716	913716	1	6
13.8194	0	1	547	FullDelay	8.95553	8.95553e+06	3	6
13.8294	0	1	556	LastDelay	0.916862	916862	1	6
13.8294	0	1	556	FullDelay	8.90406	8.90406e+06	2	6
13.8501	0	1	561	LastDelay	0.92387	923870	1	6
13.8501	0	1	561	FullDelay	6.73336	6.73336e+06	2	6
13.8748	0	1	562	LastDelay	0.94177	941770	1	6
13.8748	0	1	562	FullDelay	6.75126	6.75126e+06	2	6
13.8847	0	1	563	LastDelay	0.944909	944909	1	6
13.8847	0	1	563	FullDelay	6.7544	6.7544e+06	2	6
13.8953	0	1	564	LastDelay	0.948655	948655	1	6
13.8953	0	1	564	FullDelay	6.75815	6.75815e+06	2	6
13.9068	0	1	565	LastDelay	0.953288	953288	1	6
13.9068	0	1	565	FullDelay	6.76278	6.76278e+06	2	6
13.918	0	1	566	LastDelay	0.9577	957700	1	6
13.918	0	1	566	FullDelay	6.76719	6.76719e+06	2	6
13.9284	0	1	567	LastDelay	0.961206	961206	1	6
13.9284	0	1	567	FullDelay	6.7707	6.7707e+06	2	6
13.9383	0	1	568	LastDelay	0.964332	964332	1	6
13.9383	0	1	568	FullDelay	6.77383	6.77383e+06	2	6
13.9476	0	1	569	LastDelay	0.966752	966752	1	6
13.9476	0	1	569	FullDelay	6.77624	6.77624e+06	2	6
13.9575	0	1	570	LastDelay	0.969878	969878	1	6
13.9575	0	1	570	FullDelay	6.77937	6.77937e+06	2	6
