Time	Node	AppId	SeqNo	Type	DelayS	DelayUS	RetxCount	HopCount
1.02468	0	1	0	LastDelay	0.0246835	24683.5	1	4
1.02468	0	1	0	FullDelay	0.0246835	24683.5	1	4
1.04282	0	1	1	LastDelay	0.0359884	35988.4	1	4
1.04282	0	1	1	FullDelay	0.0359884	35988.4	1	4
1.06408	0	1	2	LastDelay	0.0504248	50424.8	1	4
1.06408	0	1	2	FullDelay	0.0504248	50424.8	1	4
1.09492	0	1	4	LastDelay	0.0676118	67611.8	1	4
1.09492	0	1	4	FullDelay	0.0676118	67611.8	1	4
1.11373	0	1	5	LastDelay	0.0795994	79599.4	1	4
1.11373	0	1	5	FullDelay	0.0795994	79599.4	1	4
1.14148	0	1	7	LastDelay	0.0936935	93693.5	1	4
1.14148	0	1	7	FullDelay	0.0936935	93693.5	1	4
1.15568	0	1	8	LastDelay	0.101068	101068	1	4
1.15568	0	1	8	FullDelay	0.101068	101068	1	4
1.19077	0	1	10	LastDelay	0.122507	122507	1	4
1.19077	0	1	10	FullDelay	0.122507	122507	1	4
1.20591	0	1	11	LastDelay	0.130816	130816	1	4
1.20591	0	1	11	FullDelay	0.130816	130816	1	4
1.22068	0	1	12	LastDelay	0.138764	138764	1	4
1.22068	0	1	12	FullDelay	0.138764	138764	1	4
1.23812	0	1	13	LastDelay	0.14937	149370	1	4
1.23812	0	1	13	FullDelay	0.14937	149370	1	4
1.26162	0	1	14	LastDelay	0.166044	166044	1	4
1.26162	0	1	14	FullDelay	0.166044	166044	1	4
1.27824	0	1	15	LastDelay	0.175845	175845	1	4
1.27824	0	1	15	FullDelay	0.175845	175845	1	4
1.33486	0	1	19	LastDelay	0.205153	205153	1	4
1.33486	0	1	19	FullDelay	0.205153	205153	1	4
1.36558	0	1	20	LastDelay	0.229045	229045	1	4
1.36558	0	1	20	FullDelay	0.229045	229045	1	4
1.37468	0	1	21	LastDelay	0.231316	231316	1	4
1.37468	0	1	21	FullDelay	0.231316	231316	1	4
1.3925	0	1	22	LastDelay	0.242314	242314	1	4
1.3925	0	1	22	FullDelay	0.242314	242314	1	4
1.41565	0	1	23	LastDelay	0.258637	258637	1	4
1.41565	0	1	23	FullDelay	0.258637	258637	1	4
1.43059	0	1	24	LastDelay	0.266747	266747	1	4
1.43059	0	1	24	FullDelay	0.266747	266747	1	4
1.44541	0	1	25	LastDelay	0.274747	274747	1	4
1.44541	0	1	25	FullDelay	0.274747	274747	1	4
1.47393	0	1	26	LastDelay	0.296433	296433	1	4
1.47393	0	1	26	FullDelay	0.296433	296433	1	4
1.49605	0	1	27	LastDelay	0.311732	311732	1	4
1.49605	0	1	27	FullDelay	0.311732	311732	1	4
1.53031	0	1	28	LastDelay	0.339158	339158	1	4
1.53031	0	1	28	FullDelay	0.339158	339158	1	4
1.54352	0	1	29	LastDelay	0.345543	345543	1	4
1.54352	0	1	29	FullDelay	0.345543	345543	1	4
1.5576	0	1	30	LastDelay	0.352796	352796	1	4
1.5576	0	1	30	FullDelay	0.352796	352796	1	4
1.59838	0	1	31	LastDelay	0.386748	386748	1	4
1.59838	0	1	31	FullDelay	0.386748	386748	1	4
1.63044	0	1	33	LastDelay	0.405156	405156	1	4
1.63044	0	1	33	FullDelay	0.405156	405156	1	4
1.67109	0	1	34	LastDelay	0.438988	438988	1	4
1.67109	0	1	34	FullDelay	0.438988	438988	1	4
1.68363	0	1	35	LastDelay	0.444699	444699	1	4
1.68363	0	1	35	FullDelay	0.444699	444699	1	4
1.69527	0	1	36	LastDelay	0.449506	449506	1	4
1.69527	0	1	36	FullDelay	0.449506	449506	1	4
1.72656	0	1	38	LastDelay	0.467144	467144	1	4
1.72656	0	1	38	FullDelay	0.467144	467144	1	4
1.75754	0	1	40	LastDelay	0.484473	484473	1	4
1.75754	0	1	40	FullDelay	0.484473	484473	1	4
1.79364	0	1	41	LastDelay	0.51375	513750	1	4
1.79364	0	1	41	FullDelay	0.51375	513750	1	4
1.80356	0	1	42	LastDelay	0.51684	516840	1	4
1.80356	0	1	42	FullDelay	0.51684	516840	1	4
1.81523	0	1	43	LastDelay	0.521687	521687	1	4
1.81523	0	1	43	FullDelay	0.521687	521687	1	4
1.82886	0	1	44	LastDelay	0.528482	528482	1	4
1.82886	0	1	44	FullDelay	0.528482	528482	1	4
1.84249	0	1	45	LastDelay	0.535287	535287	1	4
1.84249	0	1	45	FullDelay	0.535287	535287	1	4
1.89692	0	1	48	LastDelay	0.569243	569243	1	4
1.89692	0	1	48	FullDelay	0.569243	569243	1	4
1.97288	0	1	52	LastDelay	0.617895	617895	1	4
1.97288	0	1	52	FullDelay	0.617895	617895	1	4
1.9883	0	1	53	LastDelay	0.626489	626489	1	4
1.9883	0	1	53	FullDelay	0.626489	626489	1	4
2.00933	0	1	54	LastDelay	0.64069	640690	1	4
2.00933	0	1	54	FullDelay	0.64069	640690	1	4
2.04773	0	1	56	LastDelay	0.665441	665441	1	4
2.04773	0	1	56	FullDelay	0.665441	665441	1	4
2.06236	0	1	57	LastDelay	0.673239	673239	1	4
2.06236	0	1	57	FullDelay	0.673239	673239	1	4
2.07885	0	1	58	LastDelay	0.682907	682907	1	4
2.07885	0	1	58	FullDelay	0.682907	682907	1	4
2.08791	0	1	59	LastDelay	0.685138	685138	1	4
2.08791	0	1	59	FullDelay	0.685138	685138	1	4
2.09869	0	1	60	LastDelay	0.689088	689088	1	4
2.09869	0	1	60	FullDelay	0.689088	689088	1	4
2.11068	0	1	61	LastDelay	0.694248	694248	1	4
2.11068	0	1	61	FullDelay	0.694248	694248	1	4
2.13703	0	1	62	LastDelay	0.713779	713779	1	4
2.13703	0	1	62	FullDelay	0.713779	713779	1	4
2.14871	0	1	63	LastDelay	0.718626	718626	1	4
2.14871	0	1	63	FullDelay	0.718626	718626	1	4
2.19254	0	1	64	LastDelay	0.75563	755630	1	4
2.19254	0	1	64	FullDelay	0.75563	755630	1	4
2.20603	0	1	65	LastDelay	0.762293	762293	1	4
2.20603	0	1	65	FullDelay	0.762293	762293	1	4
2.22365	0	1	66	LastDelay	0.773089	773089	1	4
2.22365	0	1	66	FullDelay	0.773089	773089	1	4
2.23373	0	1	67	LastDelay	0.776339	776339	1	4
2.23373	0	1	67	FullDelay	0.776339	776339	1	4
2.24546	0	1	68	LastDelay	0.781246	781246	1	4
2.24546	0	1	68	FullDelay	0.781246	781246	1	4
2.2713	0	1	70	LastDelay	0.793437	793437	1	4
2.2713	0	1	70	FullDelay	0.793437	793437	1	4
2.33169	0	1	73	LastDelay	0.833343	833343	1	4
2.33169	0	1	73	FullDelay	0.833343	833343	1	4
2.34079	0	1	74	LastDelay	0.835614	835614	1	4
2.34079	0	1	74	FullDelay	0.835614	835614	1	4
2.36937	0	1	75	LastDelay	0.857373	857373	1	4
2.36937	0	1	75	FullDelay	0.857373	857373	1	4
2.40108	0	1	76	LastDelay	0.882258	882258	1	4
2.40108	0	1	76	FullDelay	0.882258	882258	1	4
2.41971	0	1	77	LastDelay	0.894059	894059	1	4
2.41971	0	1	77	FullDelay	0.894059	894059	1	4
2.4463	0	1	78	LastDelay	0.913824	913824	1	4
2.4463	0	1	78	FullDelay	0.913824	913824	1	4
2.46127	0	1	79	LastDelay	0.921966	921966	1	4
2.46127	0	1	79	FullDelay	0.921966	921966	1	4
2.47378	0	1	80	LastDelay	0.927651	927651	1	4
2.47378	0	1	80	FullDelay	0.927651	927651	1	4
2.51574	0	1	81	LastDelay	0.962784	962784	1	4
2.51574	0	1	81	FullDelay	0.962784	962784	1	4
2.52896	0	1	82	LastDelay	0.96917	969170	1	4
2.52896	0	1	82	FullDelay	0.96917	969170	1	4
2.54951	0	1	83	LastDelay	0.982893	982893	1	4
2.54951	0	1	83	FullDelay	0.982893	982893	1	4
2.57243	0	1	84	LastDelay	0.998991	998991	1	4
2.57243	0	1	84	FullDelay	0.998991	998991	1	4
2.59195	0	1	85	LastDelay	1.01168	1.01168e+06	1	4
2.59195	0	1	85	FullDelay	1.01168	1.01168e+06	1	4
2.6262	0	1	87	LastDelay	1.03228	1.03228e+06	1	4
2.6262	0	1	87	FullDelay	1.03228	1.03228e+06	1	4
2.64034	0	1	88	LastDelay	1.03959	1.03959e+06	1	4
2.64034	0	1	88	FullDelay	1.03959	1.03959e+06	1	4
2.68449	0	1	90	LastDelay	1.07009	1.07009e+06	1	4
2.68449	0	1	90	FullDelay	1.07009	1.07009e+06	1	4
2.6936	0	1	91	LastDelay	1.07238	1.07238e+06	1	4
2.6936	0	1	91	FullDelay	1.07238	1.07238e+06	1	4
2.72347	0	1	93	LastDelay	1.08859	1.08859e+06	1	4
2.72347	0	1	93	FullDelay	1.08859	1.08859e+06	1	4
2.74556	0	1	94	LastDelay	1.10385	1.10385e+06	1	4
2.74556	0	1	94	FullDelay	1.10385	1.10385e+06	1	4
2.75463	0	1	95	LastDelay	1.1061	1.1061e+06	1	4
2.75463	0	1	95	FullDelay	1.1061	1.1061e+06	1	4
2.77413	0	1	96	LastDelay	1.11877	1.11877e+06	1	4
2.77413	0	1	96	FullDelay	1.11877	1.11877e+06	1	4
2.78758	0	1	97	LastDelay	1.12539	1.12539e+06	1	4
2.78758	0	1	97	FullDelay	1.12539	1.12539e+06	1	4
2.81043	0	1	98	LastDelay	1.14142	1.14142e+06	1	4
2.81043	0	1	98	FullDelay	1.14142	1.14142e+06	1	4
2.82917	0	1	99	LastDelay	1.15333	1.15333e+06	1	4
2.82917	0	1	99	FullDelay	1.15333	1.15333e+06	1	4
2.87332	0	1	101	LastDelay	1.18382	1.18382e+06	1	4
2.87332	0	1	101	FullDelay	1.18382	1.18382e+06	1	4
2.8924	0	1	102	LastDelay	1.19608	1.19608e+06	1	4
2.8924	0	1	102	FullDelay	1.19608	1.19608e+06	1	4
2.91565	0	1	103	LastDelay	1.21251	1.21251e+06	1	4
2.91565	0	1	103	FullDelay	1.21251	1.21251e+06	1	4
2.93525	0	1	104	LastDelay	1.22528	1.22528e+06	1	4
2.93525	0	1	104	FullDelay	1.22528	1.22528e+06	1	4
2.96678	0	1	106	LastDelay	1.24315	1.24315e+06	1	4
2.96678	0	1	106	FullDelay	1.24315	1.24315e+06	1	4
2.99178	0	1	107	LastDelay	1.26133	1.26133e+06	1	4
2.99178	0	1	107	FullDelay	1.26133	1.26133e+06	1	4
3.00356	0	1	108	LastDelay	1.26628	1.26628e+06	1	4
3.00356	0	1	108	FullDelay	1.26628	1.26628e+06	1	4
3.04501	0	1	109	LastDelay	1.30091	1.30091e+06	1	4
3.04501	0	1	109	FullDelay	1.30091	1.30091e+06	1	4
3.07402	0	1	110	LastDelay	1.32308	1.32308e+06	1	4
3.07402	0	1	110	FullDelay	1.32308	1.32308e+06	1	4
3.08479	0	1	111	LastDelay	1.32703	1.32703e+06	1	4
3.08479	0	1	111	FullDelay	1.32703	1.32703e+06	1	4
3.10056	0	1	112	LastDelay	1.33598	1.33598e+06	1	4
3.10056	0	1	112	FullDelay	1.33598	1.33598e+06	1	4
3.11884	0	1	113	LastDelay	1.34743	1.34743e+06	1	4
3.11884	0	1	113	FullDelay	1.34743	1.34743e+06	1	4
3.14908	0	1	114	LastDelay	1.37084	1.37084e+06	1	4
3.14908	0	1	114	FullDelay	1.37084	1.37084e+06	1	4
3.1861	0	1	116	LastDelay	1.3942	1.3942e+06	1	4
3.1861	0	1	116	FullDelay	1.3942	1.3942e+06	1	4
3.19705	0	1	117	LastDelay	1.39833	1.39833e+06	1	4
3.19705	0	1	117	FullDelay	1.39833	1.39833e+06	1	4
3.23203	0	1	118	LastDelay	1.42648	1.42648e+06	1	4
3.23203	0	1	118	FullDelay	1.42648	1.42648e+06	1	4
3.2441	0	1	119	LastDelay	1.43173	1.43173e+06	1	4
3.2441	0	1	119	FullDelay	1.43173	1.43173e+06	1	4
3.26154	0	1	120	LastDelay	1.44234	1.44234e+06	1	4
3.26154	0	1	120	FullDelay	1.44234	1.44234e+06	1	4
3.27666	0	1	121	LastDelay	1.45063	1.45063e+06	1	4
3.27666	0	1	121	FullDelay	1.45063	1.45063e+06	1	4
3.29515	0	1	122	LastDelay	1.4623	1.4623e+06	1	4
3.29515	0	1	122	FullDelay	1.4623	1.4623e+06	1	4
3.30893	0	1	123	LastDelay	1.46925	1.46925e+06	1	4
3.30893	0	1	123	FullDelay	1.46925	1.46925e+06	1	4
3.31889	0	1	124	LastDelay	1.47239	1.47239e+06	1	4
3.31889	0	1	124	FullDelay	1.47239	1.47239e+06	1	4
3.35475	0	1	126	LastDelay	1.49459	1.49459e+06	1	4
3.35475	0	1	126	FullDelay	1.49459	1.49459e+06	1	4
3.36756	0	1	127	LastDelay	1.50057	1.50057e+06	1	4
3.36756	0	1	127	FullDelay	1.50057	1.50057e+06	1	4
3.37917	0	1	128	LastDelay	1.50535	1.50535e+06	1	4
3.37917	0	1	128	FullDelay	1.50535	1.50535e+06	1	4
3.39756	0	1	129	LastDelay	1.51692	1.51692e+06	1	4
3.39756	0	1	129	FullDelay	1.51692	1.51692e+06	1	4
3.42785	0	1	130	LastDelay	1.54038	1.54038e+06	1	4
3.42785	0	1	130	FullDelay	1.54038	1.54038e+06	1	4
3.43787	0	1	131	LastDelay	1.54358	1.54358e+06	1	4
3.43787	0	1	131	FullDelay	1.54358	1.54358e+06	1	4
3.44697	0	1	132	LastDelay	1.54585	1.54585e+06	1	4
3.44697	0	1	132	FullDelay	1.54585	1.54585e+06	1	4
3.469	0	1	133	LastDelay	1.56105	1.56105e+06	1	4
3.469	0	1	133	FullDelay	1.56105	1.56105e+06	1	4
3.47964	0	1	134	LastDelay	1.56487	1.56487e+06	1	4
3.47964	0	1	134	FullDelay	1.56487	1.56487e+06	1	4
3.50488	0	1	135	LastDelay	1.58328	1.58328e+06	1	4
3.50488	0	1	135	FullDelay	1.58328	1.58328e+06	1	4
3.51482	0	1	136	LastDelay	1.5864	1.5864e+06	1	4
3.51482	0	1	136	FullDelay	1.5864	1.5864e+06	1	4
3.53645	0	1	137	LastDelay	1.6012	1.6012e+06	1	4
3.53645	0	1	137	FullDelay	1.6012	1.6012e+06	1	4
3.55845	0	1	138	LastDelay	1.61637	1.61637e+06	1	4
3.55845	0	1	138	FullDelay	1.61637	1.61637e+06	1	4
3.57667	0	1	3	LastDelay	1.62094	1.62094e+06	1	2
3.57667	0	1	3	FullDelay	2.55619	2.55619e+06	2	2
3.60617	0	1	139	LastDelay	1.65726	1.65726e+06	1	4
3.60617	0	1	139	FullDelay	1.65726	1.65726e+06	1	4
3.63677	0	1	141	LastDelay	1.66738	1.66738e+06	1	4
3.63677	0	1	141	FullDelay	1.66738	1.66738e+06	1	4
3.64776	0	1	142	LastDelay	1.67154	1.67154e+06	1	4
3.64776	0	1	142	FullDelay	1.67154	1.67154e+06	1	4
3.66485	0	1	143	LastDelay	1.68181	1.68181e+06	1	4
3.66485	0	1	143	FullDelay	1.68181	1.68181e+06	1	4
3.68024	0	1	144	LastDelay	1.69037	1.69037e+06	1	4
3.68024	0	1	144	FullDelay	1.69037	1.69037e+06	1	4
3.70581	0	1	145	LastDelay	1.70911	1.70911e+06	1	4
3.70581	0	1	145	FullDelay	1.70911	1.70911e+06	1	4
3.72582	0	1	147	LastDelay	1.71547	1.71547e+06	1	4
3.72582	0	1	147	FullDelay	1.71547	1.71547e+06	1	4
3.7358	0	1	148	LastDelay	1.71863	1.71863e+06	1	4
3.7358	0	1	148	FullDelay	1.71863	1.71863e+06	1	4
3.7718	0	1	149	LastDelay	1.7478	1.7478e+06	1	4
3.7718	0	1	149	FullDelay	1.7478	1.7478e+06	1	4
3.7827	0	1	150	LastDelay	1.75187	1.75187e+06	1	4
3.7827	0	1	150	FullDelay	1.75187	1.75187e+06	1	4
3.79685	0	1	151	LastDelay	1.7592	1.7592e+06	1	4
3.79685	0	1	151	FullDelay	1.7592	1.7592e+06	1	4
3.80942	0	1	152	LastDelay	1.76494	1.76494e+06	1	4
3.80942	0	1	152	FullDelay	1.76494	1.76494e+06	1	4
3.82374	0	1	153	LastDelay	1.77243	1.77243e+06	1	4
3.82374	0	1	153	FullDelay	1.77243	1.77243e+06	1	4
3.85198	0	1	154	LastDelay	1.79384	1.79384e+06	1	4
3.85198	0	1	154	FullDelay	1.79384	1.79384e+06	1	4
3.89134	0	1	157	LastDelay	1.81273	1.81273e+06	1	4
3.89134	0	1	157	FullDelay	1.81273	1.81273e+06	1	4
3.92122	0	1	158	LastDelay	1.83578	1.83578e+06	1	4
3.92122	0	1	158	FullDelay	1.83578	1.83578e+06	1	4
3.94859	0	1	159	LastDelay	1.85632	1.85632e+06	1	4
3.94859	0	1	159	FullDelay	1.85632	1.85632e+06	1	4
3.97031	0	1	161	LastDelay	1.86439	1.86439e+06	1	4
3.97031	0	1	161	FullDelay	1.86439	1.86439e+06	1	4
3.97939	0	1	162	LastDelay	1.86664	1.86664e+06	1	4
3.97939	0	1	162	FullDelay	1.86664	1.86664e+06	1	4
4.0055	0	1	163	LastDelay	1.88593	1.88593e+06	1	4
4.0055	0	1	163	FullDelay	1.88593	1.88593e+06	1	4
4.01462	0	1	164	LastDelay	1.88822	1.88822e+06	1	4
4.01462	0	1	164	FullDelay	1.88822	1.88822e+06	1	4
4.05657	0	1	165	LastDelay	1.92335	1.92335e+06	1	4
4.05657	0	1	165	FullDelay	1.92335	1.92335e+06	1	4
4.06827	0	1	166	LastDelay	1.92822	1.92822e+06	1	4
4.06827	0	1	166	FullDelay	1.92822	1.92822e+06	1	4
4.0791	0	1	167	LastDelay	1.93222	1.93222e+06	1	4
4.0791	0	1	167	FullDelay	1.93222	1.93222e+06	1	4
4.09596	0	1	9	LastDelay	1.93543	1.93543e+06	1	2
4.09596	0	1	9	FullDelay	3.03452	3.03452e+06	2	2
4.11399	0	1	168	LastDelay	1.94663	1.94663e+06	1	4
4.11399	0	1	168	FullDelay	1.94663	1.94663e+06	1	4
4.14713	0	1	169	LastDelay	1.97295	1.97295e+06	1	4
4.14713	0	1	169	FullDelay	1.97295	1.97295e+06	1	4
4.18004	0	1	170	LastDelay	1.99902	1.99902e+06	1	4
4.18004	0	1	170	FullDelay	1.99902	1.99902e+06	1	4
4.2136	0	1	172	LastDelay	2.01893	2.01893e+06	1	4
4.2136	0	1	172	FullDelay	2.01893	2.01893e+06	1	4
4.22265	0	1	173	LastDelay	2.02116	2.02116e+06	1	4
4.22265	0	1	173	FullDelay	2.02116	2.02116e+06	1	4
4.23291	0	1	174	LastDelay	2.02459	2.02459e+06	1	4
4.23291	0	1	174	FullDelay	2.02459	2.02459e+06	1	4
4.27022	0	1	175	LastDelay	2.05507	2.05507e+06	1	4
4.27022	0	1	175	FullDelay	2.05507	2.05507e+06	1	4
4.29111	0	1	176	LastDelay	2.06913	2.06913e+06	1	4
4.29111	0	1	176	FullDelay	2.06913	2.06913e+06	1	4
4.30453	0	1	177	LastDelay	2.07573	2.07573e+06	1	4
4.30453	0	1	177	FullDelay	2.07573	2.07573e+06	1	4
4.32017	0	1	178	LastDelay	2.08454	2.08454e+06	1	4
4.32017	0	1	178	FullDelay	2.08454	2.08454e+06	1	4
4.36592	0	1	179	LastDelay	2.12347	2.12347e+06	1	4
4.36592	0	1	179	FullDelay	2.12347	2.12347e+06	1	4
4.37594	0	1	180	LastDelay	2.12666	2.12666e+06	1	4
4.37594	0	1	180	FullDelay	2.12666	2.12666e+06	1	4
4.43504	0	1	181	LastDelay	2.15845	2.15845e+06	1	4
4.43504	0	1	181	FullDelay	2.15845	2.15845e+06	1	4
4.45938	0	1	183	LastDelay	2.16914	2.16914e+06	1	4
4.45938	0	1	183	FullDelay	2.16914	2.16914e+06	1	4
4.48597	0	1	184	LastDelay	2.18891	2.18891e+06	1	4
4.48597	0	1	184	FullDelay	2.18891	2.18891e+06	1	4
4.50373	0	1	185	LastDelay	2.19984	2.19984e+06	1	4
4.50373	0	1	185	FullDelay	2.19984	2.19984e+06	1	4
4.52911	0	1	186	LastDelay	2.21839	2.21839e+06	1	4
4.52911	0	1	186	FullDelay	2.21839	2.21839e+06	1	4
4.54298	0	1	187	LastDelay	2.22543	2.22543e+06	1	4
4.54298	0	1	187	FullDelay	2.22543	2.22543e+06	1	4
4.55542	0	1	188	LastDelay	2.23105	2.23105e+06	1	4
4.55542	0	1	188	FullDelay	2.23105	2.23105e+06	1	4
4.58722	0	1	189	LastDelay	2.25602	2.25602e+06	1	4
4.58722	0	1	189	FullDelay	2.25602	2.25602e+06	1	4
4.60002	0	1	190	LastDelay	2.26199	2.26199e+06	1	4
4.60002	0	1	190	FullDelay	2.26199	2.26199e+06	1	4
4.60918	0	1	191	LastDelay	2.26433	2.26433e+06	1	4
4.60918	0	1	191	FullDelay	2.26433	2.26433e+06	1	4
4.63412	0	1	192	LastDelay	2.28244	2.28244e+06	1	4
4.63412	0	1	192	FullDelay	2.28244	2.28244e+06	1	4
4.64416	0	1	193	LastDelay	2.28566	2.28566e+06	1	4
4.64416	0	1	193	FullDelay	2.28566	2.28566e+06	1	4
4.70673	0	1	195	LastDelay	2.33457	2.33457e+06	1	4
4.70673	0	1	195	FullDelay	2.33457	2.33457e+06	1	4
4.73488	0	1	197	LastDelay	2.34907	2.34907e+06	1	4
4.73488	0	1	197	FullDelay	2.34907	2.34907e+06	1	4
4.76006	0	1	199	LastDelay	2.36059	2.36059e+06	1	4
4.76006	0	1	199	FullDelay	2.36059	2.36059e+06	1	4
4.77213	0	1	200	LastDelay	2.36584	2.36584e+06	1	4
4.77213	0	1	200	FullDelay	2.36584	2.36584e+06	1	4
4.8023	0	1	202	LastDelay	2.38236	2.38236e+06	1	4
4.8023	0	1	202	FullDelay	2.38236	2.38236e+06	1	4
4.83103	0	1	203	LastDelay	2.40425	2.40425e+06	1	4
4.83103	0	1	203	FullDelay	2.40425	2.40425e+06	1	4
4.85634	0	1	204	LastDelay	2.42274	2.42274e+06	1	4
4.85634	0	1	204	FullDelay	2.42274	2.42274e+06	1	4
4.88207	0	1	206	LastDelay	2.43482	2.43482e+06	1	4
4.88207	0	1	206	FullDelay	2.43482	2.43482e+06	1	4
4.90139	0	1	207	LastDelay	2.44731	2.44731e+06	1	4
4.90139	0	1	207	FullDelay	2.44731	2.44731e+06	1	4
4.92466	0	1	209	LastDelay	2.45693	2.45693e+06	1	4
4.92466	0	1	209	FullDelay	2.45693	2.45693e+06	1	4
4.94648	0	1	210	LastDelay	2.47192	2.47192e+06	1	4
4.94648	0	1	210	FullDelay	2.47192	2.47192e+06	1	4
4.95558	0	1	211	LastDelay	2.47419	2.47419e+06	1	4
4.95558	0	1	211	FullDelay	2.47419	2.47419e+06	1	4
5.01023	0	1	213	LastDelay	2.51519	2.51519e+06	1	4
5.01023	0	1	213	FullDelay	2.51519	2.51519e+06	1	4
5.01933	0	1	214	LastDelay	2.51746	2.51746e+06	1	4
5.01933	0	1	214	FullDelay	2.51746	2.51746e+06	1	4
5.03855	0	1	215	LastDelay	2.52986	2.52986e+06	1	4
5.03855	0	1	215	FullDelay	2.52986	2.52986e+06	1	4
5.10576	0	1	219	LastDelay	2.56976	2.56976e+06	1	4
5.10576	0	1	219	FullDelay	2.56976	2.56976e+06	1	4
5.14836	0	1	221	LastDelay	2.59871	2.59871e+06	1	4
5.14836	0	1	221	FullDelay	2.59871	2.59871e+06	1	4
5.17857	0	1	223	LastDelay	2.61527	2.61527e+06	1	4
5.17857	0	1	223	FullDelay	2.61527	2.61527e+06	1	4
5.19771	0	1	224	LastDelay	2.62758	2.62758e+06	1	4
5.19771	0	1	224	FullDelay	2.62758	2.62758e+06	1	4
5.20689	0	1	225	LastDelay	2.62993	2.62993e+06	1	4
5.20689	0	1	225	FullDelay	2.62993	2.62993e+06	1	4
5.24985	0	1	226	LastDelay	2.66607	2.66607e+06	1	4
5.24985	0	1	226	FullDelay	2.66607	2.66607e+06	1	4
5.28029	0	1	228	LastDelay	2.68285	2.68285e+06	1	4
5.28029	0	1	228	FullDelay	2.68285	2.68285e+06	1	4
5.30773	0	1	229	LastDelay	2.70347	2.70347e+06	1	4
5.30773	0	1	229	FullDelay	2.70347	2.70347e+06	1	4
5.33581	0	1	231	LastDelay	2.71789	2.71789e+06	1	4
5.33581	0	1	231	FullDelay	2.71789	2.71789e+06	1	4
5.34863	0	1	232	LastDelay	2.72388	2.72388e+06	1	4
5.34863	0	1	232	FullDelay	2.72388	2.72388e+06	1	4
5.40294	0	1	234	LastDelay	2.76454	2.76454e+06	1	4
5.40294	0	1	234	FullDelay	2.76454	2.76454e+06	1	4
5.45463	0	1	237	LastDelay	2.78893	2.78893e+06	1	4
5.45463	0	1	237	FullDelay	2.78893	2.78893e+06	1	4
5.47075	0	1	238	LastDelay	2.79821	2.79821e+06	1	4
5.47075	0	1	238	FullDelay	2.79821	2.79821e+06	1	4
5.49012	0	1	239	LastDelay	2.81076	2.81076e+06	1	4
5.49012	0	1	239	FullDelay	2.81076	2.81076e+06	1	4
5.50636	0	1	240	LastDelay	2.82018	2.82018e+06	1	4
5.50636	0	1	240	FullDelay	2.82018	2.82018e+06	1	4
5.54794	0	1	242	LastDelay	2.8481	2.8481e+06	1	4
5.54794	0	1	242	FullDelay	2.8481	2.8481e+06	1	4
5.57705	0	1	244	LastDelay	2.86355	2.86355e+06	1	4
5.57705	0	1	244	FullDelay	2.86355	2.86355e+06	1	4
5.60184	0	1	246	LastDelay	2.8747	2.8747e+06	1	4
5.60184	0	1	246	FullDelay	2.8747	2.8747e+06	1	4
5.62496	0	1	247	LastDelay	2.89099	2.89099e+06	1	4
5.62496	0	1	247	FullDelay	2.89099	2.89099e+06	1	4
5.63958	0	1	248	LastDelay	2.89878	2.89878e+06	1	4
5.63958	0	1	248	FullDelay	2.89878	2.89878e+06	1	4
5.66244	0	1	249	LastDelay	2.91481	2.91481e+06	1	4
5.66244	0	1	249	FullDelay	2.91481	2.91481e+06	1	4
5.71058	0	1	250	LastDelay	2.94248	2.94248e+06	1	4
5.71058	0	1	250	FullDelay	2.94248	2.94248e+06	1	4
5.72051	0	1	251	LastDelay	2.94558	2.94558e+06	1	4
5.72051	0	1	251	FullDelay	2.94558	2.94558e+06	1	4
5.79709	0	1	255	LastDelay	2.98802	2.98802e+06	1	4
5.79709	0	1	255	FullDelay	2.98802	2.98802e+06	1	4
5.81507	0	1	259	LastDelay	2.9787	2.9787e+06	1	4
5.81507	0	1	259	FullDelay	2.9787	2.9787e+06	1	4
5.858	0	1	264	LastDelay	2.96018	2.96018e+06	1	4
5.858	0	1	264	FullDelay	2.96018	2.96018e+06	1	4
5.87263	0	1	266	LastDelay	2.96117	2.96117e+06	1	4
5.87263	0	1	266	FullDelay	2.96117	2.96117e+06	1	4
5.91953	0	1	272	LastDelay	2.9671	2.9671e+06	1	4
5.91953	0	1	272	FullDelay	2.9671	2.9671e+06	1	4
5.95565	0	1	274	LastDelay	2.98957	2.98957e+06	1	4
5.95565	0	1	274	FullDelay	2.98957	2.98957e+06	1	4
5.96667	0	1	275	LastDelay	2.99377	2.99377e+06	1	4
5.96667	0	1	275	FullDelay	2.99377	2.99377e+06	1	4
5.98243	0	1	278	LastDelay	2.98904	2.98904e+06	1	4
5.98243	0	1	278	FullDelay	2.98904	2.98904e+06	1	4
5.99234	0	1	279	LastDelay	2.99213	2.99213e+06	1	4
5.99234	0	1	279	FullDelay	2.99213	2.99213e+06	1	4
6.04385	0	1	281	LastDelay	3.02998	3.02998e+06	1	4
6.04385	0	1	281	FullDelay	3.02998	3.02998e+06	1	4
6.07205	0	1	284	LastDelay	3.0377	3.0377e+06	1	4
6.07205	0	1	284	FullDelay	3.0377	3.0377e+06	1	4
6.09598	0	1	288	LastDelay	3.0275	3.0275e+06	1	4
6.09598	0	1	288	FullDelay	3.0275	3.0275e+06	1	4
6.10512	0	1	289	LastDelay	3.02982	3.02982e+06	1	4
6.10512	0	1	289	FullDelay	3.02982	3.02982e+06	1	4
6.14017	0	1	294	LastDelay	3.03073	3.03073e+06	1	4
6.14017	0	1	294	FullDelay	3.03073	3.03073e+06	1	4
6.15371	0	1	295	LastDelay	3.03744	3.03744e+06	1	4
6.15371	0	1	295	FullDelay	3.03744	3.03744e+06	1	4
6.16938	0	1	296	LastDelay	3.04629	3.04629e+06	1	4
6.16938	0	1	296	FullDelay	3.04629	3.04629e+06	1	4
6.18304	0	1	298	LastDelay	3.0463	3.0463e+06	1	4
6.18304	0	1	298	FullDelay	3.0463	3.0463e+06	1	4
6.20834	0	1	303	LastDelay	3.03746	3.03746e+06	1	4
6.20834	0	1	303	FullDelay	3.03746	3.03746e+06	1	4
6.22827	0	1	308	LastDelay	3.02325	3.02325e+06	1	4
6.22827	0	1	308	FullDelay	3.02325	3.02325e+06	1	4
6.23984	0	1	311	LastDelay	3.01435	3.01435e+06	1	4
6.23984	0	1	311	FullDelay	3.01435	3.01435e+06	1	4
6.28859	0	1	322	LastDelay	2.98801	2.98801e+06	1	4
6.28859	0	1	322	FullDelay	2.98801	2.98801e+06	1	4
6.30453	0	1	323	LastDelay	2.99711	2.99711e+06	1	4
6.30453	0	1	323	FullDelay	2.99711	2.99711e+06	1	4
6.34252	0	1	325	LastDelay	3.02145	3.02145e+06	1	4
6.34252	0	1	325	FullDelay	3.02145	3.02145e+06	1	4
6.35781	0	1	326	LastDelay	3.02992	3.02992e+06	1	4
6.35781	0	1	326	FullDelay	3.02992	3.02992e+06	1	4
6.36692	0	1	329	LastDelay	3.01854	3.01854e+06	1	4
6.36692	0	1	329	FullDelay	3.01854	3.01854e+06	1	4
6.40923	0	1	335	LastDelay	2.99941	2.99941e+06	1	4
6.40923	0	1	335	FullDelay	2.99941	2.99941e+06	1	4
6.42641	0	1	336	LastDelay	3.00977	3.00977e+06	1	4
6.42641	0	1	336	FullDelay	3.00977	3.00977e+06	1	4
6.50026	0	1	346	LastDelay	3.00852	3.00852e+06	1	4
6.50026	0	1	346	FullDelay	3.00852	3.00852e+06	1	4
6.51019	0	1	347	LastDelay	3.01163	3.01163e+06	1	4
6.51019	0	1	347	FullDelay	3.01163	3.01163e+06	1	4
6.56141	0	1	350	LastDelay	3.02872	3.02872e+06	1	4
6.56141	0	1	350	FullDelay	3.02872	3.02872e+06	1	4
6.58336	0	1	352	LastDelay	3.03702	3.03702e+06	1	4
6.58336	0	1	352	FullDelay	3.03702	3.03702e+06	1	4
6.59887	0	1	355	LastDelay	3.03204	3.03204e+06	1	4
6.59887	0	1	355	FullDelay	3.03204	3.03204e+06	1	4
6.63733	0	1	359	LastDelay	3.0432	3.0432e+06	1	4
6.63733	0	1	359	FullDelay	3.0432	3.0432e+06	1	4
6.64912	0	1	360	LastDelay	3.04134	3.04134e+06	1	4
6.64912	0	1	360	FullDelay	3.04134	3.04134e+06	1	4
6.68687	0	1	363	LastDelay	3.05861	3.05861e+06	1	4
6.68687	0	1	363	FullDelay	3.05861	3.05861e+06	1	4
6.70414	0	1	366	LastDelay	3.05539	3.05539e+06	1	4
6.70414	0	1	366	FullDelay	3.05539	3.05539e+06	1	4
6.72656	0	1	369	LastDelay	3.05734	3.05734e+06	1	4
6.72656	0	1	369	FullDelay	3.05734	3.05734e+06	1	4
6.75572	0	1	372	LastDelay	3.06602	3.06602e+06	1	4
6.75572	0	1	372	FullDelay	3.06602	3.06602e+06	1	4
6.76993	0	1	373	LastDelay	3.0734	3.0734e+06	1	4
6.76993	0	1	373	FullDelay	3.0734	3.0734e+06	1	4
6.80025	0	1	377	LastDelay	3.07641	3.07641e+06	1	4
6.80025	0	1	377	FullDelay	3.07641	3.07641e+06	1	4
6.83384	0	1	379	LastDelay	3.09635	3.09635e+06	1	4
6.83384	0	1	379	FullDelay	3.09635	3.09635e+06	1	4
6.8771	0	1	381	LastDelay	3.11912	3.11912e+06	1	4
6.8771	0	1	381	FullDelay	3.11912	3.11912e+06	1	4
6.88892	0	1	382	LastDelay	3.12412	3.12412e+06	1	4
6.88892	0	1	382	FullDelay	3.12412	3.12412e+06	1	4
6.90103	0	1	384	LastDelay	3.12257	3.12257e+06	1	4
6.90103	0	1	384	FullDelay	3.12257	3.12257e+06	1	4
6.91645	0	1	385	LastDelay	3.13117	3.13117e+06	1	4
6.91645	0	1	385	FullDelay	3.13117	3.13117e+06	1	4
6.97227	0	1	397	LastDelay	3.10507	3.10507e+06	1	4
6.97227	0	1	397	FullDelay	3.10507	3.10507e+06	1	4
7.01314	0	1	403	LastDelay	3.09816	3.09816e+06	1	4
7.01314	0	1	403	FullDelay	3.09816	3.09816e+06	1	4
7.02751	0	1	404	LastDelay	3.10569	3.10569e+06	1	4
7.02751	0	1	404	FullDelay	3.10569	3.10569e+06	1	4
7.11893	0	1	410	LastDelay	3.15616	3.15616e+06	1	4
7.11893	0	1	410	FullDelay	3.15616	3.15616e+06	1	4
7.13998	0	1	415	LastDelay	3.14308	3.14308e+06	1	4
7.13998	0	1	415	FullDelay	3.14308	3.14308e+06	1	4
7.15581	0	1	416	LastDelay	3.15208	3.15208e+06	1	4
7.15581	0	1	416	FullDelay	3.15208	3.15208e+06	1	4
7.16576	0	1	417	LastDelay	3.1552	3.1552e+06	1	4
7.16576	0	1	417	FullDelay	3.1552	3.1552e+06	1	4
7.22311	0	1	425	LastDelay	3.15793	3.15793e+06	1	4
7.22311	0	1	425	FullDelay	3.15793	3.15793e+06	1	4
7.30292	0	1	443	LastDelay	3.11487	3.11487e+06	1	4
7.30292	0	1	443	FullDelay	3.11487	3.11487e+06	1	4
7.32947	0	1	446	LastDelay	3.11411	3.11411e+06	1	4
7.32947	0	1	446	FullDelay	3.11411	3.11411e+06	1	4
7.36203	0	1	453	LastDelay	3.09889	3.09889e+06	1	4
7.36203	0	1	453	FullDelay	3.09889	3.09889e+06	1	4
7.39619	0	1	457	LastDelay	3.10574	3.10574e+06	1	4
7.39619	0	1	457	FullDelay	3.10574	3.10574e+06	1	4
7.40929	0	1	459	LastDelay	3.10518	3.10518e+06	1	4
7.40929	0	1	459	FullDelay	3.10518	3.10518e+06	1	4
7.45728	0	1	474	LastDelay	3.05078	3.05078e+06	1	4
7.45728	0	1	474	FullDelay	3.05078	3.05078e+06	1	4
7.46738	0	1	476	LastDelay	3.04722	3.04722e+06	1	4
7.46738	0	1	476	FullDelay	3.04722	3.04722e+06	1	4
7.48763	0	1	477	LastDelay	3.06064	3.06064e+06	1	4
7.48763	0	1	477	FullDelay	3.06064	3.06064e+06	1	4
7.70649	0	1	500	LastDelay	3.12249	3.12249e+06	1	4
7.70649	0	1	500	FullDelay	3.12249	3.12249e+06	1	4
7.71556	0	1	501	LastDelay	3.12473	3.12473e+06	1	4
7.71556	0	1	501	FullDelay	3.12473	3.12473e+06	1	4
7.7517	0	1	503	LastDelay	3.14722	3.14722e+06	1	4
7.7517	0	1	503	FullDelay	3.14722	3.14722e+06	1	4
7.77309	0	1	508	LastDelay	3.13447	3.13447e+06	1	4
7.77309	0	1	508	FullDelay	3.13447	3.13447e+06	1	4
7.81762	0	1	517	LastDelay	3.10391	3.10391e+06	1	4
7.81762	0	1	517	FullDelay	3.10391	3.10391e+06	1	4
7.83347	0	1	519	LastDelay	3.10611	3.10611e+06	1	4
7.83347	0	1	519	FullDelay	3.10611	3.10611e+06	1	4
7.88687	0	1	526	LastDelay	3.11172	3.11172e+06	1	4
7.88687	0	1	526	FullDelay	3.11172	3.11172e+06	1	4
7.90331	0	1	527	LastDelay	3.12134	3.12134e+06	1	4
7.90331	0	1	527	FullDelay	3.12134	3.12134e+06	1	4
7.93282	0	1	530	LastDelay	3.13036	3.13036e+06	1	4
7.93282	0	1	530	FullDelay	3.13036	3.13036e+06	1	4
7.95199	0	1	532	LastDelay	3.13589	3.13589e+06	1	4
7.95199	0	1	532	FullDelay	3.13589	3.13589e+06	1	4
8.01462	0	1	543	LastDelay	3.10976	3.10976e+06	1	4
8.01462	0	1	543	FullDelay	3.10976	3.10976e+06	1	4
8.04933	0	1	545	LastDelay	3.13082	3.13082e+06	1	4
8.04933	0	1	545	FullDelay	3.13082	3.13082e+06	1	4
8.07624	0	1	547	LastDelay	3.14408	3.14408e+06	1	4
8.07624	0	1	547	FullDelay	3.14408	3.14408e+06	1	4
8.1136	0	1	550	LastDelay	3.15413	3.15413e+06	1	4
8.1136	0	1	550	FullDelay	3.15413	3.15413e+06	1	4
8.14883	0	1	562	LastDelay	3.10062	3.10062e+06	1	4
8.14883	0	1	562	FullDelay	3.10062	3.10062e+06	1	4
8.16186	0	1	563	LastDelay	3.10682	3.10682e+06	1	4
8.16186	0	1	563	FullDelay	3.10682	3.10682e+06	1	4
8.17758	0	1	564	LastDelay	3.11572	3.11572e+06	1	4
8.17758	0	1	564	FullDelay	3.11572	3.11572e+06	1	4
8.23545	0	1	570	LastDelay	3.12579	3.12579e+06	1	4
8.23545	0	1	570	FullDelay	3.12579	3.12579e+06	1	4
8.28196	0	1	578	LastDelay	3.1177	3.1177e+06	1	4
8.28196	0	1	578	FullDelay	3.1177	3.1177e+06	1	4
8.31406	0	1	582	LastDelay	3.12249	3.12249e+06	1	4
8.31406	0	1	582	FullDelay	3.12249	3.12249e+06	1	4
8.34396	0	1	586	LastDelay	3.12508	3.12508e+06	1	4
8.34396	0	1	586	FullDelay	3.12508	3.12508e+06	1	4
8.36825	0	1	589	LastDelay	3.12889	3.12889e+06	1	4
8.36825	0	1	589	FullDelay	3.12889	3.12889e+06	1	4
8.43805	0	1	600	LastDelay	3.1236	3.1236e+06	1	4
8.43805	0	1	600	FullDelay	3.1236	3.1236e+06	1	4
8.51153	0	1	613	LastDelay	3.10833	3.10833e+06	1	4
8.51153	0	1	613	FullDelay	3.10833	3.10833e+06	1	4
8.57559	0	1	629	LastDelay	3.06317	3.06317e+06	1	4
8.57559	0	1	629	FullDelay	3.06317	3.06317e+06	1	4
8.66585	0	1	648	LastDelay	2.99641	2.99641e+06	1	4
8.66585	0	1	648	FullDelay	2.99641	2.99641e+06	1	4
8.86106	0	1	671	LastDelay	3.01413	3.01413e+06	1	4
8.86106	0	1	671	FullDelay	3.01413	3.01413e+06	1	4
8.90429	0	1	672	LastDelay	3.03688	3.03688e+06	1	4
8.90429	0	1	672	FullDelay	3.03688	3.03688e+06	1	4
8.92676	0	1	675	LastDelay	3.03887	3.03887e+06	1	4
8.92676	0	1	675	FullDelay	3.03887	3.03887e+06	1	4
8.97412	0	1	678	LastDelay	2.99748	2.99748e+06	1	4
8.97412	0	1	678	FullDelay	2.99748	2.99748e+06	1	4
9.0105	0	1	680	LastDelay	3.02021	3.02021e+06	1	4
9.0105	0	1	680	FullDelay	3.02021	3.02021e+06	1	4
9.04635	0	1	685	LastDelay	2.96731	2.96731e+06	1	4
9.04635	0	1	685	FullDelay	2.96731	2.96731e+06	1	4
9.06118	0	1	686	LastDelay	2.97532	2.97532e+06	1	4
9.06118	0	1	686	FullDelay	2.97532	2.97532e+06	1	4
9.12165	0	1	690	LastDelay	2.98117	2.98117e+06	1	4
9.12165	0	1	690	FullDelay	2.98117	2.98117e+06	1	4
9.65344	0	1	701	LastDelay	2.8576	2.8576e+06	1	4
9.65344	0	1	701	FullDelay	2.8576	2.8576e+06	1	4
24.3309	0	1	2895	LastDelay	0.270375	270375	1	4
24.3309	0	1	2895	FullDelay	0.270375	270375	1	4
24.3662	0	1	2896	LastDelay	0.298928	298928	1	4
24.3662	0	1	2896	FullDelay	0.298928	298928	1	4
24.38	0	1	2897	LastDelay	0.305843	305843	1	4
24.38	0	1	2897	FullDelay	0.305843	305843	1	4
24.438	0	1	2898	LastDelay	0.357064	357064	1	4
24.438	0	1	2898	FullDelay	0.357064	357064	1	4
24.4825	0	1	2899	LastDelay	0.394677	394677	1	4
24.4825	0	1	2899	FullDelay	0.394677	394677	1	4
24.5078	0	1	2900	LastDelay	0.413147	413147	1	4
24.5078	0	1	2900	FullDelay	0.413147	413147	1	4
24.5223	0	1	2901	LastDelay	0.420908	420908	1	4
24.5223	0	1	2901	FullDelay	0.420908	420908	1	4
24.5608	0	1	2902	LastDelay	0.452544	452544	1	4
24.5608	0	1	2902	FullDelay	0.452544	452544	1	4
24.5898	0	1	2903	LastDelay	0.474674	474674	1	4
24.5898	0	1	2903	FullDelay	0.474674	474674	1	4
24.6418	0	1	2905	LastDelay	0.513068	513068	1	4
24.6418	0	1	2905	FullDelay	0.513068	513068	1	4
24.665	0	1	2906	LastDelay	0.529402	529402	1	4
24.665	0	1	2906	FullDelay	0.529402	529402	1	4
24.7031	0	1	2907	LastDelay	0.560732	560732	1	4
24.7031	0	1	2907	FullDelay	0.560732	560732	1	4
24.7578	0	1	2908	LastDelay	0.608537	608537	1	4
24.7578	0	1	2908	FullDelay	0.608537	608537	1	4
24.7896	0	1	2910	LastDelay	0.62677	626770	1	4
24.7896	0	1	2910	FullDelay	0.62677	626770	1	4
24.8069	0	1	2911	LastDelay	0.63724	637240	1	4
24.8069	0	1	2911	FullDelay	0.63724	637240	1	4
24.832	0	1	2912	LastDelay	0.655512	655512	1	4
24.832	0	1	2912	FullDelay	0.655512	655512	1	4
24.8519	0	1	2913	LastDelay	0.66859	668590	1	4
24.8519	0	1	2913	FullDelay	0.66859	668590	1	4
24.8962	0	1	2915	LastDelay	0.699155	699155	1	4
24.8962	0	1	2915	FullDelay	0.699155	699155	1	4
24.9067	0	1	2916	LastDelay	0.702895	702895	1	4
24.9067	0	1	2916	FullDelay	0.702895	702895	1	4
24.9441	0	1	2917	LastDelay	0.733427	733427	1	4
24.9441	0	1	2917	FullDelay	0.733427	733427	1	4
24.9549	0	1	2918	LastDelay	0.73744	737440	1	4
24.9549	0	1	2918	FullDelay	0.73744	737440	1	4
24.9769	0	1	2919	LastDelay	0.752539	752539	1	4
24.9769	0	1	2919	FullDelay	0.752539	752539	1	4
24.9859	0	1	2920	LastDelay	0.754778	754778	1	4
24.9859	0	1	2920	FullDelay	0.754778	754778	1	4
24.9985	0	1	2921	LastDelay	0.760564	760564	1	4
24.9985	0	1	2921	FullDelay	0.760564	760564	1	4
25.0312	0	1	2922	LastDelay	0.786426	786426	1	4
25.0312	0	1	2922	FullDelay	0.786426	786426	1	4
25.0511	0	1	2923	LastDelay	0.799486	799486	1	4
25.0511	0	1	2923	FullDelay	0.799486	799486	1	4
25.0682	0	1	2924	LastDelay	0.809739	809739	1	4
25.0682	0	1	2924	FullDelay	0.809739	809739	1	4
25.0973	0	1	2925	LastDelay	0.832041	832041	1	4
25.0973	0	1	2925	FullDelay	0.832041	832041	1	4
25.1123	0	1	2926	LastDelay	0.840217	840217	1	4
25.1123	0	1	2926	FullDelay	0.840217	840217	1	4
25.145	0	1	2927	LastDelay	0.86609	866090	1	4
25.145	0	1	2927	FullDelay	0.86609	866090	1	4
25.1556	0	1	2928	LastDelay	0.869796	869796	1	4
25.1556	0	1	2928	FullDelay	0.869796	869796	1	4
25.1877	0	1	2929	LastDelay	0.895158	895158	1	4
25.1877	0	1	2929	FullDelay	0.895158	895158	1	4
25.3259	0	1	2932	LastDelay	1.01282	1.01282e+06	1	4
25.3259	0	1	2932	FullDelay	1.01282	1.01282e+06	1	4
25.335	0	1	2933	LastDelay	1.01506	1.01506e+06	1	4
25.335	0	1	2933	FullDelay	1.01506	1.01506e+06	1	4
25.3709	0	1	2934	LastDelay	1.04416	1.04416e+06	1	4
25.3709	0	1	2934	FullDelay	1.04416	1.04416e+06	1	4
25.3836	0	1	2935	LastDelay	1.05009	1.05009e+06	1	4
25.3836	0	1	2935	FullDelay	1.05009	1.05009e+06	1	4
25.4196	0	1	2937	LastDelay	1.07238	1.07238e+06	1	4
25.4196	0	1	2937	FullDelay	1.07238	1.07238e+06	1	4
25.4296	0	1	6	LastDelay	1.07554	1.07554e+06	1	4
25.4296	0	1	6	FullDelay	24.3886	2.43886e+07	5	4
25.4914	0	1	17	LastDelay	1.12375	1.12375e+06	1	4
25.4914	0	1	17	FullDelay	24.3754	2.43754e+07	5	4
25.5005	0	1	18	LastDelay	1.12598	1.12598e+06	1	4
25.5005	0	1	18	FullDelay	24.3776	2.43776e+07	5	4
25.5103	0	1	32	LastDelay	1.12899	1.12899e+06	1	4
25.5103	0	1	32	FullDelay	24.2919	2.42919e+07	5	4
25.5212	0	1	37	LastDelay	1.13305	1.13305e+06	1	4
25.5212	0	1	37	FullDelay	24.2686	2.42686e+07	5	4
25.5609	0	1	39	LastDelay	1.16595	1.16595e+06	1	4
25.5609	0	1	39	FullDelay	24.2947	2.42947e+07	5	4
25.5744	0	1	46	LastDelay	1.17259	1.17259e+06	1	4
25.5744	0	1	46	FullDelay	24.2604	2.42604e+07	5	4
25.6406	0	1	47	LastDelay	1.23193	1.23193e+06	1	4
25.6406	0	1	47	FullDelay	24.3197	2.43197e+07	5	4
25.657	0	1	49	LastDelay	1.24151	1.24151e+06	1	4
25.657	0	1	49	FullDelay	24.3225	2.43225e+07	5	4
25.6677	0	1	50	LastDelay	1.24546	1.24546e+06	1	4
25.6677	0	1	50	FullDelay	24.3264	2.43264e+07	5	4
25.7222	0	1	51	LastDelay	1.29312	1.29312e+06	1	4
25.7222	0	1	51	FullDelay	24.3741	2.43741e+07	5	4
25.7551	0	1	71	LastDelay	1.30553	1.30553e+06	1	4
25.7551	0	1	71	FullDelay	24.2704	2.42704e+07	4	4
25.7704	0	1	72	LastDelay	1.314	1.314e+06	1	4
25.7704	0	1	72	FullDelay	24.2789	2.42789e+07	4	4
25.8208	0	1	86	LastDelay	1.35754	1.35754e+06	1	4
25.8208	0	1	86	FullDelay	24.2337	2.42337e+07	4	4
25.8833	0	1	89	LastDelay	1.41327	1.41327e+06	1	4
25.8833	0	1	89	FullDelay	24.2758	2.42758e+07	4	4
25.9275	0	1	100	LastDelay	1.44379	1.44379e+06	1	4
25.9275	0	1	100	FullDelay	24.2449	2.42449e+07	4	4
25.9384	0	1	105	LastDelay	1.44783	1.44783e+06	1	4
25.9384	0	1	105	FullDelay	24.2216	2.42216e+07	4	4
25.9521	0	1	115	LastDelay	1.45473	1.45473e+06	1	4
25.9521	0	1	115	FullDelay	24.167	2.4167e+07	4	4
25.9625	0	1	125	LastDelay	1.45824	1.45824e+06	1	4
25.9625	0	1	125	FullDelay	24.1091	2.41091e+07	4	4
26.0076	0	1	146	LastDelay	1.4897	1.4897e+06	1	4
26.0076	0	1	146	FullDelay	24.004	2.4004e+07	4	4
26.0232	0	1	155	LastDelay	1.4985	1.4985e+06	1	4
26.0232	0	1	155	FullDelay	23.9582	2.39582e+07	4	4
26.0614	0	1	156	LastDelay	1.52989	1.52989e+06	1	4
26.0614	0	1	156	FullDelay	23.9896	2.39896e+07	4	4
26.0751	0	1	160	LastDelay	1.53678	1.53678e+06	1	4
26.0751	0	1	160	FullDelay	23.976	2.3976e+07	4	4
26.0842	0	1	171	LastDelay	1.53908	1.53908e+06	1	4
26.0842	0	1	171	FullDelay	23.8964	2.38964e+07	4	4
26.1018	0	1	182	LastDelay	1.54977	1.54977e+06	1	4
26.1018	0	1	182	FullDelay	23.8184	2.38184e+07	4	4
26.1234	0	1	194	LastDelay	1.5646	1.5646e+06	1	4
26.1234	0	1	194	FullDelay	23.7581	2.37581e+07	4	4
26.1454	0	1	196	LastDelay	1.57974	1.57974e+06	1	4
26.1454	0	1	196	FullDelay	23.7664	2.37664e+07	4	4
26.16	0	1	198	LastDelay	1.58748	1.58748e+06	1	4
26.16	0	1	198	FullDelay	23.7673	2.37673e+07	4	4
26.1699	0	1	201	LastDelay	1.59058	1.59058e+06	1	4
26.1699	0	1	201	FullDelay	23.7568	2.37568e+07	4	4
26.22	0	1	208	LastDelay	1.62702	1.62702e+06	1	4
26.22	0	1	208	FullDelay	23.7591	2.37591e+07	4	4
26.2334	0	1	212	LastDelay	1.63366	1.63366e+06	1	4
26.2334	0	1	212	FullDelay	23.7452	2.37452e+07	4	4
26.2453	0	1	216	LastDelay	1.6387	1.6387e+06	1	4
26.2453	0	1	216	FullDelay	23.7298	2.37298e+07	4	4
26.2943	0	1	217	LastDelay	1.68082	1.68082e+06	1	4
26.2943	0	1	217	FullDelay	23.7719	2.37719e+07	4	4
26.3181	0	1	218	LastDelay	1.69786	1.69786e+06	1	4
26.3181	0	1	218	FullDelay	23.789	2.3789e+07	4	4
26.3498	0	1	220	LastDelay	1.72268	1.72268e+06	1	4
26.3498	0	1	220	FullDelay	23.8069	2.38069e+07	4	4
26.3614	0	1	222	LastDelay	1.72753	1.72753e+06	1	4
26.3614	0	1	222	FullDelay	23.805	2.3805e+07	4	4
26.3812	0	1	227	LastDelay	1.74043	1.74043e+06	1	4
26.3812	0	1	227	FullDelay	23.7906	2.37906e+07	4	4
26.4577	0	1	230	LastDelay	1.81009	1.81009e+06	1	4
26.4577	0	1	230	FullDelay	23.8466	2.38466e+07	4	4
26.4709	0	1	233	LastDelay	1.81647	1.81647e+06	1	4
26.4709	0	1	233	FullDelay	23.8393	2.38393e+07	4	4
26.5099	0	1	235	LastDelay	1.84865	1.84865e+06	1	4
26.5099	0	1	235	FullDelay	23.8646	2.38646e+07	4	4
26.5265	0	1	236	LastDelay	1.85843	1.85843e+06	1	4
26.5265	0	1	236	FullDelay	23.8676	2.38676e+07	4	4
26.5507	0	1	243	LastDelay	1.86897	1.86897e+06	1	4
26.5507	0	1	243	FullDelay	23.844	2.3844e+07	4	4
26.5704	0	1	245	LastDelay	1.88184	1.88184e+06	1	4
26.5704	0	1	245	FullDelay	23.8501	2.38501e+07	4	4
26.584	0	1	252	LastDelay	1.88868	1.88868e+06	1	4
26.584	0	1	252	FullDelay	23.8023	2.38023e+07	4	4
26.5956	0	1	253	LastDelay	1.89341	1.89341e+06	1	4
26.5956	0	1	253	FullDelay	23.807	2.3807e+07	4	4
26.6169	0	1	254	LastDelay	1.90793	1.90793e+06	1	4
26.6169	0	1	254	FullDelay	23.8215	2.38215e+07	4	4
26.6406	0	1	256	LastDelay	1.92479	1.92479e+06	1	4
26.6406	0	1	256	FullDelay	23.8247	2.38247e+07	4	4
26.6763	0	1	258	LastDelay	1.94683	1.94683e+06	1	4
26.6763	0	1	258	FullDelay	23.8468	2.38468e+07	4	4
26.6898	0	1	260	LastDelay	1.95346	1.95346e+06	1	4
26.6898	0	1	260	FullDelay	23.8466	2.38466e+07	4	4
26.714	0	1	261	LastDelay	1.97084	1.97084e+06	1	4
26.714	0	1	261	FullDelay	23.8366	2.38366e+07	4	4
26.7231	0	1	262	LastDelay	1.9731	1.9731e+06	1	4
26.7231	0	1	262	FullDelay	23.8389	2.38389e+07	4	4
26.7519	0	1	263	LastDelay	1.99513	1.99513e+06	1	4
26.7519	0	1	263	FullDelay	23.8609	2.38609e+07	4	4
59.9908	0	1	5526	LastDelay	0.192761	192761	1	4
59.9908	0	1	5526	FullDelay	0.192761	192761	1	4
60.0017	0	1	5527	LastDelay	0.196795	196795	1	4
60.0017	0	1	5527	FullDelay	0.196795	196795	1	4
60.0409	0	1	5528	LastDelay	0.229169	229169	1	4
60.0409	0	1	5528	FullDelay	0.229169	229169	1	4
60.059	0	1	5529	LastDelay	0.240442	240442	1	4
60.059	0	1	5529	FullDelay	0.240442	240442	1	4
60.122	0	1	5531	LastDelay	0.289787	289787	1	4
60.122	0	1	5531	FullDelay	0.289787	289787	1	4
60.164	0	1	5533	LastDelay	0.318094	318094	1	4
60.164	0	1	5533	FullDelay	0.318094	318094	1	4
60.1792	0	1	5534	LastDelay	0.326522	326522	1	4
60.1792	0	1	5534	FullDelay	0.326522	326522	1	4
60.2016	0	1	5535	LastDelay	0.342077	342077	1	4
60.2016	0	1	5535	FullDelay	0.342077	342077	1	4
60.2318	0	1	5536	LastDelay	0.36542	365420	1	4
60.2318	0	1	5536	FullDelay	0.36542	365420	1	4
60.2435	0	1	5537	LastDelay	0.370339	370339	1	4
60.2435	0	1	5537	FullDelay	0.370339	370339	1	4
60.2805	0	1	5538	LastDelay	0.400554	400554	1	4
60.2805	0	1	5538	FullDelay	0.400554	400554	1	4
60.2905	0	1	5539	LastDelay	0.403659	403659	1	4
60.2905	0	1	5539	FullDelay	0.403659	403659	1	4
60.3029	0	1	5540	LastDelay	0.409276	409276	1	4
60.3029	0	1	5540	FullDelay	0.409276	409276	1	4
60.3363	0	1	5541	LastDelay	0.435794	435794	1	4
60.3363	0	1	5541	FullDelay	0.435794	435794	1	4
60.3603	0	1	5542	LastDelay	0.453046	453046	1	4
60.3603	0	1	5542	FullDelay	0.453046	453046	1	4
60.4505	0	1	5544	LastDelay	0.52959	529590	1	4
60.4505	0	1	5544	FullDelay	0.52959	529590	1	4
60.4982	0	1	5545	LastDelay	0.570414	570414	1	4
60.4982	0	1	5545	FullDelay	0.570414	570414	1	4
60.5128	0	1	5546	LastDelay	0.578207	578207	1	4
60.5128	0	1	5546	FullDelay	0.578207	578207	1	4
60.527	0	1	5547	LastDelay	0.585574	585574	1	4
60.527	0	1	5547	FullDelay	0.585574	585574	1	4
60.6295	0	1	5550	LastDelay	0.66762	667620	1	4
60.6295	0	1	5550	FullDelay	0.66762	667620	1	4
60.683	0	1	5551	LastDelay	0.714273	714273	1	4
60.683	0	1	5551	FullDelay	0.714273	714273	1	4
60.7162	0	1	5553	LastDelay	0.733778	733778	1	4
60.7162	0	1	5553	FullDelay	0.733778	733778	1	4
60.7265	0	1	5554	LastDelay	0.73723	737230	1	4
60.7265	0	1	5554	FullDelay	0.73723	737230	1	4
60.758	0	1	5555	LastDelay	0.761986	761986	1	4
60.758	0	1	5555	FullDelay	0.761986	761986	1	4
60.7811	0	1	16	LastDelay	0.778202	778202	1	4
60.7811	0	1	16	FullDelay	59.6718	5.96718e+07	7	4
60.8886	0	1	55	LastDelay	0.878938	878938	1	4
60.8886	0	1	55	FullDelay	59.5132	5.95132e+07	6	4
60.9102	0	1	69	LastDelay	0.893654	893654	1	4
60.9102	0	1	69	FullDelay	59.4391	5.94391e+07	5	4
60.9351	0	1	92	LastDelay	0.911773	911773	1	4
60.9351	0	1	92	FullDelay	59.3071	5.93071e+07	5	4
60.9581	0	1	140	LastDelay	0.927918	927918	1	4
60.9581	0	1	140	FullDelay	58.9955	5.89955e+07	5	4
61.0172	0	1	205	LastDelay	0.98021	980210	1	4
61.0172	0	1	205	FullDelay	58.5768	5.85768e+07	5	4
61.0271	0	1	241	LastDelay	0.983288	983288	1	4
61.0271	0	1	241	FullDelay	58.3341	5.83341e+07	5	4
61.0407	0	1	257	LastDelay	0.990074	990074	1	4
61.0407	0	1	257	FullDelay	58.218	5.8218e+07	5	4
61.0585	0	1	265	LastDelay	1.00104	1.00104e+06	1	4
61.0585	0	1	265	FullDelay	58.1539	5.81539e+07	5	4
61.074	0	1	267	LastDelay	1.00972	1.00972e+06	1	4
61.074	0	1	267	FullDelay	58.1557	5.81557e+07	5	4
61.1163	0	1	268	LastDelay	1.04516	1.04516e+06	1	4
61.1163	0	1	268	FullDelay	58.1912	5.81912e+07	5	4
61.1933	0	1	269	LastDelay	1.11531	1.11531e+06	1	4
61.1933	0	1	269	FullDelay	58.2613	5.82613e+07	5	4
61.2278	0	1	270	LastDelay	1.14298	1.14298e+06	1	4
61.2278	0	1	270	FullDelay	58.289	5.8289e+07	5	4
61.3676	0	1	271	LastDelay	1.27594	1.27594e+06	1	4
61.3676	0	1	271	FullDelay	58.422	5.8422e+07	5	4
61.3991	0	1	276	LastDelay	1.29385	1.29385e+06	1	4
61.3991	0	1	276	FullDelay	58.4194	5.84194e+07	5	4
61.441	0	1	277	LastDelay	1.32886	1.32886e+06	1	4
61.441	0	1	277	FullDelay	58.4544	5.84544e+07	5	4
61.4517	0	1	280	LastDelay	1.33281	1.33281e+06	1	4
61.4517	0	1	280	FullDelay	58.4447	5.84447e+07	5	4
61.4907	0	1	282	LastDelay	1.36497	1.36497e+06	1	4
61.4907	0	1	282	FullDelay	58.47	5.847e+07	5	4
61.5036	0	1	283	LastDelay	1.37099	1.37099e+06	1	4
61.5036	0	1	283	FullDelay	58.476	5.8476e+07	5	4
61.5209	0	1	285	LastDelay	1.38153	1.38153e+06	1	4
61.5209	0	1	285	FullDelay	58.4798	5.84798e+07	5	4
61.5471	0	1	286	LastDelay	1.40082	1.40082e+06	1	4
61.5471	0	1	286	FullDelay	58.4991	5.84991e+07	4	4
61.5561	0	1	287	LastDelay	1.40306	1.40306e+06	1	4
61.5561	0	1	287	FullDelay	58.4945	5.84945e+07	4	4
61.6096	0	1	290	LastDelay	1.44969	1.44969e+06	1	4
61.6096	0	1	290	FullDelay	58.5274	5.85274e+07	4	4
61.649	0	1	291	LastDelay	1.48226	1.48226e+06	1	4
61.649	0	1	291	FullDelay	58.56	5.856e+07	4	4
61.6625	0	1	292	LastDelay	1.48891	1.48891e+06	1	4
61.6625	0	1	292	FullDelay	58.5667	5.85667e+07	4	4
61.7238	0	1	293	LastDelay	1.54347	1.54347e+06	1	4
61.7238	0	1	293	FullDelay	58.6212	5.86212e+07	4	4
61.7347	0	1	297	LastDelay	1.54749	1.54749e+06	1	4
61.7347	0	1	297	FullDelay	58.6048	5.86048e+07	4	4
61.7456	0	1	299	LastDelay	1.55156	1.55156e+06	1	4
61.7456	0	1	299	FullDelay	58.602	5.8602e+07	4	4
61.7555	0	1	300	LastDelay	1.55467	1.55467e+06	1	4
61.7555	0	1	300	FullDelay	58.6051	5.86051e+07	4	4
61.7699	0	1	301	LastDelay	1.56218	1.56218e+06	1	4
61.7699	0	1	301	FullDelay	58.6126	5.86126e+07	4	4
61.7918	0	1	302	LastDelay	1.57732	1.57732e+06	1	4
61.7918	0	1	302	FullDelay	58.6278	5.86278e+07	4	4
61.8168	0	1	304	LastDelay	1.59546	1.59546e+06	1	4
61.8168	0	1	304	FullDelay	58.6391	5.86391e+07	4	4
61.8331	0	1	305	LastDelay	1.60498	1.60498e+06	1	4
61.8331	0	1	305	FullDelay	58.6486	5.86486e+07	4	4
61.8661	0	1	306	LastDelay	1.6311	1.6311e+06	1	4
61.8661	0	1	306	FullDelay	58.6747	5.86747e+07	4	4
61.8778	0	1	307	LastDelay	1.63594	1.63594e+06	1	4
61.8778	0	1	307	FullDelay	58.6796	5.86796e+07	4	4
61.903	0	1	309	LastDelay	1.65438	1.65438e+06	1	4
61.903	0	1	309	FullDelay	58.6912	5.86912e+07	4	4
61.919	0	1	310	LastDelay	1.66354	1.66354e+06	1	4
61.919	0	1	310	FullDelay	58.7003	5.87003e+07	4	4
61.9422	0	1	312	LastDelay	1.67996	1.67996e+06	1	4
61.9422	0	1	312	FullDelay	58.7099	5.87099e+07	4	4
62.0106	0	1	315	LastDelay	1.72787	1.72787e+06	1	4
62.0106	0	1	315	FullDelay	58.7578	5.87578e+07	4	4
62.0338	0	1	316	LastDelay	1.74418	1.74418e+06	1	4
62.0338	0	1	316	FullDelay	58.7741	5.87741e+07	4	4
62.0566	0	1	317	LastDelay	1.76022	1.76022e+06	1	4
62.0566	0	1	317	FullDelay	58.7902	5.87902e+07	4	4
62.0685	0	1	318	LastDelay	1.76529	1.76529e+06	1	4
62.0685	0	1	318	FullDelay	58.7953	5.87953e+07	4	4
62.0866	0	1	319	LastDelay	1.77655	1.77655e+06	1	4
62.0866	0	1	319	FullDelay	58.8065	5.88065e+07	4	4
62.1284	0	1	321	LastDelay	1.80467	1.80467e+06	1	4
62.1284	0	1	321	FullDelay	58.8346	5.88346e+07	4	4
62.1417	0	1	324	LastDelay	1.81119	1.81119e+06	1	4
62.1417	0	1	324	FullDelay	58.8275	5.88275e+07	4	4
62.1646	0	1	327	LastDelay	1.82726	1.82726e+06	1	4
62.1646	0	1	327	FullDelay	58.8299	5.88299e+07	4	4
62.1755	0	1	328	LastDelay	1.83127	1.83127e+06	1	4
62.1755	0	1	328	FullDelay	58.8339	5.88339e+07	4	4
62.2213	0	1	330	LastDelay	1.87028	1.87028e+06	1	4
62.2213	0	1	330	FullDelay	58.8456	5.88456e+07	4	4
62.2337	0	1	331	LastDelay	1.8758	1.8758e+06	1	4
62.2337	0	1	331	FullDelay	58.8512	5.88512e+07	4	4
62.2455	0	1	332	LastDelay	1.88084	1.88084e+06	1	4
62.2455	0	1	332	FullDelay	58.8562	5.88562e+07	4	4
62.2546	0	1	333	LastDelay	1.88307	1.88307e+06	1	4
62.2546	0	1	333	FullDelay	58.8584	5.88584e+07	4	4
62.268	0	1	334	LastDelay	1.88969	1.88969e+06	1	4
62.268	0	1	334	FullDelay	58.865	5.8865e+07	4	4
62.2964	0	1	337	LastDelay	1.91122	1.91122e+06	1	4
62.2964	0	1	337	FullDelay	58.8729	5.88729e+07	4	4
62.3289	0	1	338	LastDelay	1.93688	1.93688e+06	1	4
62.3289	0	1	338	FullDelay	58.8986	5.88986e+07	4	4
62.3449	0	1	339	LastDelay	1.94605	1.94605e+06	1	4
62.3449	0	1	339	FullDelay	58.9078	5.89078e+07	4	4
62.3598	0	1	340	LastDelay	1.95412	1.95412e+06	1	4
62.3598	0	1	340	FullDelay	58.9158	5.89158e+07	4	4
62.3742	0	1	341	LastDelay	1.96168	1.96168e+06	1	4
62.3742	0	1	341	FullDelay	58.9166	5.89166e+07	4	4
62.3832	0	1	342	LastDelay	1.96394	1.96394e+06	1	4
62.3832	0	1	342	FullDelay	58.9188	5.89188e+07	4	4
62.4027	0	1	343	LastDelay	1.97656	1.97656e+06	1	4
62.4027	0	1	343	FullDelay	58.9314	5.89314e+07	4	4
95.9673	0	1	5639	LastDelay	0.315589	315589	1	4
95.9673	0	1	5639	FullDelay	0.315589	315589	1	4
95.9764	0	1	5640	LastDelay	0.317888	317888	1	4
95.9764	0	1	5640	FullDelay	0.317888	317888	1	4
96.0141	0	1	5641	LastDelay	0.348753	348753	1	4
96.0141	0	1	5641	FullDelay	0.348753	348753	1	4
96.0879	0	1	5644	LastDelay	0.402079	402079	1	4
96.0879	0	1	5644	FullDelay	0.402079	402079	1	4
96.0993	0	1	5645	LastDelay	0.406587	406587	1	4
96.0993	0	1	5645	FullDelay	0.406587	406587	1	4
96.1199	0	1	5646	LastDelay	0.420409	420409	1	4
96.1199	0	1	5646	FullDelay	0.420409	420409	1	4
96.1318	0	1	5647	LastDelay	0.425428	425428	1	4
96.1318	0	1	5647	FullDelay	0.425428	425428	1	4
96.1651	0	1	5648	LastDelay	0.451895	451895	1	4
96.1651	0	1	5648	FullDelay	0.451895	451895	1	4
96.1775	0	1	5649	LastDelay	0.457519	457519	1	4
96.1775	0	1	5649	FullDelay	0.457519	457519	1	4
96.2038	0	1	5650	LastDelay	0.476955	476955	1	4
96.2038	0	1	5650	FullDelay	0.476955	476955	1	4
96.2797	0	1	5651	LastDelay	0.546072	546072	1	4
96.2797	0	1	5651	FullDelay	0.546072	546072	1	4
96.3098	0	1	5652	LastDelay	0.569328	569328	1	4
96.3098	0	1	5652	FullDelay	0.569328	569328	1	4
96.3351	0	1	5653	LastDelay	0.587851	587851	1	4
96.3351	0	1	5653	FullDelay	0.587851	587851	1	4
96.3443	0	1	5654	LastDelay	0.59019	590190	1	4
96.3443	0	1	5654	FullDelay	0.59019	590190	1	4
96.3604	0	1	5655	LastDelay	0.599408	599408	1	4
96.3604	0	1	5655	FullDelay	0.599408	599408	1	4
96.3933	0	1	5656	LastDelay	0.625533	625533	1	4
96.3933	0	1	5656	FullDelay	0.625533	625533	1	4
96.4109	0	1	5657	LastDelay	0.636289	636289	1	4
96.4109	0	1	5657	FullDelay	0.636289	636289	1	4
96.4383	0	1	5659	LastDelay	0.650001	650001	1	4
96.4383	0	1	5659	FullDelay	0.650001	650001	1	4
96.4488	0	1	5660	LastDelay	0.653715	653715	1	4
96.4488	0	1	5660	FullDelay	0.653715	653715	1	4
96.4592	0	1	5661	LastDelay	0.657266	657266	1	4
96.4592	0	1	5661	FullDelay	0.657266	657266	1	4
96.4719	0	1	5662	LastDelay	0.663211	663211	1	4
96.4719	0	1	5662	FullDelay	0.663211	663211	1	4
96.491	0	1	5663	LastDelay	0.675464	675464	1	4
96.491	0	1	5663	FullDelay	0.675464	675464	1	4
96.5072	0	1	5664	LastDelay	0.684845	684845	1	4
96.5072	0	1	5664	FullDelay	0.684845	684845	1	4
96.5595	0	1	5666	LastDelay	0.723456	723456	1	4
96.5595	0	1	5666	FullDelay	0.723456	723456	1	4
96.5811	0	1	5667	LastDelay	0.738195	738195	1	4
96.5811	0	1	5667	FullDelay	0.738195	738195	1	4
96.5957	0	1	5668	LastDelay	0.745978	745978	1	4
96.5957	0	1	5668	FullDelay	0.745978	745978	1	4
96.6085	0	1	5669	LastDelay	0.751961	751961	1	4
96.6085	0	1	5669	FullDelay	0.751961	751961	1	4
96.651	0	1	5671	LastDelay	0.780861	780861	1	4
96.651	0	1	5671	FullDelay	0.780861	780861	1	4
96.6856	0	1	5672	LastDelay	0.808616	808616	1	4
96.6856	0	1	5672	FullDelay	0.808616	808616	1	4
96.6995	0	1	5673	LastDelay	0.8157	815700	1	4
96.6995	0	1	5673	FullDelay	0.8157	815700	1	4
96.7235	0	1	5674	LastDelay	0.832874	832874	1	4
96.7235	0	1	5674	FullDelay	0.832874	832874	1	4
96.7335	0	1	5675	LastDelay	0.836061	836061	1	4
96.7335	0	1	5675	FullDelay	0.836061	836061	1	4
96.7468	0	1	5676	LastDelay	0.842456	842456	1	4
96.7468	0	1	5676	FullDelay	0.842456	842456	1	4
96.791	0	1	5677	LastDelay	0.879865	879865	1	4
96.791	0	1	5677	FullDelay	0.879865	879865	1	4
96.8424	0	1	5678	LastDelay	0.924449	924449	1	4
96.8424	0	1	5678	FullDelay	0.924449	924449	1	4
96.8683	0	1	5679	LastDelay	0.943491	943491	1	4
96.8683	0	1	5679	FullDelay	0.943491	943491	1	4
96.8916	0	1	5680	LastDelay	0.960014	960014	1	4
96.8916	0	1	5680	FullDelay	0.960014	960014	1	4
96.9185	0	1	5681	LastDelay	0.980027	980027	1	4
96.9185	0	1	5681	FullDelay	0.980027	980027	1	4
96.9376	0	1	5682	LastDelay	0.99228	992280	1	4
96.9376	0	1	5682	FullDelay	0.99228	992280	1	4
96.9545	0	1	5683	LastDelay	1.00244	1.00244e+06	1	4
96.9545	0	1	5683	FullDelay	1.00244	1.00244e+06	1	4
96.9896	0	1	5684	LastDelay	1.03065	1.03065e+06	1	4
96.9896	0	1	5684	FullDelay	1.03065	1.03065e+06	1	4
97.0265	0	1	5685	LastDelay	1.0608	1.0608e+06	1	4
97.0265	0	1	5685	FullDelay	1.0608	1.0608e+06	1	4
97.0512	0	1	5686	LastDelay	1.07862	1.07862e+06	1	4
97.0512	0	1	5686	FullDelay	1.07862	1.07862e+06	1	4
97.0611	0	1	5687	LastDelay	1.08172	1.08172e+06	1	4
97.0611	0	1	5687	FullDelay	1.08172	1.08172e+06	1	4
97.0891	0	1	5688	LastDelay	1.10286	1.10286e+06	1	4
97.0891	0	1	5688	FullDelay	1.10286	1.10286e+06	1	4
97.1108	0	1	5690	LastDelay	1.11094	1.11094e+06	1	4
97.1108	0	1	5690	FullDelay	1.11094	1.11094e+06	1	4
97.1233	0	1	273	LastDelay	1.11658	1.11658e+06	1	4
97.1233	0	1	273	FullDelay	94.164	9.4164e+07	6	4
97.1492	0	1	313	LastDelay	1.13569	1.13569e+06	1	4
97.1492	0	1	313	FullDelay	93.9101	9.39101e+07	5	4
97.1961	0	1	320	LastDelay	1.16887	1.16887e+06	1	4
97.1961	0	1	320	FullDelay	93.9091	9.39091e+07	5	4
97.2718	0	1	345	LastDelay	1.23095	1.23095e+06	1	4
97.2718	0	1	345	FullDelay	93.7869	9.37869e+07	5	4
97.2835	0	1	348	LastDelay	1.23585	1.23585e+06	1	4
97.2835	0	1	348	FullDelay	93.7645	9.37645e+07	5	4
97.3046	0	1	349	LastDelay	1.25006	1.25006e+06	1	4
97.3046	0	1	349	FullDelay	93.7787	9.37787e+07	5	4
97.319	0	1	351	LastDelay	1.25769	1.25769e+06	1	4
97.319	0	1	351	FullDelay	93.7795	9.37795e+07	5	4
97.3449	0	1	353	LastDelay	1.27676	1.27676e+06	1	4
97.3449	0	1	353	FullDelay	93.7917	9.37917e+07	5	4
97.3604	0	1	354	LastDelay	1.28547	1.28547e+06	1	4
97.3604	0	1	354	FullDelay	93.8004	9.38004e+07	5	4
97.3696	0	1	356	LastDelay	1.28777	1.28777e+06	1	4
97.3696	0	1	356	FullDelay	93.7959	9.37959e+07	5	4
97.3841	0	1	357	LastDelay	1.29543	1.29543e+06	1	4
97.3841	0	1	357	FullDelay	93.8036	9.38036e+07	5	4
97.3953	0	1	358	LastDelay	1.29985	1.29985e+06	1	4
97.3953	0	1	358	FullDelay	93.808	9.3808e+07	5	4
97.4099	0	1	361	LastDelay	1.30758	1.30758e+06	1	4
97.4099	0	1	361	FullDelay	93.7952	9.37952e+07	5	4
97.4189	0	1	362	LastDelay	1.30981	1.30981e+06	1	4
97.4189	0	1	362	FullDelay	93.7975	9.37975e+07	5	4
97.4568	0	1	364	LastDelay	1.34086	1.34086e+06	1	4
97.4568	0	1	364	FullDelay	93.8217	9.38217e+07	5	4
97.4659	0	1	365	LastDelay	1.3431	1.3431e+06	1	4
97.4659	0	1	365	FullDelay	93.8239	9.38239e+07	5	4
97.4913	0	1	367	LastDelay	1.36169	1.36169e+06	1	4
97.4913	0	1	367	FullDelay	93.8357	9.38357e+07	5	4
97.5153	0	1	368	LastDelay	1.37889	1.37889e+06	1	4
97.5153	0	1	368	FullDelay	93.8529	9.38529e+07	5	4
97.5271	0	1	370	LastDelay	1.38384	1.38384e+06	1	4
97.5271	0	1	370	FullDelay	93.851	9.3851e+07	5	4
97.5531	0	1	371	LastDelay	1.40307	1.40307e+06	1	4
97.5531	0	1	371	FullDelay	93.8703	9.38703e+07	5	4
97.6008	0	1	376	LastDelay	1.43027	1.43027e+06	1	4
97.6008	0	1	376	FullDelay	93.8838	9.38838e+07	5	4
97.6108	0	1	378	LastDelay	1.43345	1.43345e+06	1	4
97.6108	0	1	378	FullDelay	93.8802	9.38802e+07	5	4
97.6301	0	1	380	LastDelay	1.44586	1.44586e+06	1	4
97.6301	0	1	380	FullDelay	93.8857	9.38857e+07	5	4
97.6433	0	1	383	LastDelay	1.45222	1.45222e+06	1	4
97.6433	0	1	383	FullDelay	93.8716	9.38716e+07	5	4
97.6573	0	1	386	LastDelay	1.45942	1.45942e+06	1	4
97.6573	0	1	386	FullDelay	93.8652	9.38652e+07	5	4
97.6936	0	1	387	LastDelay	1.48889	1.48889e+06	1	4
97.6936	0	1	387	FullDelay	93.8946	9.38946e+07	5	4
97.7376	0	1	389	LastDelay	1.51923	1.51923e+06	1	4
97.7376	0	1	389	FullDelay	93.925	9.3925e+07	5	4
97.7475	0	1	390	LastDelay	1.52236	1.52236e+06	1	4
97.7475	0	1	390	FullDelay	93.9281	9.39281e+07	5	4
97.7611	0	1	391	LastDelay	1.52909	1.52909e+06	1	4
97.7611	0	1	391	FullDelay	93.9348	9.39348e+07	5	4
97.8178	0	1	393	LastDelay	1.57216	1.57216e+06	1	4
97.8178	0	1	393	FullDelay	93.9779	9.39779e+07	5	4
97.8269	0	1	394	LastDelay	1.57446	1.57446e+06	1	4
97.8269	0	1	394	FullDelay	93.9802	9.39802e+07	5	4
97.8541	0	1	396	LastDelay	1.58793	1.58793e+06	1	4
97.8541	0	1	396	FullDelay	93.9937	9.39937e+07	5	4
97.8778	0	1	399	LastDelay	1.59807	1.59807e+06	1	4
97.8778	0	1	399	FullDelay	93.997	9.3997e+07	5	4
97.8998	0	1	400	LastDelay	1.61317	1.61317e+06	1	4
97.8998	0	1	400	FullDelay	94.0121	9.40121e+07	5	4
97.9259	0	1	401	LastDelay	1.63249	1.63249e+06	1	4
97.9259	0	1	401	FullDelay	94.0314	9.40314e+07	5	4
97.9383	0	1	402	LastDelay	1.63807	1.63807e+06	1	4
97.9383	0	1	402	FullDelay	94.0302	9.40302e+07	5	4
97.9806	0	1	405	LastDelay	1.67351	1.67351e+06	1	4
97.9806	0	1	405	FullDelay	94.052	9.4052e+07	5	4
98.0057	0	1	407	LastDelay	1.68496	1.68496e+06	1	4
98.0057	0	1	407	FullDelay	94.0634	9.40634e+07	5	4
98.0352	0	1	409	LastDelay	1.7008	1.7008e+06	1	4
98.0352	0	1	409	FullDelay	94.0792	9.40792e+07	5	4
98.0462	0	1	411	LastDelay	1.70499	1.70499e+06	1	4
98.0462	0	1	411	FullDelay	94.0766	9.40766e+07	5	4
98.0655	0	1	412	LastDelay	1.71746	1.71746e+06	1	4
98.0655	0	1	412	FullDelay	94.0891	9.40891e+07	5	4
98.0878	0	1	413	LastDelay	1.73298	1.73298e+06	1	4
98.0878	0	1	413	FullDelay	94.1046	9.41046e+07	5	4
98.1007	0	1	414	LastDelay	1.73897	1.73897e+06	1	4
98.1007	0	1	414	FullDelay	94.1106	9.41106e+07	5	4
98.1141	0	1	418	LastDelay	1.74556	1.74556e+06	1	4
98.1141	0	1	418	FullDelay	94.0967	9.40967e+07	5	4
98.1461	0	1	419	LastDelay	1.77071	1.77071e+06	1	4
98.1461	0	1	419	FullDelay	94.1218	9.41218e+07	5	4
98.1601	0	1	420	LastDelay	1.77794	1.77794e+06	1	4
98.1601	0	1	420	FullDelay	94.1291	9.41291e+07	5	4
98.1692	0	1	421	LastDelay	1.7802	1.7802e+06	1	4
98.1692	0	1	421	FullDelay	94.1313	9.41313e+07	5	4
98.2121	0	1	422	LastDelay	1.81631	1.81631e+06	1	4
98.2121	0	1	422	FullDelay	94.1674	9.41674e+07	5	4
98.2236	0	1	423	LastDelay	1.82099	1.82099e+06	1	4
98.2236	0	1	423	FullDelay	94.1721	9.41721e+07	5	4
98.2375	0	1	424	LastDelay	1.82805	1.82805e+06	1	4
98.2375	0	1	424	FullDelay	94.1792	9.41792e+07	5	4
98.2484	0	1	426	LastDelay	1.83205	1.83205e+06	1	4
98.2484	0	1	426	FullDelay	94.1764	9.41764e+07	5	4
98.277	0	1	428	LastDelay	1.84708	1.84708e+06	1	4
98.277	0	1	428	FullDelay	94.1914	9.41914e+07	5	4
98.3424	0	1	431	LastDelay	1.89193	1.89193e+06	1	4
98.3424	0	1	431	FullDelay	94.2362	9.42362e+07	5	4
98.3772	0	1	433	LastDelay	1.91309	1.91309e+06	1	4
98.3772	0	1	433	FullDelay	94.2574	9.42574e+07	5	4
98.4515	0	1	436	LastDelay	1.96691	1.96691e+06	1	4
98.4515	0	1	436	FullDelay	94.3112	9.43112e+07	5	4
98.4606	0	1	437	LastDelay	1.96924	1.96924e+06	1	4
98.4606	0	1	437	FullDelay	94.3136	9.43136e+07	5	4
98.4789	0	1	438	LastDelay	1.98071	1.98071e+06	1	4
98.4789	0	1	438	FullDelay	94.325	9.4325e+07	5	4
98.4881	0	1	439	LastDelay	1.98305	1.98305e+06	1	4
98.4881	0	1	439	FullDelay	94.3274	9.43274e+07	5	4
98.5007	0	1	440	LastDelay	1.98883	1.98883e+06	1	4
98.5007	0	1	440	FullDelay	94.3331	9.43331e+07	5	4
98.5116	0	1	441	LastDelay	1.99285	1.99285e+06	1	4
98.5116	0	1	441	FullDelay	94.3372	9.43372e+07	5	4
