Time	Node	AppId	SeqNo	Type	DelayS	DelayUS	RetxCount	HopCount
1.03135	0	1	0	LastDelay	0.0313512	31351.2	1	6
1.03135	0	1	0	FullDelay	0.0313512	31351.2	1	6
1.04155	0	1	1	LastDelay	0.0347207	34720.7	1	6
1.04155	0	1	1	FullDelay	0.0347207	34720.7	1	6
1.05494	0	1	2	LastDelay	0.0412873	41287.3	1	6
1.05494	0	1	2	FullDelay	0.0412873	41287.3	1	6
1.06703	0	1	3	LastDelay	0.0465475	46547.5	1	6
1.06703	0	1	3	FullDelay	0.0465475	46547.5	1	6
1.08541	0	1	4	LastDelay	0.0580984	58098.4	1	6
1.08541	0	1	4	FullDelay	0.0580984	58098.4	1	6
1.09572	0	1	5	LastDelay	0.061582	61582	1	6
1.09572	0	1	5	FullDelay	0.061582	61582	1	6
1.1059	0	1	6	LastDelay	0.0649376	64937.6	1	6
1.1059	0	1	6	FullDelay	0.0649376	64937.6	1	6
1.12136	0	1	7	LastDelay	0.073569	73569	1	6
1.12136	0	1	7	FullDelay	0.073569	73569	1	6
1.14305	0	1	9	LastDelay	0.0816064	81606.4	1	6
1.14305	0	1	9	FullDelay	0.0816064	81606.4	1	6
1.15397	0	1	10	LastDelay	0.0857062	85706.2	1	6
1.15397	0	1	10	FullDelay	0.0857062	85706.2	1	6
1.16307	0	1	11	LastDelay	0.0879775	87977.5	1	6
1.16307	0	1	11	FullDelay	0.0879775	87977.5	1	6
1.17395	0	1	12	LastDelay	0.0920255	92025.5	1	6
1.17395	0	1	12	FullDelay	0.0920255	92025.5	1	6
1.18835	0	1	13	LastDelay	0.0995985	99598.5	1	6
1.18835	0	1	13	FullDelay	0.0995985	99598.5	1	6
1.19746	0	1	14	LastDelay	0.10189	101890	1	6
1.19746	0	1	14	FullDelay	0.10189	101890	1	6
1.20844	0	1	15	LastDelay	0.106044	106044	1	6
1.20844	0	1	15	FullDelay	0.106044	106044	1	6
1.23703	0	1	17	LastDelay	0.120974	120974	1	6
1.23703	0	1	17	FullDelay	0.120974	120974	1	6
1.24962	0	1	18	LastDelay	0.126738	126738	1	6
1.24962	0	1	18	FullDelay	0.126738	126738	1	6
1.25878	0	1	19	LastDelay	0.129069	129069	1	6
1.25878	0	1	19	FullDelay	0.129069	129069	1	6
1.27015	0	1	20	LastDelay	0.133621	133621	1	6
1.27015	0	1	20	FullDelay	0.133621	133621	1	6
1.30768	0	1	23	LastDelay	0.150667	150667	1	6
1.30768	0	1	23	FullDelay	0.150667	150667	1	6
1.31768	0	1	24	LastDelay	0.153837	153837	1	6
1.31768	0	1	24	FullDelay	0.153837	153837	1	6
1.32675	0	1	25	LastDelay	0.156088	156088	1	6
1.32675	0	1	25	FullDelay	0.156088	156088	1	6
1.33653	0	1	26	LastDelay	0.159039	159039	1	6
1.33653	0	1	26	FullDelay	0.159039	159039	1	6
1.35284	0	1	27	LastDelay	0.168516	168516	1	6
1.35284	0	1	27	FullDelay	0.168516	168516	1	6
1.36193	0	1	28	LastDelay	0.170787	170787	1	6
1.36193	0	1	28	FullDelay	0.170787	170787	1	6
1.37111	0	1	29	LastDelay	0.173139	173139	1	6
1.37111	0	1	29	FullDelay	0.173139	173139	1	6
1.38019	0	1	30	LastDelay	0.17539	175390	1	6
1.38019	0	1	30	FullDelay	0.17539	175390	1	6
1.38943	0	1	31	LastDelay	0.177801	177801	1	6
1.38943	0	1	31	FullDelay	0.177801	177801	1	6
1.39869	0	1	32	LastDelay	0.180233	180233	1	6
1.39869	0	1	32	FullDelay	0.180233	180233	1	6
1.4341	0	1	33	LastDelay	0.208819	208819	1	6
1.4341	0	1	33	FullDelay	0.208819	208819	1	6
1.44563	0	1	34	LastDelay	0.213526	213526	1	6
1.44563	0	1	34	FullDelay	0.213526	213526	1	6
1.45551	0	1	35	LastDelay	0.216579	216579	1	6
1.45551	0	1	35	FullDelay	0.216579	216579	1	6
1.46689	0	1	36	LastDelay	0.221131	221131	1	6
1.46689	0	1	36	FullDelay	0.221131	221131	1	6
1.47599	0	1	37	LastDelay	0.223402	223402	1	6
1.47599	0	1	37	FullDelay	0.223402	223402	1	6
1.48507	0	1	38	LastDelay	0.225653	225653	1	6
1.48507	0	1	38	FullDelay	0.225653	225653	1	6
1.50684	0	1	40	LastDelay	0.233773	233773	1	6
1.50684	0	1	40	FullDelay	0.233773	233773	1	6
1.51598	0	1	41	LastDelay	0.236084	236084	1	6
1.51598	0	1	41	FullDelay	0.236084	236084	1	6
1.5259	0	1	42	LastDelay	0.239177	239177	1	6
1.5259	0	1	42	FullDelay	0.239177	239177	1	6
1.53582	0	1	43	LastDelay	0.242269	242269	1	6
1.53582	0	1	43	FullDelay	0.242269	242269	1	6
1.54645	0	1	44	LastDelay	0.246079	246079	1	6
1.54645	0	1	44	FullDelay	0.246079	246079	1	6
1.56395	0	1	45	LastDelay	0.256746	256746	1	6
1.56395	0	1	45	FullDelay	0.256746	256746	1	6
1.57314	0	1	46	LastDelay	0.259118	259118	1	6
1.57314	0	1	46	FullDelay	0.259118	259118	1	6
1.59555	0	1	48	LastDelay	0.267866	267866	1	6
1.59555	0	1	48	FullDelay	0.267866	267866	1	6
1.60826	0	1	49	LastDelay	0.273757	273757	1	6
1.60826	0	1	49	FullDelay	0.273757	273757	1	6
1.64674	0	1	51	LastDelay	0.298582	298582	1	6
1.64674	0	1	51	FullDelay	0.298582	298582	1	6
1.65592	0	1	52	LastDelay	0.300933	300933	1	6
1.65592	0	1	52	FullDelay	0.300933	300933	1	6
1.66662	0	1	53	LastDelay	0.304804	304804	1	6
1.66662	0	1	53	FullDelay	0.304804	304804	1	6
1.67893	0	1	54	LastDelay	0.310295	310295	1	6
1.67893	0	1	54	FullDelay	0.310295	310295	1	6
1.68881	0	1	55	LastDelay	0.313347	313347	1	6
1.68881	0	1	55	FullDelay	0.313347	313347	1	6
1.70457	0	1	8	LastDelay	0.301794	301794	1	2
1.70457	0	1	8	FullDelay	0.649954	649954	2	2
1.71443	0	1	56	LastDelay	0.332133	332133	1	6
1.71443	0	1	56	FullDelay	0.332133	332133	1	6
1.72536	0	1	57	LastDelay	0.336241	336241	1	6
1.72536	0	1	57	FullDelay	0.336241	336241	1	6
1.73483	0	1	58	LastDelay	0.338888	338888	1	6
1.73483	0	1	58	FullDelay	0.338888	338888	1	6
1.75547	0	1	59	LastDelay	0.345874	345874	1	6
1.75547	0	1	59	FullDelay	0.345874	345874	1	6
1.76455	0	1	60	LastDelay	0.348126	348126	1	6
1.76455	0	1	60	FullDelay	0.348126	348126	1	6
1.77455	0	1	61	LastDelay	0.351296	351296	1	6
1.77455	0	1	61	FullDelay	0.351296	351296	1	6
1.78406	0	1	62	LastDelay	0.353983	353983	1	6
1.78406	0	1	62	FullDelay	0.353983	353983	1	6
1.79926	0	1	63	LastDelay	0.362357	362357	1	6
1.79926	0	1	63	FullDelay	0.362357	362357	1	6
1.81098	0	1	64	LastDelay	0.367243	367243	1	6
1.81098	0	1	64	FullDelay	0.367243	367243	1	6
1.82015	0	1	65	LastDelay	0.369594	369594	1	6
1.82015	0	1	65	FullDelay	0.369594	369594	1	6
1.83073	0	1	66	LastDelay	0.37334	373340	1	6
1.83073	0	1	66	FullDelay	0.37334	373340	1	6
1.84026	0	1	67	LastDelay	0.376047	376047	1	6
1.84026	0	1	67	FullDelay	0.376047	376047	1	6
1.85018	0	1	68	LastDelay	0.379139	379139	1	6
1.85018	0	1	68	FullDelay	0.379139	379139	1	6
1.86209	0	1	69	LastDelay	0.384221	384221	1	6
1.86209	0	1	69	FullDelay	0.384221	384221	1	6
1.8752	0	1	70	LastDelay	0.390504	390504	1	6
1.8752	0	1	70	FullDelay	0.390504	390504	1	6
1.88513	0	1	16	LastDelay	0.37996	379960	1	2
1.88513	0	1	16	FullDelay	0.775907	775907	2	2
1.89435	0	1	71	LastDelay	0.402832	402832	1	6
1.89435	0	1	71	FullDelay	0.402832	402832	1	6
1.92003	0	1	73	LastDelay	0.408034	408034	1	6
1.92003	0	1	73	FullDelay	0.408034	408034	1	6
1.92943	0	1	74	LastDelay	0.410601	410601	1	6
1.92943	0	1	74	FullDelay	0.410601	410601	1	6
1.93952	0	1	75	LastDelay	0.41387	413870	1	6
1.93952	0	1	75	FullDelay	0.41387	413870	1	6
1.95139	0	1	76	LastDelay	0.418914	418914	1	6
1.95139	0	1	76	FullDelay	0.418914	418914	1	6
1.96288	0	1	21	LastDelay	0.409921	409921	1	2
1.96288	0	1	21	FullDelay	0.819521	819521	2	2
1.97411	0	1	77	LastDelay	0.434805	434805	1	6
1.97411	0	1	77	FullDelay	0.434805	434805	1	6
1.98572	0	1	22	LastDelay	0.425929	425929	1	2
1.98572	0	1	22	FullDelay	0.835529	835529	2	2
1.99481	0	1	78	LastDelay	0.44868	448680	1	6
1.99481	0	1	78	FullDelay	0.44868	448680	1	6
2.01148	0	1	79	LastDelay	0.444863	444863	1	6
2.01148	0	1	79	FullDelay	0.444863	444863	1	6
2.02112	0	1	80	LastDelay	0.447683	447683	1	6
2.02112	0	1	80	FullDelay	0.447683	447683	1	6
2.03169	0	1	81	LastDelay	0.451421	451421	1	6
2.03169	0	1	81	FullDelay	0.451421	451421	1	6
2.05872	0	1	83	LastDelay	0.464803	464803	1	6
2.05872	0	1	83	FullDelay	0.464803	464803	1	6
2.07843	0	1	85	LastDelay	0.470853	470853	1	6
2.07843	0	1	85	FullDelay	0.470853	470853	1	6
2.09137	0	1	86	LastDelay	0.476966	476966	1	6
2.09137	0	1	86	FullDelay	0.476966	476966	1	6
2.10334	0	1	87	LastDelay	0.482116	482116	1	6
2.10334	0	1	87	FullDelay	0.482116	482116	1	6
2.11876	0	1	88	LastDelay	0.490706	490706	1	6
2.11876	0	1	88	FullDelay	0.490706	490706	1	6
2.1408	0	1	90	LastDelay	0.499093	499093	1	6
2.1408	0	1	90	FullDelay	0.499093	499093	1	6
2.15059	0	1	91	LastDelay	0.502054	502054	1	6
2.15059	0	1	91	FullDelay	0.502054	502054	1	6
2.16321	0	1	92	LastDelay	0.507851	507851	1	6
2.16321	0	1	92	FullDelay	0.507851	507851	1	6
2.1773	0	1	93	LastDelay	0.515114	515114	1	6
2.1773	0	1	93	FullDelay	0.515114	515114	1	6
2.20514	0	1	95	LastDelay	0.529295	529295	1	6
2.20514	0	1	95	FullDelay	0.529295	529295	1	6
2.21539	0	1	96	LastDelay	0.532721	532721	1	6
2.21539	0	1	96	FullDelay	0.532721	532721	1	6
2.23138	0	1	97	LastDelay	0.541886	541886	1	6
2.23138	0	1	97	FullDelay	0.541886	541886	1	6
2.24052	0	1	98	LastDelay	0.544197	544197	1	6
2.24052	0	1	98	FullDelay	0.544197	544197	1	6
2.24989	0	1	99	LastDelay	0.546745	546745	1	6
2.24989	0	1	99	FullDelay	0.546745	546745	1	6
2.26165	0	1	100	LastDelay	0.551673	551673	1	6
2.26165	0	1	100	FullDelay	0.551673	551673	1	6
2.28253	0	1	101	LastDelay	0.565725	565725	1	6
2.28253	0	1	101	FullDelay	0.565725	565725	1	6
2.29296	0	1	102	LastDelay	0.569336	569336	1	6
2.29296	0	1	102	FullDelay	0.569336	569336	1	6
2.30339	0	1	103	LastDelay	0.572935	572935	1	6
2.30339	0	1	103	FullDelay	0.572935	572935	1	6
2.31702	0	1	104	LastDelay	0.579737	579737	1	6
2.31702	0	1	104	FullDelay	0.579737	579737	1	6
2.32703	0	1	105	LastDelay	0.582927	582927	1	6
2.32703	0	1	105	FullDelay	0.582927	582927	1	6
2.34164	0	1	106	LastDelay	0.590705	590705	1	6
2.34164	0	1	106	FullDelay	0.590705	590705	1	6
2.35088	0	1	107	LastDelay	0.593116	593116	1	6
2.35088	0	1	107	FullDelay	0.593116	593116	1	6
2.36295	0	1	108	LastDelay	0.598361	598361	1	6
2.36295	0	1	108	FullDelay	0.598361	598361	1	6
2.3725	0	1	109	LastDelay	0.601089	601089	1	6
2.3725	0	1	109	FullDelay	0.601089	601089	1	6
2.38528	0	1	110	LastDelay	0.607042	607042	1	6
2.38528	0	1	110	FullDelay	0.607042	607042	1	6
2.40694	0	1	39	LastDelay	0.601391	601391	1	2
2.40694	0	1	39	FullDelay	1.1407	1.1407e+06	2	2
2.416	0	1	112	LastDelay	0.624102	624102	1	6
2.416	0	1	112	FullDelay	0.624102	624102	1	6
2.43072	0	1	113	LastDelay	0.632002	632002	1	6
2.43072	0	1	113	FullDelay	0.632002	632002	1	6
2.44184	0	1	114	LastDelay	0.629464	629464	1	6
2.44184	0	1	114	FullDelay	0.629464	629464	1	6
2.45203	0	1	115	LastDelay	0.632834	632834	1	6
2.45203	0	1	115	FullDelay	0.632834	632834	1	6
2.46706	0	1	116	LastDelay	0.641037	641037	1	6
2.46706	0	1	116	FullDelay	0.641037	641037	1	6
2.4772	0	1	117	LastDelay	0.644348	644348	1	6
2.4772	0	1	117	FullDelay	0.644348	644348	1	6
2.48724	0	1	118	LastDelay	0.647558	647558	1	6
2.48724	0	1	118	FullDelay	0.647558	647558	1	6
2.49632	0	1	119	LastDelay	0.649809	649809	1	6
2.49632	0	1	119	FullDelay	0.649809	649809	1	6
2.50767	0	1	47	LastDelay	0.654338	654338	1	2
2.50767	0	1	47	FullDelay	1.18682	1.18682e+06	2	2
2.52954	0	1	121	LastDelay	0.662554	662554	1	6
2.52954	0	1	121	FullDelay	0.662554	662554	1	6
2.54557	0	1	122	LastDelay	0.671755	671755	1	6
2.54557	0	1	122	FullDelay	0.671755	671755	1	6
2.56075	0	1	50	LastDelay	0.659635	659635	1	2
2.56075	0	1	50	FullDelay	1.21942	1.21942e+06	2	2
2.57414	0	1	123	LastDelay	0.693503	693503	1	6
2.57414	0	1	123	FullDelay	0.693503	693503	1	6
2.58354	0	1	124	LastDelay	0.696075	696075	1	6
2.58354	0	1	124	FullDelay	0.696075	696075	1	6
2.59284	0	1	125	LastDelay	0.698543	698543	1	6
2.59284	0	1	125	FullDelay	0.698543	698543	1	6
2.60814	0	1	126	LastDelay	0.700192	700192	1	6
2.60814	0	1	126	FullDelay	0.700192	700192	1	6
2.62546	0	1	127	LastDelay	0.710684	710684	1	6
2.62546	0	1	127	FullDelay	0.710684	710684	1	6
2.63577	0	1	128	LastDelay	0.714171	714171	1	6
2.63577	0	1	128	FullDelay	0.714171	714171	1	6
2.64632	0	1	129	LastDelay	0.71789	717890	1	6
2.64632	0	1	129	FullDelay	0.71789	717890	1	6
2.6566	0	1	130	LastDelay	0.721352	721352	1	6
2.6566	0	1	130	FullDelay	0.721352	721352	1	6
2.66743	0	1	131	LastDelay	0.725353	725353	1	6
2.66743	0	1	131	FullDelay	0.725353	725353	1	6
2.67971	0	1	132	LastDelay	0.730804	730804	1	6
2.67971	0	1	132	FullDelay	0.730804	730804	1	6
2.68877	0	1	133	LastDelay	0.733035	733035	1	6
2.68877	0	1	133	FullDelay	0.733035	733035	1	6
2.69791	0	1	134	LastDelay	0.735346	735346	1	6
2.69791	0	1	134	FullDelay	0.735346	735346	1	6
2.71224	0	1	135	LastDelay	0.742858	742858	1	6
2.71224	0	1	135	FullDelay	0.742858	742858	1	6
2.72134	0	1	136	LastDelay	0.745129	745129	1	6
2.72134	0	1	136	FullDelay	0.745129	745129	1	6
2.73069	0	1	137	LastDelay	0.747653	747653	1	6
2.73069	0	1	137	FullDelay	0.747653	747653	1	6
2.73975	0	1	138	LastDelay	0.749884	749884	1	6
2.73975	0	1	138	FullDelay	0.749884	749884	1	6
2.75011	0	1	139	LastDelay	0.753419	753419	1	6
2.75011	0	1	139	FullDelay	0.753419	753419	1	6
2.76562	0	1	140	LastDelay	0.762103	762103	1	6
2.76562	0	1	140	FullDelay	0.762103	762103	1	6
2.78352	0	1	141	LastDelay	0.773171	773171	1	6
2.78352	0	1	141	FullDelay	0.773171	773171	1	6
2.79654	0	1	142	LastDelay	0.779364	779364	1	6
2.79654	0	1	142	FullDelay	0.779364	779364	1	6
2.80595	0	1	143	LastDelay	0.781952	781952	1	6
2.80595	0	1	143	FullDelay	0.781952	781952	1	6
2.81593	0	1	144	LastDelay	0.785102	785102	1	6
2.81593	0	1	144	FullDelay	0.785102	785102	1	6
2.82606	0	1	145	LastDelay	0.788409	788409	1	6
2.82606	0	1	145	FullDelay	0.788409	788409	1	6
2.83633	0	1	146	LastDelay	0.791855	791855	1	6
2.83633	0	1	146	FullDelay	0.791855	791855	1	6
2.85461	0	1	148	LastDelay	0.796478	796478	1	6
2.85461	0	1	148	FullDelay	0.796478	796478	1	6
2.86816	0	1	149	LastDelay	0.803202	803202	1	6
2.86816	0	1	149	FullDelay	0.803202	803202	1	6
2.8783	0	1	150	LastDelay	0.806512	806512	1	6
2.8783	0	1	150	FullDelay	0.806512	806512	1	6
2.88846	0	1	151	LastDelay	0.809842	809842	1	6
2.88846	0	1	151	FullDelay	0.809842	809842	1	6
2.91252	0	1	153	LastDelay	0.820255	820255	1	6
2.91252	0	1	153	FullDelay	0.820255	820255	1	6
2.92176	0	1	154	LastDelay	0.822666	822666	1	6
2.92176	0	1	154	FullDelay	0.822666	822666	1	6
2.93541	0	1	155	LastDelay	0.829491	829491	1	6
2.93541	0	1	155	FullDelay	0.829491	829491	1	6
2.95587	0	1	157	LastDelay	0.836292	836292	1	6
2.95587	0	1	157	FullDelay	0.836292	836292	1	6
2.97419	0	1	158	LastDelay	0.847788	847788	1	6
2.97419	0	1	158	FullDelay	0.847788	847788	1	6
2.98512	0	1	159	LastDelay	0.851896	851896	1	6
2.98512	0	1	159	FullDelay	0.851896	851896	1	6
2.99548	0	1	160	LastDelay	0.855426	855426	1	6
2.99548	0	1	160	FullDelay	0.855426	855426	1	6
3.01314	0	1	72	LastDelay	0.81165	811650	1	2
3.01314	0	1	72	FullDelay	1.5148	1.5148e+06	2	2
3.0225	0	1	161	LastDelay	0.875621	875621	1	6
3.0225	0	1	161	FullDelay	0.875621	875621	1	6
3.04186	0	1	163	LastDelay	0.881323	881323	1	6
3.04186	0	1	163	FullDelay	0.881323	881323	1	6
3.05093	0	1	164	LastDelay	0.883574	883574	1	6
3.05093	0	1	164	FullDelay	0.883574	883574	1	6
3.06169	0	1	165	LastDelay	0.887502	887502	1	6
3.06169	0	1	165	FullDelay	0.887502	887502	1	6
3.07238	0	1	166	LastDelay	0.891371	891371	1	6
3.07238	0	1	166	FullDelay	0.891371	891371	1	6
3.09206	0	1	168	LastDelay	0.897389	897389	1	6
3.09206	0	1	168	FullDelay	0.897389	897389	1	6
3.10421	0	1	169	LastDelay	0.895887	895887	1	6
3.10421	0	1	169	FullDelay	0.895887	895887	1	6
3.11464	0	1	170	LastDelay	0.899497	899497	1	6
3.11464	0	1	170	FullDelay	0.899497	899497	1	6
3.124	0	1	171	LastDelay	0.902029	902029	1	6
3.124	0	1	171	FullDelay	0.902029	902029	1	6
3.1331	0	1	172	LastDelay	0.9043	904300	1	6
3.1331	0	1	172	FullDelay	0.9043	904300	1	6
3.14419	0	1	173	LastDelay	0.908568	908568	1	6
3.14419	0	1	173	FullDelay	0.908568	908568	1	6
3.15867	0	1	174	LastDelay	0.916212	916212	1	6
3.15867	0	1	174	FullDelay	0.916212	916212	1	6
3.1678	0	1	175	LastDelay	0.918523	918523	1	6
3.1678	0	1	175	FullDelay	0.918523	918523	1	6
3.17884	0	1	176	LastDelay	0.922733	922733	1	6
3.17884	0	1	176	FullDelay	0.922733	922733	1	6
3.1891	0	1	177	LastDelay	0.926163	926163	1	6
3.1891	0	1	177	FullDelay	0.926163	926163	1	6
3.20645	0	1	178	LastDelay	0.936694	936694	1	6
3.20645	0	1	178	FullDelay	0.936694	936694	1	6
3.21677	0	1	179	LastDelay	0.940181	940181	1	6
3.21677	0	1	179	FullDelay	0.940181	940181	1	6
3.23606	0	1	181	LastDelay	0.945818	945818	1	6
3.23606	0	1	181	FullDelay	0.945818	945818	1	6
3.24518	0	1	182	LastDelay	0.948109	948109	1	6
3.24518	0	1	182	FullDelay	0.948109	948109	1	6
3.25933	0	1	183	LastDelay	0.955441	955441	1	6
3.25933	0	1	183	FullDelay	0.955441	955441	1	6
3.27706	0	1	82	LastDelay	0.925376	925376	1	2
3.27706	0	1	82	FullDelay	1.68996	1.68996e+06	2	2
3.28711	0	1	84	LastDelay	0.928601	928601	1	2
3.28711	0	1	84	FullDelay	1.68636	1.68636e+06	2	2
3.29623	0	1	184	LastDelay	0.985506	985506	1	6
3.29623	0	1	184	FullDelay	0.985506	985506	1	6
3.31892	0	1	186	LastDelay	0.994544	994544	1	6
3.31892	0	1	186	FullDelay	0.994544	994544	1	6
3.32993	0	1	187	LastDelay	0.998728	998728	1	6
3.32993	0	1	187	FullDelay	0.998728	998728	1	6
3.33999	0	1	188	LastDelay	1.00197	1.00197e+06	1	6
3.33999	0	1	188	FullDelay	1.00197	1.00197e+06	1	6
3.34905	0	1	189	LastDelay	1.0042	1.0042e+06	1	6
3.34905	0	1	189	FullDelay	1.0042	1.0042e+06	1	6
3.35953	0	1	190	LastDelay	0.994198	994198	1	6
3.35953	0	1	190	FullDelay	0.994198	994198	1	6
3.37265	0	1	191	LastDelay	1.00049	1.00049e+06	1	6
3.37265	0	1	191	FullDelay	1.00049	1.00049e+06	1	6
3.39441	0	1	193	LastDelay	1.00859	1.00859e+06	1	6
3.39441	0	1	193	FullDelay	1.00859	1.00859e+06	1	6
3.40352	0	1	194	LastDelay	1.01088	1.01088e+06	1	6
3.40352	0	1	194	FullDelay	1.01088	1.01088e+06	1	6
3.41462	0	1	89	LastDelay	1.00833	1.00833e+06	1	2
3.41462	0	1	89	FullDelay	1.77974	1.77974e+06	2	2
3.42503	0	1	195	LastDelay	1.02556	1.02556e+06	1	6
3.42503	0	1	195	FullDelay	1.02556	1.02556e+06	1	6
3.43785	0	1	196	LastDelay	1.02473	1.02473e+06	1	6
3.43785	0	1	196	FullDelay	1.02473	1.02473e+06	1	6
3.44843	0	1	197	LastDelay	1.02848	1.02848e+06	1	6
3.44843	0	1	197	FullDelay	1.02848	1.02848e+06	1	6
3.46372	0	1	198	LastDelay	1.03695	1.03695e+06	1	6
3.46372	0	1	198	FullDelay	1.03695	1.03695e+06	1	6
3.47319	0	1	199	LastDelay	1.03959	1.03959e+06	1	6
3.47319	0	1	199	FullDelay	1.03959	1.03959e+06	1	6
3.4852	0	1	200	LastDelay	1.04477	1.04477e+06	1	6
3.4852	0	1	200	FullDelay	1.04477	1.04477e+06	1	6
3.49447	0	1	201	LastDelay	1.04722	1.04722e+06	1	6
3.49447	0	1	201	FullDelay	1.04722	1.04722e+06	1	6
3.5077	0	1	202	LastDelay	1.05362	1.05362e+06	1	6
3.5077	0	1	202	FullDelay	1.05362	1.05362e+06	1	6
3.52093	0	1	203	LastDelay	1.06002	1.06002e+06	1	6
3.52093	0	1	203	FullDelay	1.06002	1.06002e+06	1	6
3.53125	0	1	204	LastDelay	1.06352	1.06352e+06	1	6
3.53125	0	1	204	FullDelay	1.06352	1.06352e+06	1	6
3.54151	0	1	205	LastDelay	1.06695	1.06695e+06	1	6
3.54151	0	1	205	FullDelay	1.06695	1.06695e+06	1	6
3.55439	0	1	206	LastDelay	1.073	1.073e+06	1	6
3.55439	0	1	206	FullDelay	1.073	1.073e+06	1	6
3.56732	0	1	94	LastDelay	1.06546	1.06546e+06	1	2
3.56732	0	1	94	FullDelay	1.89831	1.89831e+06	2	2
3.60773	0	1	209	LastDelay	1.09903	1.09903e+06	1	6
3.60773	0	1	209	FullDelay	1.09903	1.09903e+06	1	6
3.61816	0	1	210	LastDelay	1.10264	1.10264e+06	1	6
3.61816	0	1	210	FullDelay	1.10264	1.10264e+06	1	6
3.62927	0	1	211	LastDelay	1.10692	1.10692e+06	1	6
3.62927	0	1	211	FullDelay	1.10692	1.10692e+06	1	6
3.63848	0	1	212	LastDelay	1.10931	1.10931e+06	1	6
3.63848	0	1	212	FullDelay	1.10931	1.10931e+06	1	6
3.65803	0	1	214	LastDelay	1.11521	1.11521e+06	1	6
3.65803	0	1	214	FullDelay	1.11521	1.11521e+06	1	6
3.66717	0	1	215	LastDelay	1.11752	1.11752e+06	1	6
3.66717	0	1	215	FullDelay	1.11752	1.11752e+06	1	6
3.67725	0	1	216	LastDelay	1.12077	1.12077e+06	1	6
3.67725	0	1	216	FullDelay	1.12077	1.12077e+06	1	6
3.68894	0	1	217	LastDelay	1.12563	1.12563e+06	1	6
3.68894	0	1	217	FullDelay	1.12563	1.12563e+06	1	6
3.69947	0	1	218	LastDelay	1.12933	1.12933e+06	1	6
3.69947	0	1	218	FullDelay	1.12933	1.12933e+06	1	6
3.71163	0	1	219	LastDelay	1.13467	1.13467e+06	1	6
3.71163	0	1	219	FullDelay	1.13467	1.13467e+06	1	6
3.72678	0	1	220	LastDelay	1.14299	1.14299e+06	1	6
3.72678	0	1	220	FullDelay	1.14299	1.14299e+06	1	6
3.73588	0	1	221	LastDelay	1.14526	1.14526e+06	1	6
3.73588	0	1	221	FullDelay	1.14526	1.14526e+06	1	6
3.74497	0	1	222	LastDelay	1.14753	1.14753e+06	1	6
3.74497	0	1	222	FullDelay	1.14753	1.14753e+06	1	6
3.75581	0	1	223	LastDelay	1.15154	1.15154e+06	1	6
3.75581	0	1	223	FullDelay	1.15154	1.15154e+06	1	6
3.7669	0	1	224	LastDelay	1.15581	1.15581e+06	1	6
3.7669	0	1	224	FullDelay	1.15581	1.15581e+06	1	6
3.79195	0	1	226	LastDelay	1.1672	1.1672e+06	1	6
3.79195	0	1	226	FullDelay	1.1672	1.1672e+06	1	6
3.80186	0	1	227	LastDelay	1.17029	1.17029e+06	1	6
3.80186	0	1	227	FullDelay	1.17029	1.17029e+06	1	6
3.811	0	1	228	LastDelay	1.1726	1.1726e+06	1	6
3.811	0	1	228	FullDelay	1.1726	1.1726e+06	1	6
3.82291	0	1	229	LastDelay	1.17768	1.17768e+06	1	6
3.82291	0	1	229	FullDelay	1.17768	1.17768e+06	1	6
3.83481	0	1	230	LastDelay	1.18276	1.18276e+06	1	6
3.83481	0	1	230	FullDelay	1.18276	1.18276e+06	1	6
3.84672	0	1	231	LastDelay	1.18784	1.18784e+06	1	6
3.84672	0	1	231	FullDelay	1.18784	1.18784e+06	1	6
3.85606	0	1	232	LastDelay	1.19035	1.19035e+06	1	6
3.85606	0	1	232	FullDelay	1.19035	1.19035e+06	1	6
3.86681	0	1	233	LastDelay	1.19428	1.19428e+06	1	6
3.86681	0	1	233	FullDelay	1.19428	1.19428e+06	1	6
3.87705	0	1	234	LastDelay	1.19769	1.19769e+06	1	6
3.87705	0	1	234	FullDelay	1.19769	1.19769e+06	1	6
3.88874	0	1	235	LastDelay	1.20255	1.20255e+06	1	6
3.88874	0	1	235	FullDelay	1.20255	1.20255e+06	1	6
3.89945	0	1	236	LastDelay	1.20644	1.20644e+06	1	6
3.89945	0	1	236	FullDelay	1.20644	1.20644e+06	1	6
3.90896	0	1	237	LastDelay	1.20912	1.20912e+06	1	6
3.90896	0	1	237	FullDelay	1.20912	1.20912e+06	1	6
3.92226	0	1	111	LastDelay	1.21559	1.21559e+06	1	2
3.92226	0	1	111	FullDelay	2.13719	2.13719e+06	2	2
3.93559	0	1	238	LastDelay	1.2221	1.2221e+06	1	6
3.93559	0	1	238	FullDelay	1.2221	1.2221e+06	1	6
3.9481	0	1	239	LastDelay	1.22778	1.22778e+06	1	6
3.9481	0	1	239	FullDelay	1.22778	1.22778e+06	1	6
3.96686	0	1	120	LastDelay	1.21241	1.21241e+06	1	2
3.96686	0	1	120	FullDelay	2.1067	2.1067e+06	2	2
4.8933	0	1	539	LastDelay	0.0362379	36237.9	1	6
4.8933	0	1	539	FullDelay	0.0362379	36237.9	1	6
4.90357	0	1	540	LastDelay	0.0396778	39677.8	1	6
4.90357	0	1	540	FullDelay	0.0396778	39677.8	1	6
4.93308	0	1	541	LastDelay	0.0623642	62364.2	1	6
4.93308	0	1	541	FullDelay	0.0623642	62364.2	1	6
4.94735	0	1	542	LastDelay	0.0698031	69803.1	1	6
4.94735	0	1	542	FullDelay	0.0698031	69803.1	1	6
4.99015	0	1	544	LastDelay	0.0989545	98954.5	1	6
4.99015	0	1	544	FullDelay	0.0989545	98954.5	1	6
5.00135	0	1	545	LastDelay	0.10332	103320	1	6
5.00135	0	1	545	FullDelay	0.10332	103320	1	6
5.0338	0	1	547	LastDelay	0.122124	122124	1	6
5.0338	0	1	547	FullDelay	0.122124	122124	1	6
5.08645	0	1	548	LastDelay	0.167944	167944	1	6
5.08645	0	1	548	FullDelay	0.167944	167944	1	6
5.12866	0	1	549	LastDelay	0.203331	203331	1	6
5.12866	0	1	549	FullDelay	0.203331	203331	1	6
5.13773	0	1	550	LastDelay	0.20557	205570	1	6
5.13773	0	1	550	FullDelay	0.20557	205570	1	6
5.1766	0	1	551	LastDelay	0.237612	237612	1	6
5.1766	0	1	551	FullDelay	0.237612	237612	1	6
5.18661	0	1	552	LastDelay	0.240798	240798	1	6
5.18661	0	1	552	FullDelay	0.240798	240798	1	6
5.19654	0	1	553	LastDelay	0.243903	243903	1	6
5.19654	0	1	553	FullDelay	0.243903	243903	1	6
5.21899	0	1	554	LastDelay	0.259521	259521	1	6
5.21899	0	1	554	FullDelay	0.259521	259521	1	6
5.2494	0	1	555	LastDelay	0.283106	283106	1	6
5.2494	0	1	555	FullDelay	0.283106	283106	1	6
5.289	0	1	556	LastDelay	0.315877	315877	1	6
5.289	0	1	556	FullDelay	0.315877	315877	1	6
5.34894	0	1	558	LastDelay	0.362164	362164	1	6
5.34894	0	1	558	FullDelay	0.362164	362164	1	6
5.3581	0	1	559	LastDelay	0.364503	364503	1	6
5.3581	0	1	559	FullDelay	0.364503	364503	1	6
5.39993	0	1	560	LastDelay	0.399503	399503	1	6
5.39993	0	1	560	FullDelay	0.399503	399503	1	6
5.41079	0	1	561	LastDelay	0.403535	403535	1	6
5.41079	0	1	561	FullDelay	0.403535	403535	1	6
5.50757	0	1	562	LastDelay	0.493491	493491	1	6
5.50757	0	1	562	FullDelay	0.493491	493491	1	6
5.52837	0	1	564	LastDelay	0.500634	500634	1	6
5.52837	0	1	564	FullDelay	0.500634	500634	1	6
5.5911	0	1	565	LastDelay	0.556542	556542	1	6
5.5911	0	1	565	FullDelay	0.556542	556542	1	6
5.60239	0	1	566	LastDelay	0.561008	561008	1	6
5.60239	0	1	566	FullDelay	0.561008	561008	1	6
5.63165	0	1	567	LastDelay	0.583437	583437	1	6
5.63165	0	1	567	FullDelay	0.583437	583437	1	6
5.65987	0	1	569	LastDelay	0.598008	598008	1	6
5.65987	0	1	569	FullDelay	0.598008	598008	1	6
5.66896	0	1	570	LastDelay	0.600267	600267	1	6
5.66896	0	1	570	FullDelay	0.600267	600267	1	6
5.72099	0	1	571	LastDelay	0.645471	645471	1	6
5.72099	0	1	571	FullDelay	0.645471	645471	1	6
5.73086	0	1	572	LastDelay	0.648509	648509	1	6
5.73086	0	1	572	FullDelay	0.648509	648509	1	6
5.75	0	1	573	LastDelay	0.660825	660825	1	6
5.75	0	1	573	FullDelay	0.660825	660825	1	6
5.78573	0	1	574	LastDelay	0.689728	689728	1	6
5.78573	0	1	574	FullDelay	0.689728	689728	1	6
5.79483	0	1	575	LastDelay	0.692008	692008	1	6
5.79483	0	1	575	FullDelay	0.692008	692008	1	6
5.8051	0	1	576	LastDelay	0.695447	695447	1	6
5.8051	0	1	576	FullDelay	0.695447	695447	1	6
5.8259	0	1	577	LastDelay	0.709425	709425	1	6
5.8259	0	1	577	FullDelay	0.709425	709425	1	6
5.8673	0	1	578	LastDelay	0.743999	743999	1	6
5.8673	0	1	578	FullDelay	0.743999	743999	1	6
5.8776	0	1	240	LastDelay	0.726982	726982	1	4
5.8776	0	1	240	FullDelay	3.15045	3.15045e+06	2	4
5.89712	0	1	579	LastDelay	0.766987	766987	1	6
5.89712	0	1	579	FullDelay	0.766987	766987	1	6
5.93642	0	1	581	LastDelay	0.792636	792636	1	6
5.93642	0	1	581	FullDelay	0.792636	792636	1	6
5.97701	0	1	241	LastDelay	0.819567	819567	1	4
5.97701	0	1	241	FullDelay	3.24303	3.24303e+06	2	4
5.98879	0	1	242	LastDelay	0.824525	824525	1	4
5.98879	0	1	242	FullDelay	3.24799	3.24799e+06	2	4
6.00968	0	1	243	LastDelay	0.838592	838592	1	4
6.00968	0	1	243	FullDelay	3.26206	3.26206e+06	2	4
6.02056	0	1	244	LastDelay	0.842645	842645	1	4
6.02056	0	1	244	FullDelay	3.25928	3.25928e+06	2	4
6.05242	0	1	245	LastDelay	0.867673	867673	1	4
6.05242	0	1	245	FullDelay	3.28431	3.28431e+06	2	4
6.06335	0	1	246	LastDelay	0.871773	871773	1	4
6.06335	0	1	246	FullDelay	3.28841	3.28841e+06	2	4
6.08511	0	1	247	LastDelay	0.886706	886706	1	4
6.08511	0	1	247	FullDelay	3.30335	3.30335e+06	2	4
6.12589	0	1	152	LastDelay	0.913836	913836	1	4
6.12589	0	1	152	FullDelay	4.04045	4.04045e+06	3	4
6.14137	0	1	156	LastDelay	0.922488	922488	1	4
6.14137	0	1	156	FullDelay	4.02862	4.02862e+06	3	4
6.19116	0	1	167	LastDelay	0.958627	958627	1	4
6.19116	0	1	167	FullDelay	4.00332	4.00332e+06	3	4
6.22064	0	1	185	LastDelay	0.974452	974452	1	4
6.22064	0	1	185	FullDelay	3.90309	3.90309e+06	3	4
6.25877	0	1	192	LastDelay	1.00576	1.00576e+06	1	4
6.25877	0	1	192	FullDelay	3.87979	3.87979e+06	3	4
6.27157	0	1	207	LastDelay	1.01173	1.01173e+06	1	4
6.27157	0	1	207	FullDelay	3.78336	3.78336e+06	3	4
6.28525	0	1	208	LastDelay	1.01858	1.01858e+06	1	4
6.28525	0	1	208	FullDelay	3.79021	3.79021e+06	3	4
6.30453	0	1	213	LastDelay	1.03103	1.03103e+06	1	4
6.30453	0	1	213	FullDelay	3.76853	3.76853e+06	3	4
6.31536	0	1	225	LastDelay	1.03504	1.03504e+06	1	4
6.31536	0	1	225	FullDelay	3.69744	3.69744e+06	3	4
6.33166	0	1	248	LastDelay	1.04451	1.04451e+06	1	4
6.33166	0	1	248	FullDelay	3.54307	3.54307e+06	2	4
6.35154	0	1	249	LastDelay	1.05757	1.05757e+06	1	4
6.35154	0	1	249	FullDelay	3.55613	3.55613e+06	2	4
6.36252	0	1	250	LastDelay	1.06172	1.06172e+06	1	4
6.36252	0	1	250	FullDelay	3.56028	3.56028e+06	2	4
6.38987	0	1	251	LastDelay	1.08225	1.08225e+06	1	4
6.38987	0	1	251	FullDelay	3.58081	3.58081e+06	2	4
6.42436	0	1	252	LastDelay	1.1099	1.1099e+06	1	4
6.42436	0	1	252	FullDelay	3.60846	3.60846e+06	2	4
6.46504	0	1	254	LastDelay	1.13693	1.13693e+06	1	4
6.46504	0	1	254	FullDelay	3.63549	3.63549e+06	2	4
6.4938	0	1	255	LastDelay	1.15886	1.15886e+06	1	4
6.4938	0	1	255	FullDelay	3.65742	3.65742e+06	2	4
6.51638	0	1	256	LastDelay	1.17462	1.17462e+06	1	4
6.51638	0	1	256	FullDelay	3.67318	3.67318e+06	2	4
6.53832	0	1	257	LastDelay	1.18973	1.18973e+06	1	4
6.53832	0	1	257	FullDelay	3.68829	3.68829e+06	2	4
6.54903	0	1	258	LastDelay	1.19362	1.19362e+06	1	4
6.54903	0	1	258	FullDelay	3.69218	3.69218e+06	2	4
6.55952	0	1	259	LastDelay	1.19728	1.19728e+06	1	4
6.55952	0	1	259	FullDelay	3.69584	3.69584e+06	2	4
6.57884	0	1	260	LastDelay	1.20977	1.20977e+06	1	4
6.57884	0	1	260	FullDelay	3.70833	3.70833e+06	2	4
6.63118	0	1	262	LastDelay	1.24846	1.24846e+06	1	4
6.63118	0	1	262	FullDelay	3.74702	3.74702e+06	2	4
6.64106	0	1	263	LastDelay	1.25151	1.25151e+06	1	4
6.64106	0	1	263	FullDelay	3.75007	3.75007e+06	2	4
6.65015	0	1	264	LastDelay	1.25377	1.25377e+06	1	4
6.65015	0	1	264	FullDelay	3.75233	3.75233e+06	2	4
6.66949	0	1	265	LastDelay	1.26629	1.26629e+06	1	4
6.66949	0	1	265	FullDelay	3.76485	3.76485e+06	2	4
6.69914	0	1	266	LastDelay	1.28911	1.28911e+06	1	4
6.69914	0	1	266	FullDelay	3.78767	3.78767e+06	2	4
6.74013	0	1	267	LastDelay	1.32327	1.32327e+06	1	4
6.74013	0	1	267	FullDelay	3.82183	3.82183e+06	2	4
6.75092	0	1	268	LastDelay	1.32724	1.32724e+06	1	4
6.75092	0	1	268	FullDelay	3.8258	3.8258e+06	2	4
6.79208	0	1	270	LastDelay	1.35475	1.35475e+06	1	4
6.79208	0	1	270	FullDelay	3.85331	3.85331e+06	2	4
6.81339	0	1	271	LastDelay	1.36924	1.36924e+06	1	4
6.81339	0	1	271	FullDelay	3.86779	3.86779e+06	2	4
6.84663	0	1	273	LastDelay	1.38882	1.38882e+06	1	4
6.84663	0	1	273	FullDelay	3.88738	3.88738e+06	2	4
6.87144	0	1	274	LastDelay	1.4068	1.4068e+06	1	4
6.87144	0	1	274	FullDelay	3.90536	3.90536e+06	2	4
6.88174	0	1	275	LastDelay	1.41027	1.41027e+06	1	4
6.88174	0	1	275	FullDelay	3.90883	3.90883e+06	2	4
6.90346	0	1	277	LastDelay	1.41834	1.41834e+06	1	4
6.90346	0	1	277	FullDelay	3.9169	3.9169e+06	2	4
6.91359	0	1	278	LastDelay	1.42164	1.42164e+06	1	4
6.91359	0	1	278	FullDelay	3.9202	3.9202e+06	2	4
6.9342	0	1	279	LastDelay	1.43543	1.43543e+06	1	4
6.9342	0	1	279	FullDelay	3.93399	3.93399e+06	2	4
6.94647	0	1	280	LastDelay	1.44088	1.44088e+06	1	4
6.94647	0	1	280	FullDelay	3.93943	3.93943e+06	2	4
6.95888	0	1	281	LastDelay	1.44645	1.44645e+06	1	4
6.95888	0	1	281	FullDelay	3.94501	3.94501e+06	2	4
6.97045	0	1	282	LastDelay	1.4512	1.4512e+06	1	4
6.97045	0	1	282	FullDelay	3.94976	3.94976e+06	2	4
6.9846	0	1	283	LastDelay	1.45852	1.45852e+06	1	4
6.9846	0	1	283	FullDelay	3.95708	3.95708e+06	2	4
6.99586	0	1	284	LastDelay	1.46295	1.46295e+06	1	4
6.99586	0	1	284	FullDelay	3.96151	3.96151e+06	2	4
7.01535	0	1	285	LastDelay	1.47562	1.47562e+06	1	4
7.01535	0	1	285	FullDelay	3.97417	3.97417e+06	2	4
7.03688	0	1	287	LastDelay	1.48349	1.48349e+06	1	4
7.03688	0	1	287	FullDelay	3.98205	3.98205e+06	2	4
7.04799	0	1	288	LastDelay	1.48778	1.48778e+06	1	4
7.04799	0	1	288	FullDelay	3.98634	3.98634e+06	2	4
7.068	0	1	290	LastDelay	1.49413	1.49413e+06	1	4
7.068	0	1	290	FullDelay	3.99269	3.99269e+06	2	4
7.08246	0	1	291	LastDelay	1.50177	1.50177e+06	1	4
7.08246	0	1	291	FullDelay	4.00033	4.00033e+06	2	4
7.09152	0	1	292	LastDelay	1.50401	1.50401e+06	1	4
7.09152	0	1	292	FullDelay	4.00256	4.00256e+06	2	4
7.10146	0	1	293	LastDelay	1.50711	1.50711e+06	1	4
7.10146	0	1	293	FullDelay	4.00567	4.00567e+06	2	4
7.14485	0	1	296	LastDelay	1.53002	1.53002e+06	1	4
7.14485	0	1	296	FullDelay	4.02858	4.02858e+06	2	4
7.15469	0	1	297	LastDelay	1.53304	1.53304e+06	1	4
7.15469	0	1	297	FullDelay	4.0316	4.0316e+06	2	4
7.1638	0	1	298	LastDelay	1.53532	1.53532e+06	1	4
7.1638	0	1	298	FullDelay	4.03388	4.03388e+06	2	4
7.17383	0	1	299	LastDelay	1.53853	1.53853e+06	1	4
7.17383	0	1	299	FullDelay	4.03709	4.03709e+06	2	4
7.1897	0	1	300	LastDelay	1.54756	1.54756e+06	1	4
7.1897	0	1	300	FullDelay	4.04612	4.04612e+06	2	4
7.20144	0	1	301	LastDelay	1.55248	1.55248e+06	1	4
7.20144	0	1	301	FullDelay	4.03056	4.03056e+06	2	4
7.21441	0	1	302	LastDelay	1.55863	1.55863e+06	1	4
7.21441	0	1	302	FullDelay	4.0367	4.0367e+06	2	4
7.22411	0	1	303	LastDelay	1.56149	1.56149e+06	1	4
7.22411	0	1	303	FullDelay	4.03957	4.03957e+06	2	4
7.23321	0	1	304	LastDelay	1.56377	1.56377e+06	1	4
7.23321	0	1	304	FullDelay	4.04185	4.04185e+06	2	4
7.24335	0	1	305	LastDelay	1.56708	1.56708e+06	1	4
7.24335	0	1	305	FullDelay	4.04516	4.04516e+06	2	4
7.25725	0	1	306	LastDelay	1.57416	1.57416e+06	1	4
7.25725	0	1	306	FullDelay	4.04541	4.04541e+06	2	4
7.26668	0	1	307	LastDelay	1.57676	1.57676e+06	1	4
7.26668	0	1	307	FullDelay	4.04801	4.04801e+06	2	4
7.27601	0	1	308	LastDelay	1.57926	1.57926e+06	1	4
7.27601	0	1	308	FullDelay	4.05052	4.05052e+06	2	4
7.29255	0	1	309	LastDelay	1.58897	1.58897e+06	1	4
7.29255	0	1	309	FullDelay	4.06023	4.06023e+06	2	4
7.30173	0	1	310	LastDelay	1.59133	1.59133e+06	1	4
7.30173	0	1	310	FullDelay	4.06259	4.06259e+06	2	4
7.31084	0	1	311	LastDelay	1.59361	1.59361e+06	1	4
7.31084	0	1	311	FullDelay	4.06486	4.06486e+06	2	4
7.32187	0	1	312	LastDelay	1.59782	1.59782e+06	1	4
7.32187	0	1	312	FullDelay	4.06907	4.06907e+06	2	4
7.33098	0	1	313	LastDelay	1.6001	1.6001e+06	1	4
7.33098	0	1	313	FullDelay	4.07135	4.07135e+06	2	4
7.34377	0	1	314	LastDelay	1.60607	1.60607e+06	1	4
7.34377	0	1	314	FullDelay	4.07732	4.07732e+06	2	4
7.35634	0	1	315	LastDelay	1.6118	1.6118e+06	1	4
7.35634	0	1	315	FullDelay	4.08306	4.08306e+06	2	4
7.36629	0	1	316	LastDelay	1.61493	1.61493e+06	1	4
7.36629	0	1	316	FullDelay	4.08618	4.08618e+06	2	4
7.37654	0	1	317	LastDelay	1.61835	1.61835e+06	1	4
7.37654	0	1	317	FullDelay	4.0896	4.0896e+06	2	4
7.39055	0	1	318	LastDelay	1.62554	1.62554e+06	1	4
7.39055	0	1	318	FullDelay	4.09679	4.09679e+06	2	4
7.40015	0	1	319	LastDelay	1.62831	1.62831e+06	1	4
7.40015	0	1	319	FullDelay	4.09274	4.09274e+06	2	4
7.40955	0	1	320	LastDelay	1.63089	1.63089e+06	1	4
7.40955	0	1	320	FullDelay	4.09531	4.09531e+06	2	4
7.419	0	1	321	LastDelay	1.6335	1.6335e+06	1	4
7.419	0	1	321	FullDelay	4.09793	4.09793e+06	2	4
7.44565	0	1	323	LastDelay	1.64651	1.64651e+06	1	4
7.44565	0	1	323	FullDelay	4.11093	4.11093e+06	2	4
7.45484	0	1	324	LastDelay	1.64887	1.64887e+06	1	4
7.45484	0	1	324	FullDelay	4.11329	4.11329e+06	2	4
7.4648	0	1	325	LastDelay	1.652	1.652e+06	1	4
7.4648	0	1	325	FullDelay	4.11643	4.11643e+06	2	4
7.47447	0	1	326	LastDelay	1.65484	1.65484e+06	1	4
7.47447	0	1	326	FullDelay	4.11927	4.11927e+06	2	4
7.48416	0	1	327	LastDelay	1.6577	1.6577e+06	1	4
7.48416	0	1	327	FullDelay	4.12213	4.12213e+06	2	4
7.49342	0	1	328	LastDelay	1.66014	1.66014e+06	1	4
7.49342	0	1	328	FullDelay	4.12457	4.12457e+06	2	4
7.50549	0	1	329	LastDelay	1.66538	1.66538e+06	1	4
7.50549	0	1	329	FullDelay	4.12981	4.12981e+06	2	4
7.51481	0	1	330	LastDelay	1.66788	1.66788e+06	1	4
7.51481	0	1	330	FullDelay	4.13231	4.13231e+06	2	4
7.52428	0	1	331	LastDelay	1.67052	1.67052e+06	1	4
7.52428	0	1	331	FullDelay	4.13495	4.13495e+06	2	4
7.53461	0	1	332	LastDelay	1.67403	1.67403e+06	1	4
7.53461	0	1	332	FullDelay	4.13845	4.13845e+06	2	4
7.54647	0	1	333	LastDelay	1.67906	1.67906e+06	1	4
7.54647	0	1	333	FullDelay	4.14349	4.14349e+06	2	4
7.56657	0	1	335	LastDelay	1.68551	1.68551e+06	1	4
7.56657	0	1	335	FullDelay	4.14993	4.14993e+06	2	4
7.5804	0	1	336	LastDelay	1.69251	1.69251e+06	1	4
7.5804	0	1	336	FullDelay	4.15694	4.15694e+06	2	4
7.58957	0	1	337	LastDelay	1.69485	1.69485e+06	1	4
7.58957	0	1	337	FullDelay	4.15928	4.15928e+06	2	4
7.60015	0	1	338	LastDelay	1.6986	1.6986e+06	1	4
7.60015	0	1	338	FullDelay	4.16303	4.16303e+06	2	4
7.60921	0	1	339	LastDelay	1.70084	1.70084e+06	1	4
7.60921	0	1	339	FullDelay	4.16527	4.16527e+06	2	4
7.61937	0	1	340	LastDelay	1.70417	1.70417e+06	1	4
7.61937	0	1	340	FullDelay	4.16177	4.16177e+06	2	4
7.62977	0	1	341	LastDelay	1.70775	1.70775e+06	1	4
7.62977	0	1	341	FullDelay	4.16535	4.16535e+06	2	4
7.64204	0	1	342	LastDelay	1.71318	1.71318e+06	1	4
7.64204	0	1	342	FullDelay	4.17078	4.17078e+06	2	4
7.65164	0	1	343	LastDelay	1.71596	1.71596e+06	1	4
7.65164	0	1	343	FullDelay	4.17356	4.17356e+06	2	4
7.66149	0	1	344	LastDelay	1.71898	1.71898e+06	1	4
7.66149	0	1	344	FullDelay	4.17658	4.17658e+06	2	4
7.6836	0	1	346	LastDelay	1.72744	1.72744e+06	1	4
7.6836	0	1	346	FullDelay	4.18504	4.18504e+06	2	4
7.69271	0	1	347	LastDelay	1.72972	1.72972e+06	1	4
7.69271	0	1	347	FullDelay	4.18049	4.18049e+06	2	4
7.70185	0	1	348	LastDelay	1.73204	1.73204e+06	1	4
7.70185	0	1	348	FullDelay	4.18281	4.18281e+06	2	4
7.71542	0	1	349	LastDelay	1.73878	1.73878e+06	1	4
7.71542	0	1	349	FullDelay	4.18956	4.18956e+06	2	4
7.73388	0	1	351	LastDelay	1.74358	1.74358e+06	1	4
7.73388	0	1	351	FullDelay	4.19436	4.19436e+06	2	4
7.7432	0	1	352	LastDelay	1.74608	1.74608e+06	1	4
7.7432	0	1	352	FullDelay	4.19686	4.19686e+06	2	4
7.75446	0	1	353	LastDelay	1.75051	1.75051e+06	1	4
7.75446	0	1	353	FullDelay	4.20128	4.20128e+06	2	4
7.77405	0	1	354	LastDelay	1.76328	1.76328e+06	1	4
7.77405	0	1	354	FullDelay	4.21405	4.21405e+06	2	4
7.78361	0	1	355	LastDelay	1.76601	1.76601e+06	1	4
7.78361	0	1	355	FullDelay	4.21679	4.21679e+06	2	4
7.79299	0	1	356	LastDelay	1.76857	1.76857e+06	1	4
7.79299	0	1	356	FullDelay	4.21934	4.21934e+06	2	4
7.80873	0	1	357	LastDelay	1.77748	1.77748e+06	1	4
7.80873	0	1	357	FullDelay	4.22825	4.22825e+06	2	4
7.81875	0	1	358	LastDelay	1.78067	1.78067e+06	1	4
7.81875	0	1	358	FullDelay	4.23144	4.23144e+06	2	4
7.83017	0	1	359	LastDelay	1.78527	1.78527e+06	1	4
7.83017	0	1	359	FullDelay	4.23604	4.23604e+06	2	4
7.85569	0	1	361	LastDelay	1.79713	1.79713e+06	1	4
7.85569	0	1	361	FullDelay	4.24108	4.24108e+06	2	4
7.86645	0	1	362	LastDelay	1.80106	1.80106e+06	1	4
7.86645	0	1	362	FullDelay	4.24501	4.24501e+06	2	4
7.87883	0	1	363	LastDelay	1.80662	1.80662e+06	1	4
7.87883	0	1	363	FullDelay	4.25056	4.25056e+06	2	4
7.8881	0	1	364	LastDelay	1.80906	1.80906e+06	1	4
7.8881	0	1	364	FullDelay	4.253	4.253e+06	2	4
7.91	0	1	365	LastDelay	1.82414	1.82414e+06	1	4
7.91	0	1	365	FullDelay	4.26808	4.26808e+06	2	4
7.92096	0	1	366	LastDelay	1.82827	1.82827e+06	1	4
7.92096	0	1	366	FullDelay	4.27222	4.27222e+06	2	4
7.93933	0	1	368	LastDelay	1.83299	1.83299e+06	1	4
7.93933	0	1	368	FullDelay	4.27693	4.27693e+06	2	4
7.9495	0	1	369	LastDelay	1.83632	1.83632e+06	1	4
7.9495	0	1	369	FullDelay	4.28027	4.28027e+06	2	4
7.95957	0	1	370	LastDelay	1.83957	1.83957e+06	1	4
7.95957	0	1	370	FullDelay	4.28352	4.28352e+06	2	4
7.96945	0	1	371	LastDelay	1.84263	1.84263e+06	1	4
7.96945	0	1	371	FullDelay	4.28657	4.28657e+06	2	4
7.97852	0	1	372	LastDelay	1.84487	1.84487e+06	1	4
7.97852	0	1	372	FullDelay	4.28881	4.28881e+06	2	4
7.98779	0	1	373	LastDelay	1.84731	1.84731e+06	1	4
7.98779	0	1	373	FullDelay	4.29126	4.29126e+06	2	4
7.99686	0	1	374	LastDelay	1.84955	1.84955e+06	1	4
7.99686	0	1	374	FullDelay	4.2935	4.2935e+06	2	4
8.01262	0	1	375	LastDelay	1.85849	1.85849e+06	1	4
8.01262	0	1	375	FullDelay	4.30243	4.30243e+06	2	4
8.02195	0	1	376	LastDelay	1.86099	1.86099e+06	1	4
8.02195	0	1	376	FullDelay	4.30494	4.30494e+06	2	4
8.03428	0	1	377	LastDelay	1.8665	1.8665e+06	1	4
8.03428	0	1	377	FullDelay	4.31044	4.31044e+06	2	4
8.04436	0	1	378	LastDelay	1.86974	1.86974e+06	1	4
8.04436	0	1	378	FullDelay	4.31369	4.31369e+06	2	4
8.06588	0	1	380	LastDelay	1.87762	1.87762e+06	1	4
8.06588	0	1	380	FullDelay	4.32156	4.32156e+06	2	4
8.07942	0	1	381	LastDelay	1.88433	1.88433e+06	1	4
8.07942	0	1	381	FullDelay	4.32827	4.32827e+06	2	4
8.09047	0	1	382	LastDelay	1.88855	1.88855e+06	1	4
8.09047	0	1	382	FullDelay	4.33249	4.33249e+06	2	4
8.09994	0	1	383	LastDelay	1.8912	1.8912e+06	1	4
8.09994	0	1	383	FullDelay	4.33514	4.33514e+06	2	4
8.1244	0	1	385	LastDelay	1.902	1.902e+06	1	4
8.1244	0	1	385	FullDelay	4.34595	4.34595e+06	2	4
8.13401	0	1	386	LastDelay	1.90478	1.90478e+06	1	4
8.13401	0	1	386	FullDelay	4.34873	4.34873e+06	2	4
8.14309	0	1	387	LastDelay	1.90704	1.90704e+06	1	4
8.14309	0	1	387	FullDelay	4.35099	4.35099e+06	2	4
8.1617	0	1	388	LastDelay	1.91882	1.91882e+06	1	4
8.1617	0	1	388	FullDelay	4.36277	4.36277e+06	2	4
8.1816	0	1	390	LastDelay	1.92507	1.92507e+06	1	4
8.1816	0	1	390	FullDelay	4.35536	4.35536e+06	2	4
8.19181	0	1	391	LastDelay	1.92845	1.92845e+06	1	4
8.19181	0	1	391	FullDelay	4.35875	4.35875e+06	2	4
8.21584	0	1	393	LastDelay	1.93883	1.93883e+06	1	4
8.21584	0	1	393	FullDelay	4.36912	4.36912e+06	2	4
8.22533	0	1	394	LastDelay	1.94149	1.94149e+06	1	4
8.22533	0	1	394	FullDelay	4.36496	4.36496e+06	2	4
8.23657	0	1	395	LastDelay	1.9459	1.9459e+06	1	4
8.23657	0	1	395	FullDelay	4.36937	4.36937e+06	2	4
8.24884	0	1	396	LastDelay	1.95134	1.95134e+06	1	4
8.24884	0	1	396	FullDelay	4.37481	4.37481e+06	2	4
8.2611	0	1	397	LastDelay	1.95678	1.95678e+06	1	4
8.2611	0	1	397	FullDelay	4.38025	4.38025e+06	2	4
8.27423	0	1	398	LastDelay	1.96308	1.96308e+06	1	4
8.27423	0	1	398	FullDelay	4.38655	4.38655e+06	2	4
8.28806	0	1	399	LastDelay	1.97009	1.97009e+06	1	4
8.28806	0	1	399	FullDelay	4.39356	4.39356e+06	2	4
8.29834	0	1	400	LastDelay	1.97354	1.97354e+06	1	4
8.29834	0	1	400	FullDelay	4.397	4.397e+06	2	4
8.30786	0	1	401	LastDelay	1.97623	1.97623e+06	1	4
8.30786	0	1	401	FullDelay	4.3997	4.3997e+06	2	4
8.32513	0	1	402	LastDelay	1.98668	1.98668e+06	1	4
8.32513	0	1	402	FullDelay	4.41014	4.41014e+06	2	4
8.33522	0	1	403	LastDelay	1.98994	1.98994e+06	1	4
8.33522	0	1	403	FullDelay	4.41341	4.41341e+06	2	4
8.34537	0	1	404	LastDelay	1.99327	1.99327e+06	1	4
8.34537	0	1	404	FullDelay	4.41673	4.41673e+06	2	4
8.35489	0	1	405	LastDelay	1.99596	1.99596e+06	1	4
8.35489	0	1	405	FullDelay	4.41943	4.41943e+06	2	4
8.36402	0	1	406	LastDelay	1.99826	1.99826e+06	1	4
8.36402	0	1	406	FullDelay	4.42173	4.42173e+06	2	4
13.6993	0	1	1522	LastDelay	0.0357952	35795.2	1	6
13.6993	0	1	1522	FullDelay	0.0357952	35795.2	1	6
13.7103	0	1	1523	LastDelay	0.0400347	40034.7	1	6
13.7103	0	1	1523	FullDelay	0.0400347	40034.7	1	6
13.7734	0	1	1524	LastDelay	0.0963271	96327.1	1	6
13.7734	0	1	1524	FullDelay	0.0963271	96327.1	1	6
13.7833	0	1	1525	LastDelay	0.0993058	99305.8	1	6
13.7833	0	1	1525	FullDelay	0.0993058	99305.8	1	6
13.826	0	1	1526	LastDelay	0.135196	135196	1	6
13.826	0	1	1526	FullDelay	0.135196	135196	1	6
13.8406	0	1	1527	LastDelay	0.143	143000	1	6
13.8406	0	1	1527	FullDelay	0.143	143000	1	6
13.8589	0	1	147	LastDelay	0.154499	154499	1	6
13.8589	0	1	147	FullDelay	11.8076	1.18076e+07	4	6
13.869	0	1	162	LastDelay	0.157718	157718	1	6
13.869	0	1	162	FullDelay	11.7153	1.17153e+07	4	6
13.9485	0	1	180	LastDelay	0.23042	230420	1	6
13.9485	0	1	180	FullDelay	11.6651	1.16651e+07	4	6
13.9706	0	1	253	LastDelay	0.245674	245674	1	6
13.9706	0	1	253	FullDelay	11.1479	1.11479e+07	3	6
13.992	0	1	261	LastDelay	0.260316	260316	1	6
13.992	0	1	261	FullDelay	11.1147	1.11147e+07	3	6
14.0323	0	1	272	LastDelay	0.286943	286943	1	6
14.0323	0	1	272	FullDelay	11.0799	1.10799e+07	3	6
14.0425	0	1	276	LastDelay	0.290275	290275	1	6
14.0425	0	1	276	FullDelay	11.0628	1.10628e+07	3	6
14.0585	0	1	286	LastDelay	0.299417	299417	1	6
14.0585	0	1	286	FullDelay	11.0105	1.10105e+07	3	6
14.0794	0	1	289	LastDelay	0.313506	313506	1	6
14.0794	0	1	289	FullDelay	11.0109	1.10109e+07	3	6
14.0999	0	1	294	LastDelay	0.327161	327161	1	6
14.0999	0	1	294	FullDelay	10.9972	1.09972e+07	3	6
14.1256	0	1	295	LastDelay	0.346095	346095	1	6
14.1256	0	1	295	FullDelay	11.0162	1.10162e+07	3	6
14.1409	0	1	322	LastDelay	0.354583	354583	1	6
14.1409	0	1	322	FullDelay	10.813	1.0813e+07	3	6
14.1616	0	1	334	LastDelay	0.36839	368390	1	6
14.1616	0	1	334	FullDelay	10.7517	1.07517e+07	3	6
14.1716	0	1	345	LastDelay	0.371648	371648	1	6
14.1716	0	1	345	FullDelay	10.6799	1.06799e+07	3	6
14.219	0	1	350	LastDelay	0.412133	412133	1	6
14.219	0	1	350	FullDelay	10.6863	1.06863e+07	3	6
14.257	0	1	360	LastDelay	0.443362	443362	1	6
14.257	0	1	360	FullDelay	10.6492	1.06492e+07	3	6
14.2693	0	1	367	LastDelay	0.448801	448801	1	6
14.2693	0	1	367	FullDelay	10.6137	1.06137e+07	3	6
14.3016	0	1	384	LastDelay	0.467471	467471	1	6
14.3016	0	1	384	FullDelay	10.53	1.053e+07	3	6
14.3133	0	1	389	LastDelay	0.472349	472349	1	6
14.3133	0	1	389	FullDelay	10.4939	1.04939e+07	3	6
14.3466	0	1	392	LastDelay	0.498864	498864	1	6
14.3466	0	1	392	FullDelay	10.5068	1.05068e+07	3	6
14.3558	0	1	407	LastDelay	0.501143	501143	1	6
14.3558	0	1	407	FullDelay	10.4066	1.04066e+07	3	6
14.4141	0	1	409	LastDelay	0.545878	545878	1	6
14.4141	0	1	409	FullDelay	10.4514	1.04514e+07	3	6
14.4439	0	1	410	LastDelay	0.568807	568807	1	6
14.4439	0	1	410	FullDelay	10.4743	1.04743e+07	3	6
14.4638	0	1	411	LastDelay	0.581863	581863	1	6
14.4638	0	1	411	FullDelay	10.4874	1.04874e+07	3	6
14.4774	0	1	412	LastDelay	0.588668	588668	1	6
14.4774	0	1	412	FullDelay	10.4942	1.04942e+07	3	6
14.4906	0	1	413	LastDelay	0.594993	594993	1	6
14.4906	0	1	413	FullDelay	10.5005	1.05005e+07	3	6
14.5174	0	1	414	LastDelay	0.614994	614994	1	6
14.5174	0	1	414	FullDelay	10.5205	1.05205e+07	3	6
14.5265	0	1	415	LastDelay	0.617273	617273	1	6
14.5265	0	1	415	FullDelay	10.5159	1.05159e+07	3	6
14.5391	0	1	416	LastDelay	0.623002	623002	1	6
14.5391	0	1	416	FullDelay	10.5217	1.05217e+07	3	6
14.5598	0	1	417	LastDelay	0.636945	636945	1	6
14.5598	0	1	417	FullDelay	10.5356	1.05356e+07	3	6
14.5931	0	1	418	LastDelay	0.663382	663382	1	6
14.5931	0	1	418	FullDelay	10.562	1.0562e+07	3	6
14.6152	0	1	419	LastDelay	0.67869	678690	1	6
14.6152	0	1	419	FullDelay	10.5774	1.05774e+07	3	6
14.6343	0	1	420	LastDelay	0.690942	690942	1	6
14.6343	0	1	420	FullDelay	10.5896	1.05896e+07	3	6
14.6671	0	1	422	LastDelay	0.710077	710077	1	6
14.6671	0	1	422	FullDelay	10.6087	1.06087e+07	3	6
14.677	0	1	423	LastDelay	0.713163	713163	1	6
14.677	0	1	423	FullDelay	10.6118	1.06118e+07	3	6
14.7517	0	1	425	LastDelay	0.774256	774256	1	6
14.7517	0	1	425	FullDelay	10.6729	1.06729e+07	3	6
14.7617	0	1	426	LastDelay	0.777402	777402	1	6
14.7617	0	1	426	FullDelay	10.6761	1.06761e+07	3	6
14.7856	0	1	427	LastDelay	0.794453	794453	1	6
14.7856	0	1	427	FullDelay	10.6931	1.06931e+07	3	6
14.8134	0	1	429	LastDelay	0.808615	808615	1	6
14.8134	0	1	429	FullDelay	10.7073	1.07073e+07	3	6
14.853	0	1	430	LastDelay	0.841387	841387	1	6
14.853	0	1	430	FullDelay	10.7401	1.07401e+07	3	6
14.9284	0	1	431	LastDelay	0.909969	909969	1	6
14.9284	0	1	431	FullDelay	10.8086	1.08086e+07	3	6
14.9399	0	1	432	LastDelay	0.914609	914609	1	6
14.9399	0	1	432	FullDelay	10.8133	1.08133e+07	3	6
14.9731	0	1	434	LastDelay	0.934161	934161	1	6
14.9731	0	1	434	FullDelay	10.8328	1.08328e+07	3	6
14.9861	0	1	435	LastDelay	0.94032	940320	1	6
14.9861	0	1	435	FullDelay	10.839	1.0839e+07	3	6
14.999	0	1	436	LastDelay	0.946419	946419	1	6
14.999	0	1	436	FullDelay	10.8451	1.08451e+07	3	6
15.0806	0	1	439	LastDelay	1.00755	1.00755e+06	1	6
15.0806	0	1	439	FullDelay	10.9062	1.09062e+07	3	6
15.0918	0	1	440	LastDelay	1.01186	1.01186e+06	1	6
15.0918	0	1	440	FullDelay	10.9105	1.09105e+07	3	6
15.1036	0	1	441	LastDelay	1.01686	1.01686e+06	1	6
15.1036	0	1	441	FullDelay	10.9155	1.09155e+07	3	6
15.1145	0	1	442	LastDelay	1.02092	1.02092e+06	1	6
15.1145	0	1	442	FullDelay	10.9196	1.09196e+07	3	6
15.1255	0	1	443	LastDelay	1.02511	1.02511e+06	1	6
15.1255	0	1	443	FullDelay	10.9238	1.09238e+07	3	6
15.1566	0	1	444	LastDelay	1.04937	1.04937e+06	1	6
15.1566	0	1	444	FullDelay	10.948	1.0948e+07	3	6
15.185	0	1	445	LastDelay	1.07099	1.07099e+06	1	6
15.185	0	1	445	FullDelay	10.9697	1.09697e+07	3	6
15.2034	0	1	446	LastDelay	1.08254	1.08254e+06	1	6
15.2034	0	1	446	FullDelay	10.9812	1.09812e+07	3	6
15.2132	0	1	447	LastDelay	1.08553	1.08553e+06	1	6
15.2132	0	1	447	FullDelay	10.9842	1.09842e+07	3	6
15.2678	0	1	448	LastDelay	1.13326	1.13326e+06	1	6
15.2678	0	1	448	FullDelay	11.0319	1.10319e+07	3	6
15.2787	0	1	449	LastDelay	1.1374	1.1374e+06	1	6
15.2787	0	1	449	FullDelay	11.0361	1.10361e+07	3	6
15.3006	0	1	450	LastDelay	1.15243	1.15243e+06	1	6
15.3006	0	1	450	FullDelay	11.0511	1.10511e+07	3	6
15.3104	0	1	451	LastDelay	1.15543	1.15543e+06	1	6
15.3104	0	1	451	FullDelay	11.0541	1.10541e+07	3	6
15.3195	0	1	452	LastDelay	1.1577	1.1577e+06	1	6
15.3195	0	1	452	FullDelay	11.0564	1.10564e+07	3	6
15.3287	0	1	453	LastDelay	1.16004	1.16004e+06	1	6
15.3287	0	1	453	FullDelay	11.0587	1.10587e+07	3	6
15.3791	0	1	454	LastDelay	1.20363	1.20363e+06	1	6
15.3791	0	1	454	FullDelay	11.1023	1.11023e+07	3	6
15.389	0	1	455	LastDelay	1.20674	1.20674e+06	1	6
15.389	0	1	455	FullDelay	11.1054	1.11054e+07	3	6
15.4352	0	1	456	LastDelay	1.24613	1.24613e+06	1	6
15.4352	0	1	456	FullDelay	11.1448	1.11448e+07	3	6
15.4455	0	1	457	LastDelay	1.24959	1.24959e+06	1	6
15.4455	0	1	457	FullDelay	11.1483	1.11483e+07	3	6
15.4597	0	1	458	LastDelay	1.25693	1.25693e+06	1	6
15.4597	0	1	458	FullDelay	11.1556	1.11556e+07	3	6
15.4708	0	1	459	LastDelay	1.2612	1.2612e+06	1	6
15.4708	0	1	459	FullDelay	11.1599	1.11599e+07	3	6
15.483	0	1	460	LastDelay	1.26655	1.26655e+06	1	6
15.483	0	1	460	FullDelay	11.1652	1.11652e+07	3	6
15.494	0	1	461	LastDelay	1.2707	1.2707e+06	1	6
15.494	0	1	461	FullDelay	11.1694	1.11694e+07	3	6
15.5103	0	1	462	LastDelay	1.28022	1.28022e+06	1	6
15.5103	0	1	462	FullDelay	11.1789	1.11789e+07	3	6
15.5223	0	1	463	LastDelay	1.2854	1.2854e+06	1	6
15.5223	0	1	463	FullDelay	11.1841	1.11841e+07	3	6
15.5331	0	1	464	LastDelay	1.2894	1.2894e+06	1	6
15.5331	0	1	464	FullDelay	11.1881	1.11881e+07	3	6
15.5469	0	1	465	LastDelay	1.29633	1.29633e+06	1	6
15.5469	0	1	465	FullDelay	11.195	1.1195e+07	3	6
15.5709	0	1	466	LastDelay	1.31353	1.31353e+06	1	6
15.5709	0	1	466	FullDelay	11.2122	1.12122e+07	3	6
15.5831	0	1	467	LastDelay	1.3189	1.3189e+06	1	6
15.5831	0	1	467	FullDelay	11.2176	1.12176e+07	3	6
15.6025	0	1	468	LastDelay	1.33142	1.33142e+06	1	6
15.6025	0	1	468	FullDelay	11.2301	1.12301e+07	3	6
15.6124	0	1	469	LastDelay	1.3345	1.3345e+06	1	6
15.6124	0	1	469	FullDelay	11.2332	1.12332e+07	3	6
15.6304	0	1	470	LastDelay	1.34571	1.34571e+06	1	6
15.6304	0	1	470	FullDelay	11.2444	1.12444e+07	3	6
15.6404	0	1	471	LastDelay	1.34883	1.34883e+06	1	6
15.6404	0	1	471	FullDelay	11.2475	1.12475e+07	3	6
15.6504	0	1	472	LastDelay	1.35206	1.35206e+06	1	6
15.6504	0	1	472	FullDelay	11.2507	1.12507e+07	3	6
15.6602	0	1	473	LastDelay	1.35504	1.35504e+06	1	6
15.6602	0	1	473	FullDelay	11.2537	1.12537e+07	3	6
15.677	0	1	474	LastDelay	1.36497	1.36497e+06	1	6
15.677	0	1	474	FullDelay	11.2636	1.12636e+07	3	6
15.6921	0	1	475	LastDelay	1.37326	1.37326e+06	1	6
15.6921	0	1	475	FullDelay	11.2719	1.12719e+07	3	6
15.7032	0	1	476	LastDelay	1.37756	1.37756e+06	1	6
15.7032	0	1	476	FullDelay	11.2762	1.12762e+07	3	6
15.7139	0	1	477	LastDelay	1.38147	1.38147e+06	1	6
15.7139	0	1	477	FullDelay	11.2801	1.12801e+07	3	6
15.7341	0	1	478	LastDelay	1.39484	1.39484e+06	1	6
15.7341	0	1	478	FullDelay	11.2935	1.12935e+07	3	6
15.7442	0	1	479	LastDelay	1.39807	1.39807e+06	1	6
15.7442	0	1	479	FullDelay	11.2967	1.12967e+07	3	6
15.7643	0	1	481	LastDelay	1.4045	1.4045e+06	1	6
15.7643	0	1	481	FullDelay	11.3032	1.13032e+07	3	6
15.7757	0	1	482	LastDelay	1.40911	1.40911e+06	1	6
15.7757	0	1	482	FullDelay	11.3078	1.13078e+07	3	6
15.7911	0	1	483	LastDelay	1.41769	1.41769e+06	1	6
15.7911	0	1	483	FullDelay	11.3164	1.13164e+07	3	6
15.8102	0	1	484	LastDelay	1.42997	1.42997e+06	1	6
15.8102	0	1	484	FullDelay	11.3286	1.13286e+07	3	6
15.8267	0	1	485	LastDelay	1.43961	1.43961e+06	1	6
15.8267	0	1	485	FullDelay	11.3383	1.13383e+07	3	6
15.8375	0	1	486	LastDelay	1.44358	1.44358e+06	1	6
15.8375	0	1	486	FullDelay	11.3422	1.13422e+07	3	6
15.8482	0	1	487	LastDelay	1.44747	1.44747e+06	1	6
15.8482	0	1	487	FullDelay	11.3461	1.13461e+07	3	6
15.8574	0	1	488	LastDelay	1.44983	1.44983e+06	1	6
15.8574	0	1	488	FullDelay	11.3485	1.13485e+07	3	6
15.8831	0	1	489	LastDelay	1.46871	1.46871e+06	1	6
15.8831	0	1	489	FullDelay	11.3674	1.13674e+07	3	6
15.9139	0	1	492	LastDelay	1.47903	1.47903e+06	1	6
15.9139	0	1	492	FullDelay	11.3777	1.13777e+07	3	6
15.928	0	1	493	LastDelay	1.48625	1.48625e+06	1	6
15.928	0	1	493	FullDelay	11.3849	1.13849e+07	3	6
15.9533	0	1	495	LastDelay	1.49798	1.49798e+06	1	6
15.9533	0	1	495	FullDelay	11.3966	1.13966e+07	3	6
15.9729	0	1	496	LastDelay	1.51068	1.51068e+06	1	6
15.9729	0	1	496	FullDelay	11.4093	1.14093e+07	3	6
15.9821	0	1	497	LastDelay	1.51308	1.51308e+06	1	6
15.9821	0	1	497	FullDelay	11.4117	1.14117e+07	3	6
15.9955	0	1	498	LastDelay	1.51971	1.51971e+06	1	6
15.9955	0	1	498	FullDelay	11.4184	1.14184e+07	3	6
16.0046	0	1	499	LastDelay	1.52195	1.52195e+06	1	6
16.0046	0	1	499	FullDelay	11.4206	1.14206e+07	3	6
16.0148	0	1	500	LastDelay	1.52536	1.52536e+06	1	6
16.0148	0	1	500	FullDelay	11.424	1.1424e+07	3	6
16.0309	0	1	501	LastDelay	1.5346	1.5346e+06	1	6
16.0309	0	1	501	FullDelay	11.4333	1.14333e+07	3	6
16.0427	0	1	502	LastDelay	1.53956	1.53956e+06	1	6
16.0427	0	1	502	FullDelay	11.4382	1.14382e+07	3	6
16.0688	0	1	503	LastDelay	1.55881	1.55881e+06	1	6
16.0688	0	1	503	FullDelay	11.4575	1.14575e+07	3	6
16.0789	0	1	504	LastDelay	1.56206	1.56206e+06	1	6
16.0789	0	1	504	FullDelay	11.4607	1.14607e+07	3	6
16.0986	0	1	506	LastDelay	1.56817	1.56817e+06	1	6
16.0986	0	1	506	FullDelay	11.4668	1.14668e+07	3	6
16.1101	0	1	507	LastDelay	1.57282	1.57282e+06	1	6
16.1101	0	1	507	FullDelay	11.4715	1.14715e+07	3	6
18.3517	0	1	1095	LastDelay	0.0529143	52914.3	1	6
18.3517	0	1	1095	FullDelay	7.60321	7.60321e+06	2	6
18.3878	0	1	1096	LastDelay	0.0822379	82237.9	1	6
18.3878	0	1	1096	FullDelay	7.63253	7.63253e+06	2	6
18.4103	0	1	1097	LastDelay	0.0979174	97917.4	1	6
18.4103	0	1	1097	FullDelay	7.64821	7.64821e+06	2	6
18.4319	0	1	1098	LastDelay	0.112643	112643	1	6
18.4319	0	1	1098	FullDelay	7.66294	7.66294e+06	2	6
18.4531	0	1	1099	LastDelay	0.126995	126995	1	6
18.4531	0	1	1099	FullDelay	7.67729	7.67729e+06	2	6
18.4703	0	1	1100	LastDelay	0.137367	137367	1	6
18.4703	0	1	1100	FullDelay	7.68766	7.68766e+06	2	6
18.4936	0	1	1101	LastDelay	0.153865	153865	1	6
18.4936	0	1	1101	FullDelay	7.70416	7.70416e+06	2	6
18.5047	0	1	1102	LastDelay	0.158151	158151	1	6
18.5047	0	1	1102	FullDelay	7.70844	7.70844e+06	2	6
18.5439	0	1	1103	LastDelay	0.190491	190491	1	6
18.5439	0	1	1103	FullDelay	7.74078	7.74078e+06	2	6
18.5557	0	1	1104	LastDelay	0.195533	195533	1	6
18.5557	0	1	1104	FullDelay	7.74583	7.74583e+06	2	6
18.5785	0	1	1105	LastDelay	0.211471	211471	1	6
18.5785	0	1	1105	FullDelay	7.76176	7.76176e+06	2	6
18.5905	0	1	1106	LastDelay	0.216617	216617	1	6
18.5905	0	1	1106	FullDelay	7.76691	7.76691e+06	2	6
18.6097	0	1	1107	LastDelay	0.229032	229032	1	6
18.6097	0	1	1107	FullDelay	7.77932	7.77932e+06	2	6
18.6327	0	1	1108	LastDelay	0.245139	245139	1	6
18.6327	0	1	1108	FullDelay	7.79543	7.79543e+06	2	6
18.6487	0	1	1109	LastDelay	0.254353	254353	1	6
18.6487	0	1	1109	FullDelay	7.80465	7.80465e+06	2	6
18.6684	0	1	1110	LastDelay	0.267222	267222	1	6
18.6684	0	1	1110	FullDelay	7.81751	7.81751e+06	2	6
18.679	0	1	1111	LastDelay	0.271044	271044	1	6
18.679	0	1	1111	FullDelay	7.82134	7.82134e+06	2	6
18.692	0	1	1112	LastDelay	0.277149	277149	1	6
18.692	0	1	1112	FullDelay	7.82744	7.82744e+06	2	6
18.7053	0	1	1113	LastDelay	0.283674	283674	1	6
18.7053	0	1	1113	FullDelay	7.83397	7.83397e+06	2	6
18.7624	0	1	1114	LastDelay	0.333897	333897	1	6
18.7624	0	1	1114	FullDelay	7.88419	7.88419e+06	2	6
18.8098	0	1	1115	LastDelay	0.374449	374449	1	6
18.8098	0	1	1115	FullDelay	7.92474	7.92474e+06	2	6
18.8306	0	1	1116	LastDelay	0.388481	388481	1	6
18.8306	0	1	1116	FullDelay	7.93877	7.93877e+06	2	6
18.8406	0	1	1117	LastDelay	0.391687	391687	1	6
18.8406	0	1	1117	FullDelay	7.94198	7.94198e+06	2	6
18.8598	0	1	1118	LastDelay	0.403993	403993	1	6
18.8598	0	1	1118	FullDelay	7.95429	7.95429e+06	2	6
18.8707	0	1	1119	LastDelay	0.408044	408044	1	6
18.8707	0	1	1119	FullDelay	7.95834	7.95834e+06	2	6
18.8823	0	1	1120	LastDelay	0.412835	412835	1	6
18.8823	0	1	1120	FullDelay	7.96313	7.96313e+06	2	6
18.9024	0	1	1121	LastDelay	0.426124	426124	1	6
18.9024	0	1	1121	FullDelay	7.97642	7.97642e+06	2	6
18.9124	0	1	1122	LastDelay	0.42933	429330	1	6
18.9124	0	1	1122	FullDelay	7.97962	7.97962e+06	2	6
18.9517	0	1	1123	LastDelay	0.461754	461754	1	6
18.9517	0	1	1123	FullDelay	8.01205	8.01205e+06	2	6
18.9723	0	1	1124	LastDelay	0.47554	475540	1	6
18.9723	0	1	1124	FullDelay	8.02583	8.02583e+06	2	6
19.0222	0	1	1126	LastDelay	0.511762	511762	1	6
19.0222	0	1	1126	FullDelay	8.06205	8.06205e+06	2	6
19.0405	0	1	1127	LastDelay	0.523268	523268	1	6
19.0405	0	1	1127	FullDelay	8.07356	8.07356e+06	2	6
19.0792	0	1	1129	LastDelay	0.548295	548295	1	6
19.0792	0	1	1129	FullDelay	8.09859	8.09859e+06	2	6
19.0981	0	1	1130	LastDelay	0.560421	560421	1	6
19.0981	0	1	1130	FullDelay	8.11071	8.11071e+06	2	6
19.1256	0	1	1131	LastDelay	0.581073	581073	1	6
19.1256	0	1	1131	FullDelay	8.13137	8.13137e+06	2	6
19.1455	0	1	1132	LastDelay	0.594109	594109	1	6
19.1455	0	1	1132	FullDelay	8.1444	8.1444e+06	2	6
19.2076	0	1	1135	LastDelay	0.635806	635806	1	6
19.2076	0	1	1135	FullDelay	8.1861	8.1861e+06	2	6
19.262	0	1	1136	LastDelay	0.683383	683383	1	6
19.262	0	1	1136	FullDelay	8.23368	8.23368e+06	2	6
19.2853	0	1	1138	LastDelay	0.692969	692969	1	6
19.2853	0	1	1138	FullDelay	8.24326	8.24326e+06	2	6
19.3074	0	1	1140	LastDelay	0.701419	701419	1	6
19.3074	0	1	1140	FullDelay	8.25171	8.25171e+06	2	6
19.3175	0	1	1141	LastDelay	0.704723	704723	1	6
19.3175	0	1	1141	FullDelay	8.25502	8.25502e+06	2	6
19.3267	0	1	1142	LastDelay	0.707083	707083	1	6
19.3267	0	1	1142	FullDelay	8.25738	8.25738e+06	2	6
19.3424	0	1	1143	LastDelay	0.715939	715939	1	6
19.3424	0	1	1143	FullDelay	8.26623	8.26623e+06	2	6
19.3519	0	1	1144	LastDelay	0.718639	718639	1	6
19.3519	0	1	1144	FullDelay	8.26893	8.26893e+06	2	6
19.3838	0	1	1147	LastDelay	0.730024	730024	1	6
19.3838	0	1	1147	FullDelay	8.28032	8.28032e+06	2	6
19.4058	0	1	1149	LastDelay	0.738399	738399	1	6
19.4058	0	1	1149	FullDelay	8.28869	8.28869e+06	2	6
19.4181	0	1	1150	LastDelay	0.743855	743855	1	6
19.4181	0	1	1150	FullDelay	8.29415	8.29415e+06	2	6
19.4301	0	1	1151	LastDelay	0.748988	748988	1	6
19.4301	0	1	1151	FullDelay	8.29928	8.29928e+06	2	6
19.4431	0	1	1152	LastDelay	0.755187	755187	1	6
19.4431	0	1	1152	FullDelay	8.30548	8.30548e+06	2	6
19.4549	0	1	1153	LastDelay	0.760202	760202	1	6
19.4549	0	1	1153	FullDelay	8.31049	8.31049e+06	2	6
19.4648	0	1	1154	LastDelay	0.763284	763284	1	6
19.4648	0	1	1154	FullDelay	8.31358	8.31358e+06	2	6
19.4781	0	1	1155	LastDelay	0.769741	769741	1	6
19.4781	0	1	1155	FullDelay	8.32003	8.32003e+06	2	6
19.4879	0	1	1156	LastDelay	0.772741	772741	1	6
19.4879	0	1	1156	FullDelay	8.32303	8.32303e+06	2	6
19.5024	0	1	1157	LastDelay	0.780384	780384	1	6
19.5024	0	1	1157	FullDelay	8.33068	8.33068e+06	2	6
19.5128	0	1	1158	LastDelay	0.783916	783916	1	6
19.5128	0	1	1158	FullDelay	8.33421	8.33421e+06	2	6
19.5292	0	1	1159	LastDelay	0.793485	793485	1	6
19.5292	0	1	1159	FullDelay	8.34378	8.34378e+06	2	6
19.5393	0	1	1160	LastDelay	0.796817	796817	1	6
19.5393	0	1	1160	FullDelay	8.34711	8.34711e+06	2	6
19.5496	0	1	1161	LastDelay	0.800315	800315	1	6
19.5496	0	1	1161	FullDelay	8.35061	8.35061e+06	2	6
19.5619	0	1	1162	LastDelay	0.80575	805750	1	6
19.5619	0	1	1162	FullDelay	8.35604	8.35604e+06	2	6
19.571	0	1	1163	LastDelay	0.808029	808029	1	6
19.571	0	1	1163	FullDelay	8.35832	8.35832e+06	2	6
19.5856	0	1	1164	LastDelay	0.815804	815804	1	6
19.5856	0	1	1164	FullDelay	8.3661	8.3661e+06	2	6
19.6064	0	1	1166	LastDelay	0.822972	822972	1	6
19.6064	0	1	1166	FullDelay	8.37326	8.37326e+06	2	6
19.6158	0	1	1167	LastDelay	0.825495	825495	1	6
19.6158	0	1	1167	FullDelay	8.37579	8.37579e+06	2	6
19.638	0	1	1168	LastDelay	0.840861	840861	1	6
19.638	0	1	1168	FullDelay	8.39115	8.39115e+06	2	6
19.6556	0	1	1169	LastDelay	0.851649	851649	1	6
19.6556	0	1	1169	FullDelay	8.40194	8.40194e+06	2	6
19.6647	0	1	1170	LastDelay	0.853969	853969	1	6
19.6647	0	1	1170	FullDelay	8.40426	8.40426e+06	2	6
19.675	0	1	1171	LastDelay	0.857381	857381	1	6
19.675	0	1	1171	FullDelay	8.40767	8.40767e+06	2	6
19.6841	0	1	1172	LastDelay	0.85964	859640	1	6
19.6841	0	1	1172	FullDelay	8.40993	8.40993e+06	2	6
19.7168	0	1	1175	LastDelay	0.871908	871908	1	6
19.7168	0	1	1175	FullDelay	8.4222	8.4222e+06	2	6
19.7267	0	1	1176	LastDelay	0.875013	875013	1	6
19.7267	0	1	1176	FullDelay	8.42531	8.42531e+06	2	6
19.7505	0	1	1177	LastDelay	0.891912	891912	1	6
19.7505	0	1	1177	FullDelay	8.4422	8.4422e+06	2	6
19.7625	0	1	1178	LastDelay	0.89707	897070	1	6
19.7625	0	1	1178	FullDelay	8.44736	8.44736e+06	2	6
19.7716	0	1	1179	LastDelay	0.899429	899429	1	6
19.7716	0	1	1179	FullDelay	8.44972	8.44972e+06	2	6
19.7826	0	1	1180	LastDelay	0.903561	903561	1	6
19.7826	0	1	1180	FullDelay	8.45385	8.45385e+06	2	6
19.8036	0	1	1182	LastDelay	0.910873	910873	1	6
19.8036	0	1	1182	FullDelay	8.46117	8.46117e+06	2	6
19.8136	0	1	1183	LastDelay	0.914058	914058	1	6
19.8136	0	1	1183	FullDelay	8.46435	8.46435e+06	2	6
19.8226	0	1	1184	LastDelay	0.916297	916297	1	6
19.8226	0	1	1184	FullDelay	8.46659	8.46659e+06	2	6
19.8346	0	1	1185	LastDelay	0.921413	921413	1	6
19.8346	0	1	1185	FullDelay	8.47171	8.47171e+06	2	6
19.8448	0	1	1186	LastDelay	0.924759	924759	1	6
19.8448	0	1	1186	FullDelay	8.47505	8.47505e+06	2	6
19.8668	0	1	1187	LastDelay	0.939991	939991	1	6
19.8668	0	1	1187	FullDelay	8.49028	8.49028e+06	2	6
19.8777	0	1	1188	LastDelay	0.944067	944067	1	6
19.8777	0	1	1188	FullDelay	8.49436	8.49436e+06	2	6
19.8913	0	1	1189	LastDelay	0.950782	950782	1	6
19.8913	0	1	1189	FullDelay	8.50107	8.50107e+06	2	6
19.9011	0	1	1190	LastDelay	0.953841	953841	1	6
19.9011	0	1	1190	FullDelay	8.50413	8.50413e+06	2	6
19.9225	0	1	1191	LastDelay	0.968416	968416	1	6
19.9225	0	1	1191	FullDelay	8.51871	8.51871e+06	2	6
19.9333	0	1	1192	LastDelay	0.972305	972305	1	6
19.9333	0	1	1192	FullDelay	8.5226	8.5226e+06	2	6
19.9561	0	1	1194	LastDelay	0.98146	981460	1	6
19.9561	0	1	1194	FullDelay	8.53175	8.53175e+06	2	6
19.9671	0	1	1195	LastDelay	0.985657	985657	1	6
19.9671	0	1	1195	FullDelay	8.53595	8.53595e+06	2	6
19.9836	0	1	1196	LastDelay	0.995297	995297	1	6
19.9836	0	1	1196	FullDelay	8.54559	8.54559e+06	2	6
20.0031	0	1	1197	LastDelay	1.00801	1.00801e+06	1	6
20.0031	0	1	1197	FullDelay	8.5583	8.5583e+06	2	6
20.0122	0	1	1198	LastDelay	1.01027	1.01027e+06	1	6
20.0122	0	1	1198	FullDelay	8.56056	8.56056e+06	2	6
20.035	0	1	1200	LastDelay	1.01942	1.01942e+06	1	6
20.035	0	1	1200	FullDelay	8.56971	8.56971e+06	2	6
20.0445	0	1	1201	LastDelay	1.02206	1.02206e+06	1	6
20.0445	0	1	1201	FullDelay	8.57235	8.57235e+06	2	6
20.0551	0	1	1202	LastDelay	1.02588	1.02588e+06	1	6
20.0551	0	1	1202	FullDelay	8.57618	8.57618e+06	2	6
20.0642	0	1	1203	LastDelay	1.02814	1.02814e+06	1	6
20.0642	0	1	1203	FullDelay	8.57843	8.57843e+06	2	6
20.0899	0	1	1204	LastDelay	1.04699	1.04699e+06	1	6
20.0899	0	1	1204	FullDelay	8.59728	8.59728e+06	2	6
20.1071	0	1	1205	LastDelay	1.05744	1.05744e+06	1	6
20.1071	0	1	1205	FullDelay	8.60773	8.60773e+06	2	6
20.123	0	1	1206	LastDelay	1.06647	1.06647e+06	1	6
20.123	0	1	1206	FullDelay	8.61676	8.61676e+06	2	6
20.143	0	1	1208	LastDelay	1.07279	1.07279e+06	1	6
20.143	0	1	1208	FullDelay	8.62309	8.62309e+06	2	6
20.1538	0	1	1209	LastDelay	1.07681	1.07681e+06	1	6
20.1538	0	1	1209	FullDelay	8.6271	8.6271e+06	2	6
20.1629	0	1	1210	LastDelay	1.07907	1.07907e+06	1	6
20.1629	0	1	1210	FullDelay	8.62936	8.62936e+06	2	6
20.1729	0	1	1211	LastDelay	1.08221	1.08221e+06	1	6
20.1729	0	1	1211	FullDelay	8.6325	8.6325e+06	2	6
20.1846	0	1	1212	LastDelay	1.08713	1.08713e+06	1	6
20.1846	0	1	1212	FullDelay	8.63742	8.63742e+06	2	6
20.1937	0	1	1213	LastDelay	1.08939	1.08939e+06	1	6
20.1937	0	1	1213	FullDelay	8.63968	8.63968e+06	2	6
20.2029	0	1	1214	LastDelay	1.09171	1.09171e+06	1	6
20.2029	0	1	1214	FullDelay	8.642	8.642e+06	2	6
20.2163	0	1	1215	LastDelay	1.09833	1.09833e+06	1	6
20.2163	0	1	1215	FullDelay	8.64862	8.64862e+06	2	6
20.2303	0	1	1216	LastDelay	1.1055	1.1055e+06	1	6
20.2303	0	1	1216	FullDelay	8.65579	8.65579e+06	2	6
20.2404	0	1	1217	LastDelay	1.10875	1.10875e+06	1	6
20.2404	0	1	1217	FullDelay	8.65904	8.65904e+06	2	6
20.2495	0	1	1218	LastDelay	1.11105	1.11105e+06	1	6
20.2495	0	1	1218	FullDelay	8.66134	8.66134e+06	2	6
20.2758	0	1	1219	LastDelay	1.13048	1.13048e+06	1	6
20.2758	0	1	1219	FullDelay	8.68077	8.68077e+06	2	6
20.2866	0	1	1220	LastDelay	1.13449	1.13449e+06	1	6
20.2866	0	1	1220	FullDelay	8.68478	8.68478e+06	2	6
20.2975	0	1	1221	LastDelay	1.1386	1.1386e+06	1	6
20.2975	0	1	1221	FullDelay	8.6889	8.6889e+06	2	6
20.3084	0	1	1222	LastDelay	1.14265	1.14265e+06	1	6
20.3084	0	1	1222	FullDelay	8.69294	8.69294e+06	2	6
20.3224	0	1	1223	LastDelay	1.14984	1.14984e+06	1	6
20.3224	0	1	1223	FullDelay	8.70014	8.70014e+06	2	6
20.3366	0	1	1224	LastDelay	1.1572	1.1572e+06	1	6
20.3366	0	1	1224	FullDelay	8.70749	8.70749e+06	2	6
20.3457	0	1	1225	LastDelay	1.1595	1.1595e+06	1	6
20.3457	0	1	1225	FullDelay	8.70979	8.70979e+06	2	6
20.3613	0	1	1226	LastDelay	1.16823	1.16823e+06	1	6
20.3613	0	1	1226	FullDelay	8.71853	8.71853e+06	2	6
20.373	0	1	1227	LastDelay	1.17307	1.17307e+06	1	6
20.373	0	1	1227	FullDelay	8.72336	8.72336e+06	2	6
20.3928	0	1	1228	LastDelay	1.18609	1.18609e+06	1	6
20.3928	0	1	1228	FullDelay	8.73638	8.73638e+06	2	6
20.4019	0	1	1229	LastDelay	1.18839	1.18839e+06	1	6
20.4019	0	1	1229	FullDelay	8.73868	8.73868e+06	2	6
20.4253	0	1	1231	LastDelay	1.19806	1.19806e+06	1	6
20.4253	0	1	1231	FullDelay	8.74835	8.74835e+06	2	6
20.4365	0	1	1232	LastDelay	1.20251	1.20251e+06	1	6
20.4365	0	1	1232	FullDelay	8.7528	8.7528e+06	2	6
20.4816	0	1	1235	LastDelay	1.22712	1.22712e+06	1	6
20.4816	0	1	1235	FullDelay	8.77742	8.77742e+06	2	6
20.4937	0	1	1236	LastDelay	1.23232	1.23232e+06	1	6
20.4937	0	1	1236	FullDelay	8.78261	8.78261e+06	2	6
20.5035	0	1	1237	LastDelay	1.2353	1.2353e+06	1	6
20.5035	0	1	1237	FullDelay	8.7856	8.7856e+06	2	6
20.5142	0	1	1238	LastDelay	1.23923	1.23923e+06	1	6
20.5142	0	1	1238	FullDelay	8.78952	8.78952e+06	2	6
20.5389	0	1	1240	LastDelay	1.25027	1.25027e+06	1	6
20.5389	0	1	1240	FullDelay	8.80056	8.80056e+06	2	6
20.5678	0	1	1242	LastDelay	1.26552	1.26552e+06	1	6
20.5678	0	1	1242	FullDelay	8.81582	8.81582e+06	2	6
20.578	0	1	1243	LastDelay	1.26889	1.26889e+06	1	6
20.578	0	1	1243	FullDelay	8.81918	8.81918e+06	2	6
20.5881	0	1	1244	LastDelay	1.27214	1.27214e+06	1	6
20.5881	0	1	1244	FullDelay	8.82243	8.82243e+06	2	6
20.5991	0	1	1245	LastDelay	1.27633	1.27633e+06	1	6
20.5991	0	1	1245	FullDelay	8.82662	8.82662e+06	2	6
20.6174	0	1	1246	LastDelay	1.28776	1.28776e+06	1	6
20.6174	0	1	1246	FullDelay	8.83806	8.83806e+06	2	6
20.6265	0	1	1247	LastDelay	1.29006	1.29006e+06	1	6
20.6265	0	1	1247	FullDelay	8.84036	8.84036e+06	2	6
20.6366	0	1	1248	LastDelay	1.29335	1.29335e+06	1	6
20.6366	0	1	1248	FullDelay	8.84364	8.84364e+06	2	6
20.6485	0	1	1249	LastDelay	1.29845	1.29845e+06	1	6
20.6485	0	1	1249	FullDelay	8.84874	8.84874e+06	2	6
20.6586	0	1	1250	LastDelay	1.30166	1.30166e+06	1	6
20.6586	0	1	1250	FullDelay	8.85195	8.85195e+06	2	6
20.6768	0	1	1251	LastDelay	1.31305	1.31305e+06	1	6
20.6768	0	1	1251	FullDelay	8.86334	8.86334e+06	2	6
20.6929	0	1	1252	LastDelay	1.32238	1.32238e+06	1	6
20.6929	0	1	1252	FullDelay	8.87267	8.87267e+06	2	6
20.7031	0	1	1253	LastDelay	1.32575	1.32575e+06	1	6
20.7031	0	1	1253	FullDelay	8.87604	8.87604e+06	2	6
20.7131	0	1	1254	LastDelay	1.32893	1.32893e+06	1	6
20.7131	0	1	1254	FullDelay	8.87923	8.87923e+06	2	6
20.7396	0	1	1255	LastDelay	1.34858	1.34858e+06	1	6
20.7396	0	1	1255	FullDelay	8.89887	8.89887e+06	2	6
20.7488	0	1	1256	LastDelay	1.35098	1.35098e+06	1	6
20.7488	0	1	1256	FullDelay	8.90127	8.90127e+06	2	6
20.7611	0	1	1257	LastDelay	1.35646	1.35646e+06	1	6
20.7611	0	1	1257	FullDelay	8.90675	8.90675e+06	2	6
20.7702	0	1	1258	LastDelay	1.35872	1.35872e+06	1	6
20.7702	0	1	1258	FullDelay	8.90901	8.90901e+06	2	6
20.7909	0	1	1260	LastDelay	1.36577	1.36577e+06	1	6
20.7909	0	1	1260	FullDelay	8.91607	8.91607e+06	2	6
20.8028	0	1	1261	LastDelay	1.37085	1.37085e+06	1	6
20.8028	0	1	1261	FullDelay	8.92114	8.92114e+06	2	6
20.812	0	1	1262	LastDelay	1.37319	1.37319e+06	1	6
20.812	0	1	1262	FullDelay	8.92348	8.92348e+06	2	6
20.8329	0	1	1263	LastDelay	1.38721	1.38721e+06	1	6
20.8329	0	1	1263	FullDelay	8.9375	8.9375e+06	2	6
20.8511	0	1	1265	LastDelay	1.39176	1.39176e+06	1	6
20.8511	0	1	1265	FullDelay	8.94206	8.94206e+06	2	6
20.8611	0	1	1266	LastDelay	1.39497	1.39497e+06	1	6
20.8611	0	1	1266	FullDelay	8.94526	8.94526e+06	2	6
20.8746	0	1	1267	LastDelay	1.40162	1.40162e+06	1	6
20.8746	0	1	1267	FullDelay	8.95191	8.95191e+06	2	6
20.8965	0	1	1268	LastDelay	1.41674	1.41674e+06	1	6
20.8965	0	1	1268	FullDelay	8.96703	8.96703e+06	2	6
20.9066	0	1	1269	LastDelay	1.41994	1.41994e+06	1	6
20.9066	0	1	1269	FullDelay	8.97024	8.97024e+06	2	6
20.9181	0	1	1270	LastDelay	1.42462	1.42462e+06	1	6
20.9181	0	1	1270	FullDelay	8.97492	8.97492e+06	2	6
20.9298	0	1	1271	LastDelay	1.42956	1.42956e+06	1	6
20.9298	0	1	1271	FullDelay	8.97985	8.97985e+06	2	6
20.9734	0	1	1273	LastDelay	1.45948	1.45948e+06	1	6
20.9734	0	1	1273	FullDelay	9.00977	9.00977e+06	2	6
20.9955	0	1	1275	LastDelay	1.46792	1.46792e+06	1	6
20.9955	0	1	1275	FullDelay	9.01822	9.01822e+06	2	6
21.0065	0	1	1276	LastDelay	1.47206	1.47206e+06	1	6
21.0065	0	1	1276	FullDelay	9.02235	9.02235e+06	2	6
21.0156	0	1	1277	LastDelay	1.47438	1.47438e+06	1	6
21.0156	0	1	1277	FullDelay	9.02467	9.02467e+06	2	6
21.0274	0	1	1278	LastDelay	1.47939	1.47939e+06	1	6
21.0274	0	1	1278	FullDelay	9.02968	9.02968e+06	2	6
21.0366	0	1	1279	LastDelay	1.48173	1.48173e+06	1	6
21.0366	0	1	1279	FullDelay	9.03202	9.03202e+06	2	6
21.0467	0	1	1280	LastDelay	1.48497	1.48497e+06	1	6
21.0467	0	1	1280	FullDelay	9.03527	9.03527e+06	2	6
21.0567	0	1	1281	LastDelay	1.48818	1.48818e+06	1	6
21.0567	0	1	1281	FullDelay	9.03847	9.03847e+06	2	6
21.0676	0	1	1282	LastDelay	1.49229	1.49229e+06	1	6
21.0676	0	1	1282	FullDelay	9.04258	9.04258e+06	2	6
21.0788	0	1	1283	LastDelay	1.49664	1.49664e+06	1	6
21.0788	0	1	1283	FullDelay	9.04694	9.04694e+06	2	6
21.0879	0	1	1284	LastDelay	1.4989	1.4989e+06	1	6
21.0879	0	1	1284	FullDelay	9.04919	9.04919e+06	2	6
21.0999	0	1	1285	LastDelay	1.5041	1.5041e+06	1	6
21.0999	0	1	1285	FullDelay	9.05439	9.05439e+06	2	6
21.1093	0	1	1286	LastDelay	1.50664	1.50664e+06	1	6
21.1093	0	1	1286	FullDelay	9.05693	9.05693e+06	2	6
21.1184	0	1	1287	LastDelay	1.50892	1.50892e+06	1	6
21.1184	0	1	1287	FullDelay	9.05921	9.05921e+06	2	6
21.1295	0	1	1288	LastDelay	1.51318	1.51318e+06	1	6
21.1295	0	1	1288	FullDelay	9.06348	9.06348e+06	2	6
21.1407	0	1	1289	LastDelay	1.51756	1.51756e+06	1	6
21.1407	0	1	1289	FullDelay	9.06785	9.06785e+06	2	6
21.1511	0	1	1290	LastDelay	1.52112	1.52112e+06	1	6
21.1511	0	1	1290	FullDelay	9.07141	9.07141e+06	2	6
21.1664	0	1	1291	LastDelay	1.52957	1.52957e+06	1	6
21.1664	0	1	1291	FullDelay	9.07986	9.07986e+06	2	6
21.1777	0	1	1292	LastDelay	1.53408	1.53408e+06	1	6
21.1777	0	1	1292	FullDelay	9.08437	9.08437e+06	2	6
21.1981	0	1	1294	LastDelay	1.5408	1.5408e+06	1	6
21.1981	0	1	1294	FullDelay	9.09109	9.09109e+06	2	6
21.2082	0	1	1295	LastDelay	1.54409	1.54409e+06	1	6
21.2082	0	1	1295	FullDelay	9.09438	9.09438e+06	2	6
21.2174	0	1	1296	LastDelay	1.54651	1.54651e+06	1	6
21.2174	0	1	1296	FullDelay	9.0968	9.0968e+06	2	6
21.245	0	1	1297	LastDelay	1.56724	1.56724e+06	1	6
21.245	0	1	1297	FullDelay	9.11754	9.11754e+06	2	6
21.2554	0	1	1298	LastDelay	1.57086	1.57086e+06	1	6
21.2554	0	1	1298	FullDelay	9.12115	9.12115e+06	2	6
21.2655	0	1	1299	LastDelay	1.57413	1.57413e+06	1	6
21.2655	0	1	1299	FullDelay	9.12442	9.12442e+06	2	6
21.2847	0	1	1301	LastDelay	1.57965	1.57965e+06	1	6
21.2847	0	1	1301	FullDelay	9.12995	9.12995e+06	2	6
21.2938	0	1	1302	LastDelay	1.58191	1.58191e+06	1	6
21.2938	0	1	1302	FullDelay	9.13221	9.13221e+06	2	6
21.3267	0	1	1305	LastDelay	1.59437	1.59437e+06	1	6
21.3267	0	1	1305	FullDelay	9.14466	9.14466e+06	2	6
21.3375	0	1	1306	LastDelay	1.59829	1.59829e+06	1	6
21.3375	0	1	1306	FullDelay	9.14859	9.14859e+06	2	6
21.3466	0	1	1307	LastDelay	1.60055	1.60055e+06	1	6
21.3466	0	1	1307	FullDelay	9.15085	9.15085e+06	2	6
21.3579	0	1	1308	LastDelay	1.60506	1.60506e+06	1	6
21.3579	0	1	1308	FullDelay	9.15535	9.15535e+06	2	6
21.3769	0	1	1309	LastDelay	1.61718	1.61718e+06	1	6
21.3769	0	1	1309	FullDelay	9.16748	9.16748e+06	2	6
21.3873	0	1	1310	LastDelay	1.62082	1.62082e+06	1	6
21.3873	0	1	1310	FullDelay	9.17112	9.17112e+06	2	6
21.4115	0	1	1312	LastDelay	1.63133	1.63133e+06	1	6
21.4115	0	1	1312	FullDelay	9.18162	9.18162e+06	2	6
21.43	0	1	1313	LastDelay	1.64298	1.64298e+06	1	6
21.43	0	1	1313	FullDelay	9.19328	9.19328e+06	2	6
21.4408	0	1	1314	LastDelay	1.64702	1.64702e+06	1	6
21.4408	0	1	1314	FullDelay	9.19731	9.19731e+06	2	6
21.4527	0	1	1315	LastDelay	1.65204	1.65204e+06	1	6
21.4527	0	1	1315	FullDelay	9.20233	9.20233e+06	2	6
21.4716	0	1	1528	LastDelay	1.66411	1.66411e+06	1	6
21.4716	0	1	1528	FullDelay	1.66411	1.66411e+06	1	6
21.4868	0	1	1529	LastDelay	1.67254	1.67254e+06	1	6
21.4868	0	1	1529	FullDelay	1.67254	1.67254e+06	1	6
21.4959	0	1	1530	LastDelay	1.6748	1.6748e+06	1	6
21.4959	0	1	1530	FullDelay	1.6748	1.6748e+06	1	6
21.5099	0	1	1531	LastDelay	1.68199	1.68199e+06	1	6
21.5099	0	1	1531	FullDelay	1.68199	1.68199e+06	1	6
21.5201	0	1	1532	LastDelay	1.68536	1.68536e+06	1	6
21.5201	0	1	1532	FullDelay	1.68536	1.68536e+06	1	6
21.5324	0	1	1533	LastDelay	1.69079	1.69079e+06	1	6
21.5324	0	1	1533	FullDelay	1.69079	1.69079e+06	1	6
21.5424	0	1	1534	LastDelay	1.69394	1.69394e+06	1	6
21.5424	0	1	1534	FullDelay	1.69394	1.69394e+06	1	6
21.5625	0	1	1536	LastDelay	1.70045	1.70045e+06	1	6
21.5625	0	1	1536	FullDelay	1.70045	1.70045e+06	1	6
21.5726	0	1	1537	LastDelay	1.7037	1.7037e+06	1	6
21.5726	0	1	1537	FullDelay	1.7037	1.7037e+06	1	6
21.5824	0	1	1538	LastDelay	1.7067	1.7067e+06	1	6
21.5824	0	1	1538	FullDelay	1.7067	1.7067e+06	1	6
21.604	0	1	1539	LastDelay	1.72147	1.72147e+06	1	6
21.604	0	1	1539	FullDelay	1.72147	1.72147e+06	1	6
21.6139	0	1	1540	LastDelay	1.72447	1.72447e+06	1	6
21.6139	0	1	1540	FullDelay	1.72447	1.72447e+06	1	6
21.6243	0	1	1541	LastDelay	1.72812	1.72812e+06	1	6
21.6243	0	1	1541	FullDelay	1.72812	1.72812e+06	1	6
21.635	0	1	1542	LastDelay	1.73195	1.73195e+06	1	6
21.635	0	1	1542	FullDelay	1.73195	1.73195e+06	1	6
21.6441	0	1	1543	LastDelay	1.73428	1.73428e+06	1	6
21.6441	0	1	1543	FullDelay	1.73428	1.73428e+06	1	6
21.6542	0	1	1544	LastDelay	1.73747	1.73747e+06	1	6
21.6542	0	1	1544	FullDelay	1.73747	1.73747e+06	1	6
21.6659	0	1	1545	LastDelay	1.74236	1.74236e+06	1	6
21.6659	0	1	1545	FullDelay	1.74236	1.74236e+06	1	6
21.6762	0	1	1546	LastDelay	1.74589	1.74589e+06	1	6
21.6762	0	1	1546	FullDelay	1.74589	1.74589e+06	1	6
21.6853	0	1	1547	LastDelay	1.74813	1.74813e+06	1	6
21.6853	0	1	1547	FullDelay	1.74813	1.74813e+06	1	6
21.7086	0	1	1548	LastDelay	1.76457	1.76457e+06	1	6
21.7086	0	1	1548	FullDelay	1.76457	1.76457e+06	1	6
21.7194	0	1	1549	LastDelay	1.76854	1.76854e+06	1	6
21.7194	0	1	1549	FullDelay	1.76854	1.76854e+06	1	6
21.7296	0	1	1550	LastDelay	1.77193	1.77193e+06	1	6
21.7296	0	1	1550	FullDelay	1.77193	1.77193e+06	1	6
21.7423	0	1	1551	LastDelay	1.77778	1.77778e+06	1	6
21.7423	0	1	1551	FullDelay	1.77778	1.77778e+06	1	6
21.7514	0	1	1552	LastDelay	1.78006	1.78006e+06	1	6
21.7514	0	1	1552	FullDelay	1.78006	1.78006e+06	1	6
21.7868	0	1	1555	LastDelay	1.79498	1.79498e+06	1	6
21.7868	0	1	1555	FullDelay	1.79498	1.79498e+06	1	6
21.8013	0	1	1556	LastDelay	1.80273	1.80273e+06	1	6
21.8013	0	1	1556	FullDelay	1.80273	1.80273e+06	1	6
21.8114	0	1	1557	LastDelay	1.80599	1.80599e+06	1	6
21.8114	0	1	1557	FullDelay	1.80599	1.80599e+06	1	6
21.8215	0	1	1558	LastDelay	1.80922	1.80922e+06	1	6
21.8215	0	1	1558	FullDelay	1.80922	1.80922e+06	1	6
21.8328	0	1	1559	LastDelay	1.81375	1.81375e+06	1	6
21.8328	0	1	1559	FullDelay	1.81375	1.81375e+06	1	6
21.8563	0	1	1561	LastDelay	1.82356	1.82356e+06	1	6
21.8563	0	1	1561	FullDelay	1.82356	1.82356e+06	1	6
21.8689	0	1	1562	LastDelay	1.82932	1.82932e+06	1	6
21.8689	0	1	1562	FullDelay	1.82932	1.82932e+06	1	6
21.8814	0	1	1563	LastDelay	1.83501	1.83501e+06	1	6
21.8814	0	1	1563	FullDelay	1.83501	1.83501e+06	1	6
21.8947	0	1	1564	LastDelay	1.8415	1.8415e+06	1	6
21.8947	0	1	1564	FullDelay	1.8415	1.8415e+06	1	6
21.9038	0	1	1565	LastDelay	1.8438	1.8438e+06	1	6
21.9038	0	1	1565	FullDelay	1.8438	1.8438e+06	1	6
21.914	0	1	1566	LastDelay	1.84708	1.84708e+06	1	6
21.914	0	1	1566	FullDelay	1.84708	1.84708e+06	1	6
21.9248	0	1	1567	LastDelay	1.85105	1.85105e+06	1	6
21.9248	0	1	1567	FullDelay	1.85105	1.85105e+06	1	6
21.9368	0	1	1568	LastDelay	1.85623	1.85623e+06	1	6
21.9368	0	1	1568	FullDelay	1.85623	1.85623e+06	1	6
21.9506	0	1	1569	LastDelay	1.86319	1.86319e+06	1	6
21.9506	0	1	1569	FullDelay	1.86319	1.86319e+06	1	6
21.9601	0	1	1570	LastDelay	1.86587	1.86587e+06	1	6
21.9601	0	1	1570	FullDelay	1.86587	1.86587e+06	1	6
21.9691	0	1	1571	LastDelay	1.86811	1.86811e+06	1	6
21.9691	0	1	1571	FullDelay	1.86811	1.86811e+06	1	6
21.9805	0	1	1572	LastDelay	1.87262	1.87262e+06	1	6
21.9805	0	1	1572	FullDelay	1.87262	1.87262e+06	1	6
22.0012	0	1	1573	LastDelay	1.88652	1.88652e+06	1	6
22.0012	0	1	1573	FullDelay	1.88652	1.88652e+06	1	6
22.0256	0	1	1575	LastDelay	1.89731	1.89731e+06	1	6
22.0256	0	1	1575	FullDelay	1.89731	1.89731e+06	1	6
22.0357	0	1	1576	LastDelay	1.90051	1.90051e+06	1	6
22.0357	0	1	1576	FullDelay	1.90051	1.90051e+06	1	6
22.0467	0	1	1577	LastDelay	1.90472	1.90472e+06	1	6
22.0467	0	1	1577	FullDelay	1.90472	1.90472e+06	1	6
22.0601	0	1	1578	LastDelay	1.91127	1.91127e+06	1	6
22.0601	0	1	1578	FullDelay	1.91127	1.91127e+06	1	6
22.0723	0	1	1579	LastDelay	1.91671	1.91671e+06	1	6
22.0723	0	1	1579	FullDelay	1.91671	1.91671e+06	1	6
22.0863	0	1	1580	LastDelay	1.92387	1.92387e+06	1	6
22.0863	0	1	1580	FullDelay	1.92387	1.92387e+06	1	6
22.0978	0	1	1581	LastDelay	1.92856	1.92856e+06	1	6
22.0978	0	1	1581	FullDelay	1.92856	1.92856e+06	1	6
22.1094	0	1	1582	LastDelay	1.9333	1.9333e+06	1	6
22.1094	0	1	1582	FullDelay	1.9333	1.9333e+06	1	6
22.1291	0	1	1583	LastDelay	1.94617	1.94617e+06	1	6
22.1291	0	1	1583	FullDelay	1.94617	1.94617e+06	1	6
22.141	0	1	1584	LastDelay	1.95127	1.95127e+06	1	6
22.141	0	1	1584	FullDelay	1.95127	1.95127e+06	1	6
22.1511	0	1	1585	LastDelay	1.95454	1.95454e+06	1	6
22.1511	0	1	1585	FullDelay	1.95454	1.95454e+06	1	6
22.1619	0	1	1586	LastDelay	1.95854	1.95854e+06	1	6
22.1619	0	1	1586	FullDelay	1.95854	1.95854e+06	1	6
22.1822	0	1	1587	LastDelay	1.97194	1.97194e+06	1	6
22.1822	0	1	1587	FullDelay	1.97194	1.97194e+06	1	6
22.1916	0	1	1588	LastDelay	1.9745	1.9745e+06	1	6
22.1916	0	1	1588	FullDelay	1.9745	1.9745e+06	1	6
22.2108	0	1	1590	LastDelay	1.98006	1.98006e+06	1	6
22.2108	0	1	1590	FullDelay	1.98006	1.98006e+06	1	6
22.2211	0	1	1591	LastDelay	1.98353	1.98353e+06	1	6
22.2211	0	1	1591	FullDelay	1.98353	1.98353e+06	1	6
22.2313	0	1	1592	LastDelay	1.98689	1.98689e+06	1	6
22.2313	0	1	1592	FullDelay	1.98689	1.98689e+06	1	6
22.2406	0	1	1593	LastDelay	1.98942	1.98942e+06	1	6
22.2406	0	1	1593	FullDelay	1.98942	1.98942e+06	1	6
22.2504	0	1	1594	LastDelay	1.99238	1.99238e+06	1	6
22.2504	0	1	1594	FullDelay	1.99238	1.99238e+06	1	6
22.2637	0	1	1595	LastDelay	1.99882	1.99882e+06	1	6
22.2637	0	1	1595	FullDelay	1.99882	1.99882e+06	1	6
