Time	Node	AppId	SeqNo	Type	DelayS	DelayUS	RetxCount	HopCount
1.02468	0	1	0	LastDelay	0.0246835	24683.5	1	4
1.02468	0	1	0	FullDelay	0.0246835	24683.5	1	4
1.04282	0	1	1	LastDelay	0.0359884	35988.4	1	4
1.04282	0	1	1	FullDelay	0.0359884	35988.4	1	4
1.06408	0	1	2	LastDelay	0.0504248	50424.8	1	4
1.06408	0	1	2	FullDelay	0.0504248	50424.8	1	4
1.09492	0	1	4	LastDelay	0.0676119	67611.9	1	4
1.09492	0	1	4	FullDelay	0.0676119	67611.9	1	4
1.11373	0	1	5	LastDelay	0.0795994	79599.4	1	4
1.11373	0	1	5	FullDelay	0.0795994	79599.4	1	4
1.14148	0	1	7	LastDelay	0.0936935	93693.5	1	4
1.14148	0	1	7	FullDelay	0.0936935	93693.5	1	4
1.15568	0	1	8	LastDelay	0.101068	101068	1	4
1.15568	0	1	8	FullDelay	0.101068	101068	1	4
1.19077	0	1	10	LastDelay	0.122507	122507	1	4
1.19077	0	1	10	FullDelay	0.122507	122507	1	4
1.20591	0	1	11	LastDelay	0.130816	130816	1	4
1.20591	0	1	11	FullDelay	0.130816	130816	1	4
1.22068	0	1	12	LastDelay	0.138764	138764	1	4
1.22068	0	1	12	FullDelay	0.138764	138764	1	4
1.23812	0	1	13	LastDelay	0.14937	149370	1	4
1.23812	0	1	13	FullDelay	0.14937	149370	1	4
1.26162	0	1	14	LastDelay	0.166044	166044	1	4
1.26162	0	1	14	FullDelay	0.166044	166044	1	4
1.27824	0	1	15	LastDelay	0.175845	175845	1	4
1.27824	0	1	15	FullDelay	0.175845	175845	1	4
1.30871	0	1	17	LastDelay	0.192655	192655	1	4
1.30871	0	1	17	FullDelay	0.192655	192655	1	4
1.31779	0	1	18	LastDelay	0.194906	194906	1	4
1.31779	0	1	18	FullDelay	0.194906	194906	1	4
1.33734	0	1	19	LastDelay	0.207634	207634	1	4
1.33734	0	1	19	FullDelay	0.207634	207634	1	4
1.36548	0	1	20	LastDelay	0.228944	228944	1	4
1.36548	0	1	20	FullDelay	0.228944	228944	1	4
1.37481	0	1	21	LastDelay	0.231452	231452	1	4
1.37481	0	1	21	FullDelay	0.231452	231452	1	4
1.39221	0	1	22	LastDelay	0.242023	242023	1	4
1.39221	0	1	22	FullDelay	0.242023	242023	1	4
1.41552	0	1	23	LastDelay	0.258502	258502	1	4
1.41552	0	1	23	FullDelay	0.258502	258502	1	4
1.42972	0	1	24	LastDelay	0.265878	265878	1	4
1.42972	0	1	24	FullDelay	0.265878	265878	1	4
1.44133	0	1	25	LastDelay	0.270666	270666	1	4
1.44133	0	1	25	FullDelay	0.270666	270666	1	4
1.46919	0	1	26	LastDelay	0.291694	291694	1	4
1.46919	0	1	26	FullDelay	0.291694	291694	1	4
1.49126	0	1	27	LastDelay	0.306938	306938	1	4
1.49126	0	1	27	FullDelay	0.306938	306938	1	4
1.50444	0	1	28	LastDelay	0.313297	313297	1	4
1.50444	0	1	28	FullDelay	0.313297	313297	1	4
1.53091	0	1	29	LastDelay	0.332942	332942	1	4
1.53091	0	1	29	FullDelay	0.332942	332942	1	4
1.54647	0	1	30	LastDelay	0.341668	341668	1	4
1.54647	0	1	30	FullDelay	0.341668	341668	1	4
1.55732	0	1	31	LastDelay	0.345696	345696	1	4
1.55732	0	1	31	FullDelay	0.345696	345696	1	4
1.59351	0	1	33	LastDelay	0.368229	368229	1	4
1.59351	0	1	33	FullDelay	0.368229	368229	1	4
1.60257	0	1	34	LastDelay	0.37046	370460	1	4
1.60257	0	1	34	FullDelay	0.37046	370460	1	4
1.62041	0	1	35	LastDelay	0.381475	381475	1	4
1.62041	0	1	35	FullDelay	0.381475	381475	1	4
1.63874	0	1	36	LastDelay	0.392984	392984	1	4
1.63874	0	1	36	FullDelay	0.392984	392984	1	4
1.67422	0	1	38	LastDelay	0.414809	414809	1	4
1.67422	0	1	38	FullDelay	0.414809	414809	1	4
1.7097	0	1	40	LastDelay	0.436629	436629	1	4
1.7097	0	1	40	FullDelay	0.436629	436629	1	4
1.7234	0	1	41	LastDelay	0.443509	443509	1	4
1.7234	0	1	41	FullDelay	0.443509	443509	1	4
1.7325	0	1	42	LastDelay	0.44578	445780	1	4
1.7325	0	1	42	FullDelay	0.44578	445780	1	4
1.74753	0	1	43	LastDelay	0.453981	453981	1	4
1.74753	0	1	43	FullDelay	0.453981	453981	1	4
1.77944	0	1	44	LastDelay	0.479063	479063	1	4
1.77944	0	1	44	FullDelay	0.479063	479063	1	4
1.78855	0	1	45	LastDelay	0.481355	481355	1	4
1.78855	0	1	45	FullDelay	0.481355	481355	1	4
1.80105	0	1	46	LastDelay	0.48702	487020	1	4
1.80105	0	1	46	FullDelay	0.48702	487020	1	4
1.82395	0	1	47	LastDelay	0.503097	503097	1	4
1.82395	0	1	47	FullDelay	0.503097	503097	1	4
1.83874	0	1	48	LastDelay	0.511056	511056	1	4
1.83874	0	1	48	FullDelay	0.511056	511056	1	4
1.8711	0	1	51	LastDelay	0.522939	522939	1	4
1.8711	0	1	51	FullDelay	0.522939	522939	1	4
1.89829	0	1	52	LastDelay	0.543303	543303	1	4
1.89829	0	1	52	FullDelay	0.543303	543303	1	4
1.9085	0	1	53	LastDelay	0.546691	546691	1	4
1.9085	0	1	53	FullDelay	0.546691	546691	1	4
1.94412	0	1	55	LastDelay	0.568648	568648	1	4
1.94412	0	1	55	FullDelay	0.568648	568648	1	4
1.97509	0	1	57	LastDelay	0.58597	585970	1	4
1.97509	0	1	57	FullDelay	0.58597	585970	1	4
1.99034	0	1	58	LastDelay	0.594391	594391	1	4
1.99034	0	1	58	FullDelay	0.594391	594391	1	4
2.00295	0	1	59	LastDelay	0.600178	600178	1	4
2.00295	0	1	59	FullDelay	0.600178	600178	1	4
2.02249	0	1	60	LastDelay	0.612891	612891	1	4
2.02249	0	1	60	FullDelay	0.612891	612891	1	4
2.03446	0	1	61	LastDelay	0.618038	618038	1	4
2.03446	0	1	61	FullDelay	0.618038	618038	1	4
2.04782	0	1	62	LastDelay	0.624562	624562	1	4
2.04782	0	1	62	FullDelay	0.624562	624562	1	4
2.06908	0	1	63	LastDelay	0.638999	638999	1	4
2.06908	0	1	63	FullDelay	0.638999	638999	1	4
2.08135	0	1	64	LastDelay	0.644448	644448	1	4
2.08135	0	1	64	FullDelay	0.644448	644448	1	4
2.11133	0	1	65	LastDelay	0.667601	667601	1	4
2.11133	0	1	65	FullDelay	0.667601	667601	1	4
2.12937	0	1	66	LastDelay	0.678812	678812	1	4
2.12937	0	1	66	FullDelay	0.678812	678812	1	4
2.14371	0	1	67	LastDelay	0.686319	686319	1	4
2.14371	0	1	67	FullDelay	0.686319	686319	1	4
2.15647	0	1	68	LastDelay	0.692259	692259	1	4
2.15647	0	1	68	FullDelay	0.692259	692259	1	4
2.21807	0	1	70	LastDelay	0.740202	740202	1	4
2.21807	0	1	70	FullDelay	0.740202	740202	1	4
2.22713	0	1	71	LastDelay	0.742433	742433	1	4
2.22713	0	1	71	FullDelay	0.742433	742433	1	4
2.26579	0	1	73	LastDelay	0.767444	767444	1	4
2.26579	0	1	73	FullDelay	0.767444	767444	1	4
2.29499	0	1	74	LastDelay	0.789818	789818	1	4
2.29499	0	1	74	FullDelay	0.789818	789818	1	4
2.30669	0	1	75	LastDelay	0.794691	794691	1	4
2.30669	0	1	75	FullDelay	0.794691	794691	1	4
2.31933	0	1	76	LastDelay	0.800503	800503	1	4
2.31933	0	1	76	FullDelay	0.800503	800503	1	4
2.35766	0	1	78	LastDelay	0.825184	825184	1	4
2.35766	0	1	78	FullDelay	0.825184	825184	1	4
2.36879	0	1	79	LastDelay	0.829486	829486	1	4
2.36879	0	1	79	FullDelay	0.829486	829486	1	4
2.3825	0	1	80	LastDelay	0.836363	836363	1	4
2.3825	0	1	80	FullDelay	0.836363	836363	1	4
2.45818	0	1	83	LastDelay	0.891563	891563	1	4
2.45818	0	1	83	FullDelay	0.891563	891563	1	4
2.47587	0	1	84	LastDelay	0.90243	902430	1	4
2.47587	0	1	84	FullDelay	0.90243	902430	1	4
2.49191	0	1	85	LastDelay	0.911648	911648	1	4
2.49191	0	1	85	FullDelay	0.911648	911648	1	4
2.55321	0	1	88	LastDelay	0.952462	952462	1	4
2.55321	0	1	88	FullDelay	0.952462	952462	1	4
2.56679	0	1	89	LastDelay	0.959222	959222	1	4
2.56679	0	1	89	FullDelay	0.959222	959222	1	4
2.58386	0	1	90	LastDelay	0.969463	969463	1	4
2.58386	0	1	90	FullDelay	0.969463	969463	1	4
2.63011	0	1	92	LastDelay	1.00205	1.00205e+06	1	4
2.63011	0	1	92	FullDelay	1.00205	1.00205e+06	1	4
2.67589	0	1	94	LastDelay	1.03418	1.03418e+06	1	4
2.67589	0	1	94	FullDelay	1.03418	1.03418e+06	1	4
2.68495	0	1	95	LastDelay	1.03641	1.03641e+06	1	4
2.68495	0	1	95	FullDelay	1.03641	1.03641e+06	1	4
2.69688	0	1	96	LastDelay	1.04152	1.04152e+06	1	4
2.69688	0	1	96	FullDelay	1.04152	1.04152e+06	1	4
2.71129	0	1	97	LastDelay	1.04911	1.04911e+06	1	4
2.71129	0	1	97	FullDelay	1.04911	1.04911e+06	1	4
2.73179	0	1	98	LastDelay	1.06278	1.06278e+06	1	4
2.73179	0	1	98	FullDelay	1.06278	1.06278e+06	1	4
2.74434	0	1	99	LastDelay	1.0685	1.0685e+06	1	4
2.74434	0	1	99	FullDelay	1.0685	1.0685e+06	1	4
2.75342	0	1	100	LastDelay	1.07076	1.07076e+06	1	4
2.75342	0	1	100	FullDelay	1.07076	1.07076e+06	1	4
2.79487	0	1	102	LastDelay	1.09855	1.09855e+06	1	4
2.79487	0	1	102	FullDelay	1.09855	1.09855e+06	1	4
2.80936	0	1	103	LastDelay	1.10621	1.10621e+06	1	4
2.80936	0	1	103	FullDelay	1.10621	1.10621e+06	1	4
2.82196	0	1	104	LastDelay	1.11199	1.11199e+06	1	4
2.82196	0	1	104	FullDelay	1.11199	1.11199e+06	1	4
2.83402	0	1	105	LastDelay	1.11722	1.11722e+06	1	4
2.83402	0	1	105	FullDelay	1.11722	1.11722e+06	1	4
2.8862	0	1	106	LastDelay	1.16257	1.16257e+06	1	4
2.8862	0	1	106	FullDelay	1.16257	1.16257e+06	1	4
2.89887	0	1	107	LastDelay	1.16841	1.16841e+06	1	4
2.89887	0	1	107	FullDelay	1.16841	1.16841e+06	1	4
2.91064	0	1	108	LastDelay	1.17336	1.17336e+06	1	4
2.91064	0	1	108	FullDelay	1.17336	1.17336e+06	1	4
2.96813	0	1	110	LastDelay	1.2172	1.2172e+06	1	4
2.96813	0	1	110	FullDelay	1.2172	1.2172e+06	1	4
2.9825	0	1	111	LastDelay	1.22474	1.22474e+06	1	4
2.9825	0	1	111	FullDelay	1.22474	1.22474e+06	1	4
3.02701	0	1	113	LastDelay	1.25559	1.25559e+06	1	4
3.02701	0	1	113	FullDelay	1.25559	1.25559e+06	1	4
3.05307	0	1	114	LastDelay	1.27483	1.27483e+06	1	4
3.05307	0	1	114	FullDelay	1.27483	1.27483e+06	1	4
3.0658	0	1	115	LastDelay	1.28073	1.28073e+06	1	4
3.0658	0	1	115	FullDelay	1.28073	1.28073e+06	1	4
3.07989	0	1	116	LastDelay	1.28799	1.28799e+06	1	4
3.07989	0	1	116	FullDelay	1.28799	1.28799e+06	1	4
3.09705	0	1	117	LastDelay	1.29833	1.29833e+06	1	4
3.09705	0	1	117	FullDelay	1.29833	1.29833e+06	1	4
3.1173	0	1	118	LastDelay	1.31176	1.31176e+06	1	4
3.1173	0	1	118	FullDelay	1.31176	1.31176e+06	1	4
3.12744	0	1	119	LastDelay	1.31507	1.31507e+06	1	4
3.12744	0	1	119	FullDelay	1.31507	1.31507e+06	1	4
3.14412	0	1	120	LastDelay	1.32492	1.32492e+06	1	4
3.14412	0	1	120	FullDelay	1.32492	1.32492e+06	1	4
3.1565	0	1	121	LastDelay	1.33048	1.33048e+06	1	4
3.1565	0	1	121	FullDelay	1.33048	1.33048e+06	1	4
3.18368	0	1	3	LastDelay	1.33034	1.33034e+06	1	2
3.18368	0	1	3	FullDelay	2.1632	2.1632e+06	2	2
3.20438	0	1	6	LastDelay	1.34422	1.34422e+06	1	2
3.20438	0	1	6	FullDelay	2.16342	2.16342e+06	2	2
3.21694	0	1	122	LastDelay	1.38409	1.38409e+06	1	4
3.21694	0	1	122	FullDelay	1.38409	1.38409e+06	1	4
3.22691	0	1	123	LastDelay	1.38723	1.38723e+06	1	4
3.22691	0	1	123	FullDelay	1.38723	1.38723e+06	1	4
3.24402	0	1	124	LastDelay	1.39751	1.39751e+06	1	4
3.24402	0	1	124	FullDelay	1.39751	1.39751e+06	1	4
3.28901	0	1	126	LastDelay	1.4152	1.4152e+06	1	4
3.28901	0	1	126	FullDelay	1.4152	1.4152e+06	1	4
3.3074	0	1	127	LastDelay	1.42676	1.42676e+06	1	4
3.3074	0	1	127	FullDelay	1.42676	1.42676e+06	1	4
3.3165	0	1	128	LastDelay	1.42903	1.42903e+06	1	4
3.3165	0	1	128	FullDelay	1.42903	1.42903e+06	1	4
3.35923	0	1	129	LastDelay	1.46494	1.46494e+06	1	4
3.35923	0	1	129	FullDelay	1.46494	1.46494e+06	1	4
3.37187	0	1	130	LastDelay	1.46392	1.46392e+06	1	4
3.37187	0	1	130	FullDelay	1.46392	1.46392e+06	1	4
3.38253	0	1	131	LastDelay	1.46776	1.46776e+06	1	4
3.38253	0	1	131	FullDelay	1.46776	1.46776e+06	1	4
3.3925	0	1	132	LastDelay	1.4709	1.4709e+06	1	4
3.3925	0	1	132	FullDelay	1.4709	1.4709e+06	1	4
3.42036	0	1	134	LastDelay	1.4851	1.4851e+06	1	4
3.42036	0	1	134	FullDelay	1.4851	1.4851e+06	1	4
3.44089	0	1	135	LastDelay	1.49881	1.49881e+06	1	4
3.44089	0	1	135	FullDelay	1.49881	1.49881e+06	1	4
3.45807	0	1	136	LastDelay	1.50916	1.50916e+06	1	4
3.45807	0	1	136	FullDelay	1.50916	1.50916e+06	1	4
3.46808	0	1	137	LastDelay	1.51234	1.51234e+06	1	4
3.46808	0	1	137	FullDelay	1.51234	1.51234e+06	1	4
3.49716	0	1	138	LastDelay	1.5346	1.5346e+06	1	4
3.49716	0	1	138	FullDelay	1.5346	1.5346e+06	1	4
3.51345	0	1	139	LastDelay	1.54407	1.54407e+06	1	4
3.51345	0	1	139	FullDelay	1.54407	1.54407e+06	1	4
3.5351	0	1	140	LastDelay	1.55888	1.55888e+06	1	4
3.5351	0	1	140	FullDelay	1.55888	1.55888e+06	1	4
3.55977	0	1	142	LastDelay	1.56991	1.56991e+06	1	4
3.55977	0	1	142	FullDelay	1.56991	1.56991e+06	1	4
3.57161	0	1	143	LastDelay	1.57492	1.57492e+06	1	4
3.57161	0	1	143	FullDelay	1.57492	1.57492e+06	1	4
3.59656	0	1	144	LastDelay	1.59304	1.59304e+06	1	4
3.59656	0	1	144	FullDelay	1.59304	1.59304e+06	1	4
3.60757	0	1	145	LastDelay	1.59722	1.59722e+06	1	4
3.60757	0	1	145	FullDelay	1.59722	1.59722e+06	1	4
3.62289	0	1	146	LastDelay	1.60572	1.60572e+06	1	4
3.62289	0	1	146	FullDelay	1.60572	1.60572e+06	1	4
3.64354	0	1	147	LastDelay	1.61954	1.61954e+06	1	4
3.64354	0	1	147	FullDelay	1.61954	1.61954e+06	1	4
3.65458	0	1	148	LastDelay	1.62375	1.62375e+06	1	4
3.65458	0	1	148	FullDelay	1.62375	1.62375e+06	1	4
3.66622	0	1	149	LastDelay	1.62857	1.62857e+06	1	4
3.66622	0	1	149	FullDelay	1.62857	1.62857e+06	1	4
3.68301	0	1	16	LastDelay	1.63171	1.63171e+06	1	2
3.68301	0	1	16	FullDelay	2.57379	2.57379e+06	2	2
3.69644	0	1	150	LastDelay	1.65196	1.65196e+06	1	4
3.69644	0	1	150	FullDelay	1.65196	1.65196e+06	1	4
3.72579	0	1	151	LastDelay	1.66766	1.66766e+06	1	4
3.72579	0	1	151	FullDelay	1.66766	1.66766e+06	1	4
3.74828	0	1	153	LastDelay	1.6765	1.6765e+06	1	4
3.74828	0	1	153	FullDelay	1.6765	1.6765e+06	1	4
3.7662	0	1	154	LastDelay	1.68759	1.68759e+06	1	4
3.7662	0	1	154	FullDelay	1.68759	1.68759e+06	1	4
3.7946	0	1	155	LastDelay	1.70916	1.70916e+06	1	4
3.7946	0	1	155	FullDelay	1.70916	1.70916e+06	1	4
3.81964	0	1	157	LastDelay	1.72055	1.72055e+06	1	4
3.81964	0	1	157	FullDelay	1.72055	1.72055e+06	1	4
3.84493	0	1	159	LastDelay	1.73218	1.73218e+06	1	4
3.84493	0	1	159	FullDelay	1.73218	1.73218e+06	1	4
3.87016	0	1	160	LastDelay	1.75059	1.75059e+06	1	4
3.87016	0	1	160	FullDelay	1.75059	1.75059e+06	1	4
3.88375	0	1	161	LastDelay	1.75735	1.75735e+06	1	4
3.88375	0	1	161	FullDelay	1.75735	1.75735e+06	1	4
3.89355	0	1	162	LastDelay	1.76033	1.76033e+06	1	4
3.89355	0	1	162	FullDelay	1.76033	1.76033e+06	1	4
3.90352	0	1	163	LastDelay	1.76346	1.76346e+06	1	4
3.90352	0	1	163	FullDelay	1.76346	1.76346e+06	1	4
3.92313	0	1	164	LastDelay	1.77625	1.77625e+06	1	4
3.92313	0	1	164	FullDelay	1.77625	1.77625e+06	1	4
3.93914	0	1	165	LastDelay	1.78543	1.78543e+06	1	4
3.93914	0	1	165	FullDelay	1.78543	1.78543e+06	1	4
3.95951	0	1	166	LastDelay	1.79898	1.79898e+06	1	4
3.95951	0	1	166	FullDelay	1.79898	1.79898e+06	1	4
3.99132	0	1	167	LastDelay	1.82396	1.82396e+06	1	4
3.99132	0	1	167	FullDelay	1.82396	1.82396e+06	1	4
4.00622	0	1	168	LastDelay	1.83203	1.83203e+06	1	4
4.00622	0	1	168	FullDelay	1.83203	1.83203e+06	1	4
4.02323	0	1	169	LastDelay	1.84221	1.84221e+06	1	4
4.02323	0	1	169	FullDelay	1.84221	1.84221e+06	1	4
4.03335	0	1	170	LastDelay	1.84551	1.84551e+06	1	4
4.03335	0	1	170	FullDelay	1.84551	1.84551e+06	1	4
4.05752	0	1	32	LastDelay	1.85603	1.85603e+06	1	2
4.05752	0	1	32	FullDelay	2.83907	2.83907e+06	2	2
4.07364	0	1	171	LastDelay	1.87897	1.87897e+06	1	4
4.07364	0	1	171	FullDelay	1.87897	1.87897e+06	1	4
4.08794	0	1	172	LastDelay	1.87962	1.87962e+06	1	4
4.08794	0	1	172	FullDelay	1.87962	1.87962e+06	1	4
4.18314	0	1	174	LastDelay	1.96117	1.96117e+06	1	4
4.18314	0	1	174	FullDelay	1.96117	1.96117e+06	1	4
4.20753	0	1	176	LastDelay	1.9719	1.9719e+06	1	4
4.20753	0	1	176	FullDelay	1.9719	1.9719e+06	1	4
4.2197	0	1	177	LastDelay	1.97724	1.97724e+06	1	4
4.2197	0	1	177	FullDelay	1.97724	1.97724e+06	1	4
4.24219	0	1	179	LastDelay	1.98608	1.98608e+06	1	4
4.24219	0	1	179	FullDelay	1.98608	1.98608e+06	1	4
4.27828	0	1	180	LastDelay	2.01534	2.01534e+06	1	4
4.27828	0	1	180	FullDelay	2.01534	2.01534e+06	1	4
4.31269	0	1	182	LastDelay	2.0361	2.0361e+06	1	4
4.31269	0	1	182	FullDelay	2.0361	2.0361e+06	1	4
4.32842	0	1	183	LastDelay	2.045	2.045e+06	1	4
4.32842	0	1	183	FullDelay	2.045	2.045e+06	1	4
4.36474	0	1	185	LastDelay	2.06767	2.06767e+06	1	4
4.36474	0	1	185	FullDelay	2.06767	2.06767e+06	1	4
4.37861	0	1	186	LastDelay	2.07472	2.07472e+06	1	4
4.37861	0	1	186	FullDelay	2.07472	2.07472e+06	1	4
4.40591	0	1	188	LastDelay	2.08836	2.08836e+06	1	4
4.40591	0	1	188	FullDelay	2.08836	2.08836e+06	1	4
4.42071	0	1	189	LastDelay	2.09633	2.09633e+06	1	4
4.42071	0	1	189	FullDelay	2.09633	2.09633e+06	1	4
4.4508	0	1	191	LastDelay	2.11277	2.11277e+06	1	4
4.4508	0	1	191	FullDelay	2.11277	2.11277e+06	1	4
4.46565	0	1	192	LastDelay	2.12079	2.12079e+06	1	4
4.46565	0	1	192	FullDelay	2.12079	2.12079e+06	1	4
4.47725	0	1	193	LastDelay	2.12557	2.12557e+06	1	4
4.47725	0	1	193	FullDelay	2.12557	2.12557e+06	1	4
4.51372	0	1	195	LastDelay	2.14838	2.14838e+06	1	4
4.51372	0	1	195	FullDelay	2.14838	2.14838e+06	1	4
4.52721	0	1	196	LastDelay	2.15505	2.15505e+06	1	4
4.52721	0	1	196	FullDelay	2.15505	2.15505e+06	1	4
4.54724	0	1	198	LastDelay	2.16142	2.16142e+06	1	4
4.54724	0	1	198	FullDelay	2.16142	2.16142e+06	1	4
4.59133	0	1	200	LastDelay	2.19187	2.19187e+06	1	4
4.59133	0	1	200	FullDelay	2.19187	2.19187e+06	1	4
4.60113	0	1	201	LastDelay	2.19484	2.19484e+06	1	4
4.60113	0	1	201	FullDelay	2.19484	2.19484e+06	1	4
4.63898	0	1	203	LastDelay	2.21903	2.21903e+06	1	4
4.63898	0	1	203	FullDelay	2.21903	2.21903e+06	1	4
4.67622	0	1	205	LastDelay	2.24262	2.24262e+06	1	4
4.67622	0	1	205	FullDelay	2.24262	2.24262e+06	1	4
4.70243	0	1	206	LastDelay	2.26201	2.26201e+06	1	4
4.70243	0	1	206	FullDelay	2.26201	2.26201e+06	1	4
4.71734	0	1	207	LastDelay	2.27009	2.27009e+06	1	4
4.71734	0	1	207	FullDelay	2.27009	2.27009e+06	1	4
4.77322	0	1	209	LastDelay	2.30549	2.30549e+06	1	4
4.77322	0	1	209	FullDelay	2.30549	2.30549e+06	1	4
4.79285	0	1	211	LastDelay	2.31147	2.31147e+06	1	4
4.79285	0	1	211	FullDelay	2.31147	2.31147e+06	1	4
5.0099	0	1	213	LastDelay	2.51486	2.51486e+06	1	4
5.0099	0	1	213	FullDelay	2.51486	2.51486e+06	1	4
5.03632	0	1	215	LastDelay	2.52762	2.52762e+06	1	4
5.03632	0	1	215	FullDelay	2.52762	2.52762e+06	1	4
5.05247	0	1	216	LastDelay	2.53695	2.53695e+06	1	4
5.05247	0	1	216	FullDelay	2.53695	2.53695e+06	1	4
5.0938	0	1	217	LastDelay	2.57145	2.57145e+06	1	4
5.0938	0	1	217	FullDelay	2.57145	2.57145e+06	1	4
5.10307	0	1	218	LastDelay	2.5739	2.5739e+06	1	4
5.10307	0	1	218	FullDelay	2.5739	2.5739e+06	1	4
5.12917	0	1	219	LastDelay	2.59317	2.59317e+06	1	4
5.12917	0	1	219	FullDelay	2.59317	2.59317e+06	1	4
5.15896	0	1	221	LastDelay	2.6093	2.6093e+06	1	4
5.15896	0	1	221	FullDelay	2.6093	2.6093e+06	1	4
5.17605	0	1	222	LastDelay	2.61957	2.61957e+06	1	4
5.17605	0	1	222	FullDelay	2.61957	2.61957e+06	1	4
5.18768	0	1	223	LastDelay	2.62438	2.62438e+06	1	4
5.18768	0	1	223	FullDelay	2.62438	2.62438e+06	1	4
5.20123	0	1	224	LastDelay	2.6311	2.6311e+06	1	4
5.20123	0	1	224	FullDelay	2.6311	2.6311e+06	1	4
5.22466	0	1	225	LastDelay	2.6477	2.6477e+06	1	4
5.22466	0	1	225	FullDelay	2.6477	2.6477e+06	1	4
5.23559	0	1	226	LastDelay	2.6518	2.6518e+06	1	4
5.23559	0	1	226	FullDelay	2.6518	2.6518e+06	1	4
5.24551	0	1	227	LastDelay	2.6549	2.6549e+06	1	4
5.24551	0	1	227	FullDelay	2.6549	2.6549e+06	1	4
5.25635	0	1	228	LastDelay	2.65891	2.65891e+06	1	4
5.25635	0	1	228	FullDelay	2.65891	2.65891e+06	1	4
5.27521	0	1	229	LastDelay	2.67094	2.67094e+06	1	4
5.27521	0	1	229	FullDelay	2.67094	2.67094e+06	1	4
5.30089	0	1	230	LastDelay	2.68979	2.68979e+06	1	4
5.30089	0	1	230	FullDelay	2.68979	2.68979e+06	1	4
5.34811	0	1	233	LastDelay	2.71654	2.71654e+06	1	4
5.34811	0	1	233	FullDelay	2.71654	2.71654e+06	1	4
5.38668	0	1	235	LastDelay	2.74145	2.74145e+06	1	4
5.38668	0	1	235	FullDelay	2.74145	2.74145e+06	1	4
5.40704	0	1	236	LastDelay	2.75499	2.75499e+06	1	4
5.40704	0	1	236	FullDelay	2.75499	2.75499e+06	1	4
5.42386	0	1	237	LastDelay	2.76498	2.76498e+06	1	4
5.42386	0	1	237	FullDelay	2.76498	2.76498e+06	1	4
5.43728	0	1	238	LastDelay	2.77157	2.77157e+06	1	4
5.43728	0	1	238	FullDelay	2.77157	2.77157e+06	1	4
5.4851	0	1	242	LastDelay	2.79209	2.79209e+06	1	4
5.4851	0	1	242	FullDelay	2.79209	2.79209e+06	1	4
5.51809	0	1	244	LastDelay	2.81143	2.81143e+06	1	4
5.51809	0	1	244	FullDelay	2.81143	2.81143e+06	1	4
5.53707	0	1	245	LastDelay	2.82358	2.82358e+06	1	4
5.53707	0	1	245	FullDelay	2.82358	2.82358e+06	1	4
5.55505	0	1	246	LastDelay	2.83473	2.83473e+06	1	4
5.55505	0	1	246	FullDelay	2.83473	2.83473e+06	1	4
5.57759	0	1	247	LastDelay	2.85044	2.85044e+06	1	4
5.57759	0	1	247	FullDelay	2.85044	2.85044e+06	1	4
5.59373	0	1	248	LastDelay	2.85976	2.85976e+06	1	4
5.59373	0	1	248	FullDelay	2.85976	2.85976e+06	1	4
5.60363	0	1	249	LastDelay	2.86283	2.86283e+06	1	4
5.60363	0	1	249	FullDelay	2.86283	2.86283e+06	1	4
5.61624	0	1	250	LastDelay	2.86861	2.86861e+06	1	4
5.61624	0	1	250	FullDelay	2.86861	2.86861e+06	1	4
5.63775	0	1	252	LastDelay	2.86965	2.86965e+06	1	4
5.63775	0	1	252	FullDelay	2.86965	2.86965e+06	1	4
5.64792	0	1	253	LastDelay	2.87299	2.87299e+06	1	4
5.64792	0	1	253	FullDelay	2.87299	2.87299e+06	1	4
5.68168	0	1	254	LastDelay	2.89992	2.89992e+06	1	4
5.68168	0	1	254	FullDelay	2.89992	2.89992e+06	1	4
5.70073	0	1	255	LastDelay	2.91214	2.91214e+06	1	4
5.70073	0	1	255	FullDelay	2.91214	2.91214e+06	1	4
5.71159	0	1	256	LastDelay	2.91618	2.91618e+06	1	4
5.71159	0	1	256	FullDelay	2.91618	2.91618e+06	1	4
5.7282	0	1	257	LastDelay	2.92596	2.92596e+06	1	4
5.7282	0	1	257	FullDelay	2.92596	2.92596e+06	1	4
5.74823	0	1	259	LastDelay	2.93234	2.93234e+06	1	4
5.74823	0	1	259	FullDelay	2.93234	2.93234e+06	1	4
5.77416	0	1	261	LastDelay	2.94461	2.94461e+06	1	4
5.77416	0	1	261	FullDelay	2.94461	2.94461e+06	1	4
5.79731	0	1	262	LastDelay	2.96094	2.96094e+06	1	4
5.79731	0	1	262	FullDelay	2.96094	2.96094e+06	1	4
5.90774	0	1	264	LastDelay	3.03041	3.03041e+06	1	4
5.90774	0	1	264	FullDelay	3.03041	3.03041e+06	1	4
5.92058	0	1	265	LastDelay	3.03642	3.03642e+06	1	4
5.92058	0	1	265	FullDelay	3.03642	3.03642e+06	1	4
5.9714	0	1	268	LastDelay	3.06676	3.06676e+06	1	4
5.9714	0	1	268	FullDelay	3.06676	3.06676e+06	1	4
5.98052	0	1	269	LastDelay	3.06906	3.06906e+06	1	4
5.98052	0	1	269	FullDelay	3.06906	3.06906e+06	1	4
5.99507	0	1	270	LastDelay	3.07678	3.07678e+06	1	4
5.99507	0	1	270	FullDelay	3.07678	3.07678e+06	1	4
6.00787	0	1	271	LastDelay	3.08275	3.08275e+06	1	4
6.00787	0	1	271	FullDelay	3.08275	3.08275e+06	1	4
6.04838	0	1	273	LastDelay	3.10961	3.10961e+06	1	4
6.04838	0	1	273	FullDelay	3.10961	3.10961e+06	1	4
6.07204	0	1	274	LastDelay	3.12644	3.12644e+06	1	4
6.07204	0	1	274	FullDelay	3.12644	3.12644e+06	1	4
6.08448	0	1	275	LastDelay	3.13205	3.13205e+06	1	4
6.08448	0	1	275	FullDelay	3.13205	3.13205e+06	1	4
6.15069	0	1	282	LastDelay	3.15048	3.15048e+06	1	4
6.15069	0	1	282	FullDelay	3.15048	3.15048e+06	1	4
6.24861	0	1	291	LastDelay	3.18695	3.18695e+06	1	4
6.24861	0	1	291	FullDelay	3.18695	3.18695e+06	1	4
6.26228	0	1	292	LastDelay	3.1938	3.1938e+06	1	4
6.26228	0	1	292	FullDelay	3.1938	3.1938e+06	1	4
6.28881	0	1	296	LastDelay	3.19302	3.19302e+06	1	4
6.28881	0	1	296	FullDelay	3.19302	3.19302e+06	1	4
6.32383	0	1	298	LastDelay	3.21439	3.21439e+06	1	4
6.32383	0	1	298	FullDelay	3.21439	3.21439e+06	1	4
6.37051	0	1	307	LastDelay	3.19963	3.19963e+06	1	4
6.37051	0	1	307	FullDelay	3.19963	3.19963e+06	1	4
6.38308	0	1	309	LastDelay	3.19855	3.19855e+06	1	4
6.38308	0	1	309	FullDelay	3.19855	3.19855e+06	1	4
6.40016	0	1	310	LastDelay	3.2088	3.2088e+06	1	4
6.40016	0	1	310	FullDelay	3.2088	3.2088e+06	1	4
6.4192	0	1	311	LastDelay	3.22101	3.22101e+06	1	4
6.4192	0	1	311	FullDelay	3.22101	3.22101e+06	1	4
6.44068	0	1	312	LastDelay	3.22202	3.22202e+06	1	4
6.44068	0	1	312	FullDelay	3.22202	3.22202e+06	1	4
6.45874	0	1	314	LastDelay	3.22642	3.22642e+06	1	4
6.45874	0	1	314	FullDelay	3.22642	3.22642e+06	1	4
6.49035	0	1	324	LastDelay	3.18976	3.18976e+06	1	4
6.49035	0	1	324	FullDelay	3.18976	3.18976e+06	1	4
6.50395	0	1	326	LastDelay	3.18971	3.18971e+06	1	4
6.50395	0	1	326	FullDelay	3.18971	3.18971e+06	1	4
6.52126	0	1	327	LastDelay	3.20019	3.20019e+06	1	4
6.52126	0	1	327	FullDelay	3.20019	3.20019e+06	1	4
6.53125	0	1	328	LastDelay	3.20335	3.20335e+06	1	4
6.53125	0	1	328	FullDelay	3.20335	3.20335e+06	1	4
6.59033	0	1	333	LastDelay	3.21465	3.21465e+06	1	4
6.59033	0	1	333	FullDelay	3.21465	3.21465e+06	1	4
6.6148	0	1	334	LastDelay	3.23229	3.23229e+06	1	4
6.6148	0	1	334	FullDelay	3.23229	3.23229e+06	1	4
6.66078	0	1	338	LastDelay	3.24414	3.24414e+06	1	4
6.66078	0	1	338	FullDelay	3.24414	3.24414e+06	1	4
6.67834	0	1	342	LastDelay	3.23439	3.23439e+06	1	4
6.67834	0	1	342	FullDelay	3.23439	3.23439e+06	1	4
6.69692	0	1	343	LastDelay	3.22567	3.22567e+06	1	4
6.69692	0	1	343	FullDelay	3.22567	3.22567e+06	1	4
6.72584	0	1	346	LastDelay	3.23411	3.23411e+06	1	4
6.72584	0	1	346	FullDelay	3.23411	3.23411e+06	1	4
6.73794	0	1	347	LastDelay	3.23938	3.23938e+06	1	4
6.73794	0	1	347	FullDelay	3.23938	3.23938e+06	1	4
6.76046	0	1	349	LastDelay	3.24142	3.24142e+06	1	4
6.76046	0	1	349	FullDelay	3.24142	3.24142e+06	1	4
6.79586	0	1	357	LastDelay	3.21538	3.21538e+06	1	4
6.79586	0	1	357	FullDelay	3.21538	3.21538e+06	1	4
6.83618	0	1	361	LastDelay	3.22839	3.22839e+06	1	4
6.83618	0	1	361	FullDelay	3.22839	3.22839e+06	1	4
6.84689	0	1	362	LastDelay	3.23228	3.23228e+06	1	4
6.84689	0	1	362	FullDelay	3.23228	3.23228e+06	1	4
6.85942	0	1	365	LastDelay	3.22433	3.22433e+06	1	4
6.85942	0	1	365	FullDelay	3.22433	3.22433e+06	1	4
6.87026	0	1	366	LastDelay	3.22834	3.22834e+06	1	4
6.87026	0	1	366	FullDelay	3.22834	3.22834e+06	1	4
6.88936	0	1	368	LastDelay	3.22696	3.22696e+06	1	4
6.88936	0	1	368	FullDelay	3.22696	3.22696e+06	1	4
6.90197	0	1	369	LastDelay	3.23275	3.23275e+06	1	4
6.90197	0	1	369	FullDelay	3.23275	3.23275e+06	1	4
6.91729	0	1	371	LastDelay	3.23441	3.23441e+06	1	4
6.91729	0	1	371	FullDelay	3.23441	3.23441e+06	1	4
7.95197	0	1	485	LastDelay	3.46355	3.46355e+06	1	4
7.95197	0	1	485	FullDelay	3.46355	3.46355e+06	1	4
7.96461	0	1	486	LastDelay	3.46935	3.46935e+06	1	4
7.96461	0	1	486	FullDelay	3.46935	3.46935e+06	1	4
7.98603	0	1	490	LastDelay	3.45665	3.45665e+06	1	4
7.98603	0	1	490	FullDelay	3.45665	3.45665e+06	1	4
8.03802	0	1	499	LastDelay	3.44719	3.44719e+06	1	4
8.03802	0	1	499	FullDelay	3.44719	3.44719e+06	1	4
8.08729	0	1	514	LastDelay	3.38041	3.38041e+06	1	4
8.08729	0	1	514	FullDelay	3.38041	3.38041e+06	1	4
8.1162	0	1	518	LastDelay	3.38202	3.38202e+06	1	4
8.1162	0	1	518	FullDelay	3.38202	3.38202e+06	1	4
8.15228	0	1	527	LastDelay	3.35665	3.35665e+06	1	4
8.15228	0	1	527	FullDelay	3.35665	3.35665e+06	1	4
8.21562	0	1	539	LastDelay	3.33125	3.33125e+06	1	4
8.21562	0	1	539	FullDelay	3.33125	3.33125e+06	1	4
8.23476	0	1	543	LastDelay	3.32308	3.32308e+06	1	4
8.23476	0	1	543	FullDelay	3.32308	3.32308e+06	1	4
8.2566	0	1	551	LastDelay	3.29031	3.29031e+06	1	4
8.2566	0	1	551	FullDelay	3.29031	3.29031e+06	1	4
8.27614	0	1	552	LastDelay	3.30302	3.30302e+06	1	4
8.27614	0	1	552	FullDelay	3.30302	3.30302e+06	1	4
8.36455	0	1	559	LastDelay	3.34364	3.34364e+06	1	4
8.36455	0	1	559	FullDelay	3.34364	3.34364e+06	1	4
8.3803	0	1	560	LastDelay	3.35256	3.35256e+06	1	4
8.3803	0	1	560	FullDelay	3.35256	3.35256e+06	1	4
8.41078	0	1	565	LastDelay	3.34891	3.34891e+06	1	4
8.41078	0	1	565	FullDelay	3.34891	3.34891e+06	1	4
8.4466	0	1	570	LastDelay	3.3506	3.3506e+06	1	4
8.4466	0	1	570	FullDelay	3.3506	3.3506e+06	1	4
8.45921	0	1	571	LastDelay	3.35638	3.35638e+06	1	4
8.45921	0	1	571	FullDelay	3.35638	3.35638e+06	1	4
8.49244	0	1	575	LastDelay	3.36231	3.36231e+06	1	4
8.49244	0	1	575	FullDelay	3.36231	3.36231e+06	1	4
8.60403	0	1	592	LastDelay	3.35784	3.35784e+06	1	4
8.60403	0	1	592	FullDelay	3.35784	3.35784e+06	1	4
8.61483	0	1	593	LastDelay	3.36182	3.36182e+06	1	4
8.61483	0	1	593	FullDelay	3.36182	3.36182e+06	1	4
8.65383	0	1	598	LastDelay	3.36668	3.36668e+06	1	4
8.65383	0	1	598	FullDelay	3.36668	3.36668e+06	1	4
8.72659	0	1	603	LastDelay	3.40531	3.40531e+06	1	4
8.72659	0	1	603	FullDelay	3.40531	3.40531e+06	1	4
8.76356	0	1	608	LastDelay	3.40815	3.40815e+06	1	4
8.76356	0	1	608	FullDelay	3.40815	3.40815e+06	1	4
8.78193	0	1	612	LastDelay	3.39921	3.39921e+06	1	4
8.78193	0	1	612	FullDelay	3.39921	3.39921e+06	1	4
8.8011	0	1	617	LastDelay	3.3706	3.3706e+06	1	4
8.8011	0	1	617	FullDelay	3.3706	3.3706e+06	1	4
8.8148	0	1	620	LastDelay	3.35699	3.35699e+06	1	4
8.8148	0	1	620	FullDelay	3.35699	3.35699e+06	1	4
8.8241	0	1	621	LastDelay	3.35946	3.35946e+06	1	4
8.8241	0	1	621	FullDelay	3.35946	3.35946e+06	1	4
8.85319	0	1	625	LastDelay	3.36125	3.36125e+06	1	4
8.85319	0	1	625	FullDelay	3.36125	3.36125e+06	1	4
8.8649	0	1	626	LastDelay	3.36613	3.36613e+06	1	4
8.8649	0	1	626	FullDelay	3.36613	3.36613e+06	1	4
8.88263	0	1	628	LastDelay	3.35655	3.35655e+06	1	4
8.88263	0	1	628	FullDelay	3.35655	3.35655e+06	1	4
8.91047	0	1	631	LastDelay	3.36391	3.36391e+06	1	4
8.91047	0	1	631	FullDelay	3.36391	3.36391e+06	1	4
8.96488	0	1	637	LastDelay	3.37054	3.37054e+06	1	4
8.96488	0	1	637	FullDelay	3.37054	3.37054e+06	1	4
9.00652	0	1	638	LastDelay	3.39852	3.39852e+06	1	4
9.00652	0	1	638	FullDelay	3.39852	3.39852e+06	1	4
9.02604	0	1	639	LastDelay	3.41122	3.41122e+06	1	4
9.02604	0	1	639	FullDelay	3.41122	3.41122e+06	1	4
9.04303	0	1	641	LastDelay	3.41455	3.41455e+06	1	4
9.04303	0	1	641	FullDelay	3.41455	3.41455e+06	1	4
9.14013	0	1	648	LastDelay	3.40243	3.40243e+06	1	4
9.14013	0	1	648	FullDelay	3.40243	3.40243e+06	1	4
9.15303	0	1	649	LastDelay	3.40849	3.40849e+06	1	4
9.15303	0	1	649	FullDelay	3.40849	3.40849e+06	1	4
9.19892	0	1	658	LastDelay	3.37929	3.37929e+06	1	4
9.19892	0	1	658	FullDelay	3.37929	3.37929e+06	1	4
9.21538	0	1	662	LastDelay	3.36845	3.36845e+06	1	4
9.21538	0	1	662	FullDelay	3.36845	3.36845e+06	1	4
9.2258	0	1	665	LastDelay	3.35839	3.35839e+06	1	4
9.2258	0	1	665	FullDelay	3.35839	3.35839e+06	1	4
9.24251	0	1	666	LastDelay	3.36827	3.36827e+06	1	4
9.24251	0	1	666	FullDelay	3.36827	3.36827e+06	1	4
9.27293	0	1	668	LastDelay	3.38504	3.38504e+06	1	4
9.27293	0	1	668	FullDelay	3.38504	3.38504e+06	1	4
9.2877	0	1	670	LastDelay	3.38615	3.38615e+06	1	4
9.2877	0	1	670	FullDelay	3.38615	3.38615e+06	1	4
9.31403	0	1	677	LastDelay	3.3647	3.3647e+06	1	4
9.31403	0	1	677	FullDelay	3.3647	3.3647e+06	1	4
9.36363	0	1	679	LastDelay	3.40064	3.40064e+06	1	4
9.36363	0	1	679	FullDelay	3.40064	3.40064e+06	1	4
40.9773	0	1	5383	LastDelay	0.280199	280199	1	4
40.9773	0	1	5383	FullDelay	0.280199	280199	1	4
41.0018	0	1	5384	LastDelay	0.297924	297924	1	4
41.0018	0	1	5384	FullDelay	0.297924	297924	1	4
41.0367	0	1	5385	LastDelay	0.325997	325997	1	4
41.0367	0	1	5385	FullDelay	0.325997	325997	1	4
41.0696	0	1	5386	LastDelay	0.352048	352048	1	4
41.0696	0	1	5386	FullDelay	0.352048	352048	1	4
41.0998	0	1	5387	LastDelay	0.375407	375407	1	4
41.0998	0	1	5387	FullDelay	0.375407	375407	1	4
41.1174	0	1	5388	LastDelay	0.386221	386221	1	4
41.1174	0	1	5388	FullDelay	0.386221	386221	1	4
41.1505	0	1	5389	LastDelay	0.412484	412484	1	4
41.1505	0	1	5389	FullDelay	0.412484	412484	1	4
41.1621	0	1	5390	LastDelay	0.417278	417278	1	4
41.1621	0	1	5390	FullDelay	0.417278	417278	1	4
41.1729	0	1	5391	LastDelay	0.421205	421205	1	4
41.1729	0	1	5391	FullDelay	0.421205	421205	1	4
41.1875	0	1	5392	LastDelay	0.429014	429014	1	4
41.1875	0	1	5392	FullDelay	0.429014	429014	1	4
43.6816	0	1	618	LastDelay	0.335812	335812	1	4
43.6816	0	1	618	FullDelay	38.2443	3.82443e+07	3	4
43.6907	0	1	619	LastDelay	0.338071	338071	1	4
43.6907	0	1	619	FullDelay	38.2465	3.82465e+07	3	4
43.7066	0	1	622	LastDelay	0.347124	347124	1	4
43.7066	0	1	622	FullDelay	38.2351	3.82351e+07	3	4
43.7561	0	1	627	LastDelay	0.376184	376184	1	4
43.7561	0	1	627	FullDelay	38.2369	3.82369e+07	3	4
43.7792	0	1	629	LastDelay	0.392423	392423	1	4
43.7792	0	1	629	FullDelay	38.2463	3.82463e+07	3	4
43.7945	0	1	630	LastDelay	0.400948	400948	1	4
43.7945	0	1	630	FullDelay	38.2548	3.82548e+07	3	4
43.8126	0	1	632	LastDelay	0.412173	412173	1	4
43.8126	0	1	632	FullDelay	38.2524	3.82524e+07	3	4
43.8266	0	1	633	LastDelay	0.419323	419323	1	4
43.8266	0	1	633	FullDelay	38.2595	3.82595e+07	3	4
43.8375	0	1	634	LastDelay	0.423375	423375	1	4
43.8375	0	1	634	FullDelay	38.2636	3.82636e+07	3	4
43.8582	0	1	635	LastDelay	0.437272	437272	1	4
43.8582	0	1	635	FullDelay	38.2775	3.82775e+07	3	4
43.8722	0	1	636	LastDelay	0.444501	444501	1	4
43.8722	0	1	636	FullDelay	38.2847	3.82847e+07	3	4
43.8813	0	1	640	LastDelay	0.44676	446760	1	4
43.8813	0	1	640	FullDelay	38.2597	3.82597e+07	3	4
43.8948	0	1	642	LastDelay	0.453413	453413	1	4
43.8948	0	1	642	FullDelay	38.2595	3.82595e+07	3	4
43.9398	0	1	644	LastDelay	0.4848	484800	1	4
43.9398	0	1	644	FullDelay	38.2909	3.82909e+07	3	4
43.9581	0	1	645	LastDelay	0.496283	496283	1	4
43.9581	0	1	645	FullDelay	38.2682	3.82682e+07	3	4
44.0004	0	1	647	LastDelay	0.524865	524865	1	4
44.0004	0	1	647	FullDelay	38.2695	3.82695e+07	3	4
44.0104	0	1	650	LastDelay	0.528011	528011	1	4
44.0104	0	1	650	FullDelay	38.2522	3.82522e+07	3	4
44.0246	0	1	651	LastDelay	0.535468	535468	1	4
44.0246	0	1	651	FullDelay	38.2596	3.82596e+07	3	4
44.0407	0	1	652	LastDelay	0.544679	544679	1	4
44.0407	0	1	652	FullDelay	38.2688	3.82688e+07	3	4
44.055	0	1	653	LastDelay	0.552198	552198	1	4
44.055	0	1	653	FullDelay	38.2764	3.82764e+07	3	4
44.0799	0	1	654	LastDelay	0.570299	570299	1	4
44.0799	0	1	654	FullDelay	38.2945	3.82945e+07	3	4
44.0985	0	1	655	LastDelay	0.58205	582050	1	4
44.0985	0	1	655	FullDelay	38.3062	3.83062e+07	3	4
44.1114	0	1	656	LastDelay	0.588076	588076	1	4
44.1114	0	1	656	FullDelay	38.3122	3.83122e+07	3	4
44.131	0	1	657	LastDelay	0.600867	600867	1	4
44.131	0	1	657	FullDelay	38.3182	3.83182e+07	3	4
44.1603	0	1	659	LastDelay	0.62338	623380	1	4
44.1603	0	1	659	FullDelay	38.3339	3.83339e+07	3	4
44.193	0	1	661	LastDelay	0.642351	642351	1	4
44.193	0	1	661	FullDelay	38.3529	3.83529e+07	3	4
44.2084	0	1	663	LastDelay	0.65099	650990	1	4
44.2084	0	1	663	FullDelay	38.3547	3.83547e+07	3	4
44.2287	0	1	667	LastDelay	0.657641	657641	1	4
44.2287	0	1	667	FullDelay	38.3477	3.83477e+07	3	4
44.2733	0	1	669	LastDelay	0.695367	695367	1	4
44.2733	0	1	669	FullDelay	38.3786	3.83786e+07	3	4
44.2962	0	1	671	LastDelay	0.711423	711423	1	4
44.2962	0	1	671	FullDelay	38.3878	3.83878e+07	3	4
44.3138	0	1	672	LastDelay	0.722229	722229	1	4
44.3138	0	1	672	FullDelay	38.3986	3.83986e+07	3	4
44.3348	0	1	673	LastDelay	0.736362	736362	1	4
44.3348	0	1	673	FullDelay	38.4127	3.84127e+07	3	4
44.345	0	1	674	LastDelay	0.739801	739801	1	4
44.345	0	1	674	FullDelay	38.4162	3.84162e+07	3	4
44.3542	0	1	675	LastDelay	0.742121	742121	1	4
44.3542	0	1	675	FullDelay	38.4185	3.84185e+07	3	4
44.3641	0	1	676	LastDelay	0.745227	745227	1	4
44.3641	0	1	676	FullDelay	38.4216	3.84216e+07	3	4
44.3856	0	1	680	LastDelay	0.753064	753064	1	4
44.3856	0	1	680	FullDelay	38.4158	3.84158e+07	2	4
44.4291	0	1	682	LastDelay	0.782959	782959	1	4
44.4291	0	1	682	FullDelay	38.4457	3.84457e+07	2	4
44.4433	0	1	683	LastDelay	0.790318	790318	1	4
44.4433	0	1	683	FullDelay	38.453	3.8453e+07	2	4
44.4559	0	1	684	LastDelay	0.796085	796085	1	4
44.4559	0	1	684	FullDelay	38.4588	3.84588e+07	2	4
44.4668	0	1	685	LastDelay	0.800139	800139	1	4
44.4668	0	1	685	FullDelay	38.4629	3.84629e+07	2	4
44.5082	0	1	687	LastDelay	0.827899	827899	1	4
44.5082	0	1	687	FullDelay	38.4906	3.84906e+07	2	4
44.5343	0	1	688	LastDelay	0.847159	847159	1	4
44.5343	0	1	688	FullDelay	38.5099	3.85099e+07	2	4
44.5434	0	1	689	LastDelay	0.849479	849479	1	4
44.5434	0	1	689	FullDelay	38.5122	3.85122e+07	2	4
44.5562	0	1	690	LastDelay	0.855443	855443	1	4
44.5562	0	1	690	FullDelay	38.5182	3.85182e+07	2	4
44.5653	0	1	691	LastDelay	0.857703	857703	1	4
44.5653	0	1	691	FullDelay	38.5204	3.85204e+07	2	4
44.5877	0	1	692	LastDelay	0.87328	873280	1	4
44.5877	0	1	692	FullDelay	38.536	3.8536e+07	2	4
44.5995	0	1	693	LastDelay	0.87822	878220	1	4
44.5995	0	1	693	FullDelay	38.5409	3.85409e+07	2	4
44.6865	0	1	695	LastDelay	0.951574	951574	1	4
44.6865	0	1	695	FullDelay	38.6143	3.86143e+07	2	4
44.6965	0	1	696	LastDelay	0.954721	954721	1	4
44.6965	0	1	696	FullDelay	38.6174	3.86174e+07	2	4
44.7108	0	1	697	LastDelay	0.962222	962222	1	4
44.7108	0	1	697	FullDelay	38.6249	3.86249e+07	2	4
44.7306	0	1	698	LastDelay	0.975169	975169	1	4
44.7306	0	1	698	FullDelay	38.6379	3.86379e+07	2	4
44.751	0	1	699	LastDelay	0.988775	988775	1	4
44.751	0	1	699	FullDelay	38.6515	3.86515e+07	2	4
44.7794	0	1	700	LastDelay	1.01031	1.01031e+06	1	4
44.7794	0	1	700	FullDelay	38.673	3.8673e+07	2	4
44.7962	0	1	701	LastDelay	1.02028	1.02028e+06	1	4
44.7962	0	1	701	FullDelay	38.683	3.8683e+07	2	4
44.8217	0	1	702	LastDelay	1.039	1.039e+06	1	4
44.8217	0	1	702	FullDelay	38.7017	3.87017e+07	2	4
44.836	0	1	703	LastDelay	1.04646	1.04646e+06	1	4
44.836	0	1	703	FullDelay	38.7092	3.87092e+07	2	4
44.8952	0	1	705	LastDelay	1.09197	1.09197e+06	1	4
44.8952	0	1	705	FullDelay	38.7547	3.87547e+07	2	4
44.9094	0	1	706	LastDelay	1.09934	1.09934e+06	1	4
44.9094	0	1	706	FullDelay	38.7621	3.87621e+07	2	4
44.9228	0	1	707	LastDelay	1.106	1.106e+06	1	4
44.9228	0	1	707	FullDelay	38.7551	3.87551e+07	2	4
44.938	0	1	708	LastDelay	1.11429	1.11429e+06	1	4
44.938	0	1	708	FullDelay	38.7634	3.87634e+07	2	4
44.9505	0	1	709	LastDelay	1.11997	1.11997e+06	1	4
44.9505	0	1	709	FullDelay	38.769	3.8769e+07	2	4
44.9705	0	1	710	LastDelay	1.13314	1.13314e+06	1	4
44.9705	0	1	710	FullDelay	38.7822	3.87822e+07	2	4
44.9923	0	1	711	LastDelay	1.14815	1.14815e+06	1	4
44.9923	0	1	711	FullDelay	38.7972	3.87972e+07	2	4
45.0035	0	1	712	LastDelay	1.15247	1.15247e+06	1	4
45.0035	0	1	712	FullDelay	38.7947	3.87947e+07	2	4
45.0431	0	1	713	LastDelay	1.18529	1.18529e+06	1	4
45.0431	0	1	713	FullDelay	38.8275	3.88275e+07	2	4
45.0588	0	1	714	LastDelay	1.19414	1.19414e+06	1	4
45.0588	0	1	714	FullDelay	38.8364	3.88364e+07	2	4
45.0705	0	1	715	LastDelay	1.19904	1.19904e+06	1	4
45.0705	0	1	715	FullDelay	38.8413	3.88413e+07	2	4
45.1312	0	1	716	LastDelay	1.2529	1.2529e+06	1	4
45.1312	0	1	716	FullDelay	38.8951	3.88951e+07	2	4
45.1474	0	1	717	LastDelay	1.2623	1.2623e+06	1	4
45.1474	0	1	717	FullDelay	38.9045	3.89045e+07	2	4
45.1913	0	1	719	LastDelay	1.29257	1.29257e+06	1	4
45.1913	0	1	719	FullDelay	38.928	3.8928e+07	2	4
45.209	0	1	720	LastDelay	1.30344	1.30344e+06	1	4
45.209	0	1	720	FullDelay	38.9389	3.89389e+07	2	4
45.239	0	1	722	LastDelay	1.31974	1.31974e+06	1	4
45.239	0	1	722	FullDelay	38.9551	3.89551e+07	2	4
45.251	0	1	723	LastDelay	1.32489	1.32489e+06	1	4
45.251	0	1	723	FullDelay	38.9603	3.89603e+07	2	4
45.2731	0	1	724	LastDelay	1.34022	1.34022e+06	1	4
45.2731	0	1	724	FullDelay	38.9756	3.89756e+07	2	4
45.3323	0	1	726	LastDelay	1.38571	1.38571e+06	1	4
45.3323	0	1	726	FullDelay	39.0006	3.90006e+07	2	4
45.3571	0	1	728	LastDelay	1.39693	1.39693e+06	1	4
45.3571	0	1	728	FullDelay	39.0119	3.90119e+07	2	4
45.3829	0	1	729	LastDelay	1.41589	1.41589e+06	1	4
45.3829	0	1	729	FullDelay	39.0308	3.90308e+07	2	4
45.4146	0	1	731	LastDelay	1.43389	1.43389e+06	1	4
45.4146	0	1	731	FullDelay	39.0488	3.90488e+07	2	4
45.4389	0	1	733	LastDelay	1.44458	1.44458e+06	1	4
45.4389	0	1	733	FullDelay	39.0595	3.90595e+07	2	4
45.4721	0	1	735	LastDelay	1.46411	1.46411e+06	1	4
45.4721	0	1	735	FullDelay	39.079	3.9079e+07	2	4
45.5183	0	1	737	LastDelay	1.49664	1.49664e+06	1	4
45.5183	0	1	737	FullDelay	39.0774	3.90774e+07	2	4
45.5309	0	1	738	LastDelay	1.50239	1.50239e+06	1	4
45.5309	0	1	738	FullDelay	39.0832	3.90832e+07	2	4
45.5782	0	1	740	LastDelay	1.53605	1.53605e+06	1	4
45.5782	0	1	740	FullDelay	38.5502	3.85502e+07	2	4
45.5915	0	1	741	LastDelay	1.54259	1.54259e+06	1	4
45.5915	0	1	741	FullDelay	38.5568	3.85568e+07	2	4
45.6132	0	1	742	LastDelay	1.55743	1.55743e+06	1	4
45.6132	0	1	742	FullDelay	38.5716	3.85716e+07	2	4
45.628	0	1	743	LastDelay	1.56541	1.56541e+06	1	4
45.628	0	1	743	FullDelay	38.5796	3.85796e+07	2	4
45.6541	0	1	744	LastDelay	1.58462	1.58462e+06	1	4
45.6541	0	1	744	FullDelay	38.5988	3.85988e+07	2	4
45.7113	0	1	745	LastDelay	1.63505	1.63505e+06	1	4
45.7113	0	1	745	FullDelay	38.6492	3.86492e+07	2	4
45.7233	0	1	746	LastDelay	1.64026	1.64026e+06	1	4
45.7233	0	1	746	FullDelay	38.6544	3.86544e+07	2	4
45.7351	0	1	747	LastDelay	1.64522	1.64522e+06	1	4
45.7351	0	1	747	FullDelay	38.6594	3.86594e+07	2	4
45.7442	0	1	748	LastDelay	1.64746	1.64746e+06	1	4
45.7442	0	1	748	FullDelay	38.6616	3.86616e+07	2	4
45.7602	0	1	749	LastDelay	1.65666	1.65666e+06	1	4
45.7602	0	1	749	FullDelay	38.6708	3.86708e+07	2	4
45.7745	0	1	750	LastDelay	1.66412	1.66412e+06	1	4
45.7745	0	1	750	FullDelay	38.6783	3.86783e+07	2	4
45.7862	0	1	751	LastDelay	1.66902	1.66902e+06	1	4
45.7862	0	1	751	FullDelay	38.6832	3.86832e+07	2	4
45.81	0	1	752	LastDelay	1.686	1.686e+06	1	4
45.81	0	1	752	FullDelay	38.7002	3.87002e+07	2	4
45.8277	0	1	753	LastDelay	1.69687	1.69687e+06	1	4
45.8277	0	1	753	FullDelay	38.7111	3.87111e+07	2	4
45.8438	0	1	754	LastDelay	1.70605	1.70605e+06	1	4
45.8438	0	1	754	FullDelay	38.7202	3.87202e+07	2	4
45.8759	0	1	756	LastDelay	1.72453	1.72453e+06	1	4
45.8759	0	1	756	FullDelay	38.7387	3.87387e+07	2	4
45.9055	0	1	757	LastDelay	1.74731	1.74731e+06	1	4
45.9055	0	1	757	FullDelay	38.7615	3.87615e+07	2	4
45.9223	0	1	758	LastDelay	1.75729	1.75729e+06	1	4
45.9223	0	1	758	FullDelay	38.7715	3.87715e+07	2	4
46.0103	0	1	760	LastDelay	1.83166	1.83166e+06	1	4
46.0103	0	1	760	FullDelay	38.8458	3.88458e+07	2	4
46.0341	0	1	761	LastDelay	1.84866	1.84866e+06	1	4
46.0341	0	1	761	FullDelay	38.8628	3.88628e+07	2	4
46.0479	0	1	762	LastDelay	1.85558	1.85558e+06	1	4
46.0479	0	1	762	FullDelay	38.8698	3.88698e+07	2	4
46.0664	0	1	763	LastDelay	1.86724	1.86724e+06	1	4
46.0664	0	1	763	FullDelay	38.8814	3.88814e+07	2	4
46.0852	0	1	764	LastDelay	1.87925	1.87925e+06	1	4
46.0852	0	1	764	FullDelay	38.8934	3.88934e+07	2	4
46.1004	0	1	765	LastDelay	1.88757	1.88757e+06	1	4
46.1004	0	1	765	FullDelay	38.9018	3.89018e+07	2	4
46.1232	0	1	766	LastDelay	1.90354	1.90354e+06	1	4
46.1232	0	1	766	FullDelay	38.9177	3.89177e+07	2	4
46.1416	0	1	767	LastDelay	1.91512	1.91512e+06	1	4
46.1416	0	1	767	FullDelay	38.9293	3.89293e+07	2	4
46.1578	0	1	768	LastDelay	1.92448	1.92448e+06	1	4
46.1578	0	1	768	FullDelay	38.9387	3.89387e+07	2	4
46.1718	0	1	769	LastDelay	1.9317	1.9317e+06	1	4
46.1718	0	1	769	FullDelay	38.9459	3.89459e+07	2	4
46.189	0	1	770	LastDelay	1.94203	1.94203e+06	1	4
46.189	0	1	770	FullDelay	38.9562	3.89562e+07	2	4
46.199	0	1	771	LastDelay	1.94528	1.94528e+06	1	4
46.199	0	1	771	FullDelay	38.9595	3.89595e+07	2	4
46.2239	0	1	772	LastDelay	1.96335	1.96335e+06	1	4
46.2239	0	1	772	FullDelay	38.9775	3.89775e+07	2	4
46.2732	0	1	774	LastDelay	1.99892	1.99892e+06	1	4
46.2732	0	1	774	FullDelay	39.0131	3.90131e+07	2	4
113.299	0	1	11692	LastDelay	0.301213	301213	1	4
113.299	0	1	11692	FullDelay	0.301213	301213	1	4
113.315	0	1	11693	LastDelay	0.309593	309593	1	4
113.315	0	1	11693	FullDelay	0.309593	309593	1	4
113.375	0	1	11694	LastDelay	0.362814	362814	1	4
113.375	0	1	11694	FullDelay	0.362814	362814	1	4
113.386	0	1	11695	LastDelay	0.367012	367012	1	4
113.386	0	1	11695	FullDelay	0.367012	367012	1	4
113.422	0	1	11696	LastDelay	0.396664	396664	1	4
113.422	0	1	11696	FullDelay	0.396664	396664	1	4
113.45	0	1	11697	LastDelay	0.417869	417869	1	4
113.45	0	1	11697	FullDelay	0.417869	417869	1	4
113.459	0	1	11698	LastDelay	0.420148	420148	1	4
113.459	0	1	11698	FullDelay	0.420148	420148	1	4
113.474	0	1	11699	LastDelay	0.427509	427509	1	4
113.474	0	1	11699	FullDelay	0.427509	427509	1	4
113.497	0	1	11700	LastDelay	0.444331	444331	1	4
113.497	0	1	11700	FullDelay	0.444331	444331	1	4
113.563	0	1	11702	LastDelay	0.496712	496712	1	4
113.563	0	1	11702	FullDelay	0.496712	496712	1	4
113.584	0	1	11704	LastDelay	0.504177	504177	1	4
113.584	0	1	11704	FullDelay	0.504177	504177	1	4
113.593	0	1	11705	LastDelay	0.506456	506456	1	4
113.593	0	1	11705	FullDelay	0.506456	506456	1	4
113.667	0	1	11706	LastDelay	0.573225	573225	1	4
113.667	0	1	11706	FullDelay	0.573225	573225	1	4
113.709	0	1	11707	LastDelay	0.60818	608180	1	4
113.709	0	1	11707	FullDelay	0.60818	608180	1	4
113.744	0	1	11709	LastDelay	0.629339	629339	1	4
113.744	0	1	11709	FullDelay	0.629339	629339	1	4
113.753	0	1	11710	LastDelay	0.631599	631599	1	4
113.753	0	1	11710	FullDelay	0.631599	631599	1	4
113.845	0	1	11714	LastDelay	0.696179	696179	1	4
113.845	0	1	11714	FullDelay	0.696179	696179	1	4
113.878	0	1	11715	LastDelay	0.722282	722282	1	4
113.878	0	1	11715	FullDelay	0.722282	722282	1	4
113.933	0	1	11717	LastDelay	0.763764	763764	1	4
113.933	0	1	11717	FullDelay	0.763764	763764	1	4
113.962	0	1	11718	LastDelay	0.786307	786307	1	4
113.962	0	1	11718	FullDelay	0.786307	786307	1	4
114.013	0	1	11719	LastDelay	0.830883	830883	1	4
114.013	0	1	11719	FullDelay	0.830883	830883	1	4
114.054	0	1	11721	LastDelay	0.858148	858148	1	4
114.054	0	1	11721	FullDelay	0.858148	858148	1	4
114.086	0	1	11722	LastDelay	0.882664	882664	1	4
114.086	0	1	11722	FullDelay	0.882664	882664	1	4
114.096	0	1	11723	LastDelay	0.88577	885770	1	4
114.096	0	1	11723	FullDelay	0.88577	885770	1	4
114.145	0	1	11724	LastDelay	0.927786	927786	1	4
114.145	0	1	11724	FullDelay	0.927786	927786	1	4
114.157	0	1	11725	LastDelay	0.933403	933403	1	4
114.157	0	1	11725	FullDelay	0.933403	933403	1	4
114.213	0	1	11726	LastDelay	0.982387	982387	1	4
114.213	0	1	11726	FullDelay	0.982387	982387	1	4
114.23	0	1	11727	LastDelay	0.99267	992670	1	4
114.23	0	1	11727	FullDelay	0.99267	992670	1	4
114.252	0	1	11729	LastDelay	1.00159	1.00159e+06	1	4
114.252	0	1	11729	FullDelay	1.00159	1.00159e+06	1	4
114.262	0	1	11730	LastDelay	1.00385	1.00385e+06	1	4
114.262	0	1	11730	FullDelay	1.00385	1.00385e+06	1	4
114.294	0	1	11731	LastDelay	1.02952	1.02952e+06	1	4
114.294	0	1	11731	FullDelay	1.02952	1.02952e+06	1	4
114.316	0	1	11732	LastDelay	1.04458	1.04458e+06	1	4
114.316	0	1	11732	FullDelay	1.04458	1.04458e+06	1	4
114.335	0	1	11733	LastDelay	1.05681	1.05681e+06	1	4
114.335	0	1	11733	FullDelay	1.05681	1.05681e+06	1	4
114.348	0	1	11734	LastDelay	1.06317	1.06317e+06	1	4
114.348	0	1	11734	FullDelay	1.06317	1.06317e+06	1	4
114.391	0	1	11736	LastDelay	1.09276	1.09276e+06	1	4
114.391	0	1	11736	FullDelay	1.09276	1.09276e+06	1	4
114.433	0	1	9	LastDelay	1.12759	1.12759e+06	1	4
114.433	0	1	9	FullDelay	113.372	1.13372e+08	6	4
114.49	0	1	39	LastDelay	1.17083	1.17083e+06	1	4
114.49	0	1	39	FullDelay	113.224	1.13224e+08	5	4
114.554	0	1	49	LastDelay	1.2281	1.2281e+06	1	4
114.554	0	1	49	FullDelay	113.22	1.1322e+08	5	4
114.574	0	1	54	LastDelay	1.23435	1.23435e+06	1	4
114.574	0	1	54	FullDelay	113.205	1.13205e+08	5	4
114.63	0	1	56	LastDelay	1.28317	1.28317e+06	1	4
114.63	0	1	56	FullDelay	113.247	1.13247e+08	5	4
114.642	0	1	69	LastDelay	1.28903	1.28903e+06	1	4
114.642	0	1	69	FullDelay	113.171	1.13171e+08	5	4
114.701	0	1	77	LastDelay	1.33414	1.33414e+06	1	4
114.701	0	1	77	FullDelay	113.175	1.13175e+08	5	4
114.742	0	1	82	LastDelay	1.36161	1.36161e+06	1	4
114.742	0	1	82	FullDelay	113.182	1.13182e+08	5	4
114.753	0	1	86	LastDelay	1.36578	1.36578e+06	1	4
114.753	0	1	86	FullDelay	113.166	1.13166e+08	5	4
114.764	0	1	87	LastDelay	1.36964	1.36964e+06	1	4
114.764	0	1	87	FullDelay	113.17	1.1317e+08	5	4
114.78	0	1	91	LastDelay	1.37874	1.37874e+06	1	4
114.78	0	1	91	FullDelay	113.159	1.13159e+08	5	4
114.8	0	1	93	LastDelay	1.39261	1.39261e+06	1	4
114.8	0	1	93	FullDelay	113.166	1.13166e+08	5	4
114.815	0	1	101	LastDelay	1.39986	1.39986e+06	1	4
114.815	0	1	101	FullDelay	113.125	1.13125e+08	5	4
114.837	0	1	109	LastDelay	1.41557	1.41557e+06	1	4
114.837	0	1	109	FullDelay	113.093	1.13093e+08	5	4
114.89	0	1	112	LastDelay	1.46151	1.46151e+06	1	4
114.89	0	1	112	FullDelay	113.125	1.13125e+08	5	4
114.899	0	1	125	LastDelay	1.46376	1.46376e+06	1	4
114.899	0	1	125	FullDelay	113.032	1.13032e+08	5	4
114.948	0	1	141	LastDelay	1.49948	1.49948e+06	1	4
114.948	0	1	141	FullDelay	112.965	1.12965e+08	5	4
114.989	0	1	152	LastDelay	1.53305	1.53305e+06	1	4
114.989	0	1	152	FullDelay	112.924	1.12924e+08	5	4
115.03	0	1	156	LastDelay	1.56734	1.56734e+06	1	4
115.03	0	1	156	FullDelay	112.938	1.12938e+08	5	4
115.064	0	1	158	LastDelay	1.59451	1.59451e+06	1	4
115.064	0	1	158	FullDelay	112.958	1.12958e+08	5	4
115.083	0	1	173	LastDelay	1.60651	1.60651e+06	1	4
115.083	0	1	173	FullDelay	112.868	1.12868e+08	5	4
115.097	0	1	175	LastDelay	1.61408	1.61408e+06	1	4
115.097	0	1	175	FullDelay	112.868	1.12868e+08	5	4
115.158	0	1	181	LastDelay	1.66126	1.66126e+06	1	4
115.158	0	1	181	FullDelay	112.888	1.12888e+08	5	4
115.198	0	1	187	LastDelay	1.68728	1.68728e+06	1	4
115.198	0	1	187	FullDelay	112.887	1.12887e+08	5	4
115.212	0	1	190	LastDelay	1.69523	1.69523e+06	1	4
115.212	0	1	190	FullDelay	112.881	1.12881e+08	5	4
115.235	0	1	194	LastDelay	1.7108	1.7108e+06	1	4
115.235	0	1	194	FullDelay	112.876	1.12876e+08	5	4
115.255	0	1	197	LastDelay	1.72394	1.72394e+06	1	4
115.255	0	1	197	FullDelay	112.876	1.12876e+08	5	4
115.292	0	1	202	LastDelay	1.74772	1.74772e+06	1	4
115.292	0	1	202	FullDelay	112.879	1.12879e+08	5	4
115.326	0	1	204	LastDelay	1.7752	1.7752e+06	1	4
115.326	0	1	204	FullDelay	112.9	1.129e+08	5	4
115.34	0	1	208	LastDelay	1.78169	1.78169e+06	1	4
115.34	0	1	208	FullDelay	112.879	1.12879e+08	5	4
115.364	0	1	210	LastDelay	1.79867	1.79867e+06	1	4
115.364	0	1	210	FullDelay	112.889	1.12889e+08	5	4
115.383	0	1	212	LastDelay	1.81145	1.81145e+06	1	4
115.383	0	1	212	FullDelay	112.895	1.12895e+08	5	4
115.41	0	1	220	LastDelay	1.82498	1.82498e+06	1	4
115.41	0	1	220	FullDelay	112.868	1.12868e+08	5	4
115.42	0	1	231	LastDelay	1.82816	1.82816e+06	1	4
115.42	0	1	231	FullDelay	112.802	1.12802e+08	4	4
115.446	0	1	232	LastDelay	1.8466	1.8466e+06	1	4
115.446	0	1	232	FullDelay	112.821	1.12821e+08	4	4
115.478	0	1	234	LastDelay	1.87176	1.87176e+06	1	4
115.478	0	1	234	FullDelay	112.839	1.12839e+08	4	4
115.499	0	1	239	LastDelay	1.88585	1.88585e+06	1	4
115.499	0	1	239	FullDelay	112.826	1.12826e+08	4	4
115.512	0	1	240	LastDelay	1.89238	1.89238e+06	1	4
115.512	0	1	240	FullDelay	112.833	1.12833e+08	4	4
115.53	0	1	241	LastDelay	1.90388	1.90388e+06	1	4
115.53	0	1	241	FullDelay	112.844	1.12844e+08	4	4
115.541	0	1	243	LastDelay	1.90735	1.90735e+06	1	4
115.541	0	1	243	FullDelay	112.841	1.12841e+08	4	4
115.551	0	1	251	LastDelay	1.91134	1.91134e+06	1	4
115.551	0	1	251	FullDelay	112.79	1.1279e+08	4	4
115.578	0	1	258	LastDelay	1.93085	1.93085e+06	1	4
115.578	0	1	258	FullDelay	112.769	1.12769e+08	4	4
115.594	0	1	260	LastDelay	1.9401	1.9401e+06	1	4
115.594	0	1	260	FullDelay	112.771	1.12771e+08	4	4
115.619	0	1	263	LastDelay	1.95861	1.95861e+06	1	4
115.619	0	1	263	FullDelay	112.776	1.12776e+08	4	4
115.666	0	1	267	LastDelay	1.99203	1.99203e+06	1	4
115.666	0	1	267	FullDelay	112.768	1.12768e+08	4	4
185.334	0	1	10892	LastDelay	0.533214	533214	1	4
185.334	0	1	10892	FullDelay	77.7974	7.77974e+07	2	4
185.365	0	1	10893	LastDelay	0.556742	556742	1	4
185.365	0	1	10893	FullDelay	77.8209	7.78209e+07	2	4
185.378	0	1	10894	LastDelay	0.563641	563641	1	4
185.378	0	1	10894	FullDelay	77.8278	7.78278e+07	2	4
185.39	0	1	10895	LastDelay	0.568619	568619	1	4
185.39	0	1	10895	FullDelay	77.8328	7.78328e+07	2	4
185.433	0	1	10896	LastDelay	0.604844	604844	1	4
185.433	0	1	10896	FullDelay	77.869	7.7869e+07	2	4
185.446	0	1	10897	LastDelay	0.610857	610857	1	4
185.446	0	1	10897	FullDelay	77.8751	7.78751e+07	2	4
185.471	0	1	10898	LastDelay	0.629365	629365	1	4
185.471	0	1	10898	FullDelay	77.8936	7.78936e+07	2	4
185.508	0	1	10899	LastDelay	0.659348	659348	1	4
185.508	0	1	10899	FullDelay	77.9236	7.79236e+07	2	4
185.53	0	1	10900	LastDelay	0.673748	673748	1	4
185.53	0	1	10900	FullDelay	77.938	7.7938e+07	2	4
185.554	0	1	10901	LastDelay	0.691365	691365	1	4
185.554	0	1	10901	FullDelay	77.9556	7.79556e+07	2	4
185.588	0	1	10902	LastDelay	0.718546	718546	1	4
185.588	0	1	10902	FullDelay	77.9828	7.79828e+07	2	4
185.607	0	1	10903	LastDelay	0.730748	730748	1	4
185.607	0	1	10903	FullDelay	77.995	7.7995e+07	2	4
185.621	0	1	10904	LastDelay	0.737521	737521	1	4
185.621	0	1	10904	FullDelay	78.0017	7.80017e+07	2	4
185.63	0	1	10905	LastDelay	0.73978	739780	1	4
185.63	0	1	10905	FullDelay	78.004	7.8004e+07	2	4
185.654	0	1	10906	LastDelay	0.757046	757046	1	4
185.654	0	1	10906	FullDelay	78.0213	7.80213e+07	2	4
185.699	0	1	10908	LastDelay	0.7885	788500	1	4
185.699	0	1	10908	FullDelay	78.0527	7.80527e+07	2	4
185.723	0	1	10909	LastDelay	0.806056	806056	1	4
185.723	0	1	10909	FullDelay	78.0703	7.80703e+07	2	4
185.739	0	1	10910	LastDelay	0.814601	814601	1	4
185.739	0	1	10910	FullDelay	78.0788	7.80788e+07	2	4
185.779	0	1	10911	LastDelay	0.848123	848123	1	4
185.779	0	1	10911	FullDelay	78.1123	7.81123e+07	2	4
185.796	0	1	10912	LastDelay	0.858288	858288	1	4
185.796	0	1	10912	FullDelay	78.1225	7.81225e+07	2	4
185.826	0	1	10913	LastDelay	0.881848	881848	1	4
185.826	0	1	10913	FullDelay	78.1461	7.81461e+07	2	4
185.867	0	1	10914	LastDelay	0.916062	916062	1	4
185.867	0	1	10914	FullDelay	78.1803	7.81803e+07	2	4
185.899	0	1	10915	LastDelay	0.940907	940907	1	4
185.899	0	1	10915	FullDelay	78.2051	7.82051e+07	2	4
185.917	0	1	10916	LastDelay	0.95182	951820	1	4
185.917	0	1	10916	FullDelay	78.216	7.8216e+07	2	4
185.929	0	1	10917	LastDelay	0.957565	957565	1	4
185.929	0	1	10917	FullDelay	78.2218	7.82218e+07	2	4
185.957	0	1	10918	LastDelay	0.978012	978012	1	4
185.957	0	1	10918	FullDelay	78.2422	7.82422e+07	2	4
185.966	0	1	10919	LastDelay	0.980251	980251	1	4
185.966	0	1	10919	FullDelay	78.2445	7.82445e+07	2	4
186.004	0	1	10920	LastDelay	1.01149	1.01149e+06	1	4
186.004	0	1	10920	FullDelay	78.2757	7.82757e+07	2	4
186.016	0	1	10921	LastDelay	1.01672	1.01672e+06	1	4
186.016	0	1	10921	FullDelay	78.2809	7.82809e+07	2	4
186.075	0	1	10922	LastDelay	1.06932	1.06932e+06	1	4
186.075	0	1	10922	FullDelay	78.3335	7.83335e+07	2	4
186.086	0	1	10923	LastDelay	1.07335	1.07335e+06	1	4
186.086	0	1	10923	FullDelay	78.3376	7.83376e+07	2	4
186.124	0	1	10925	LastDelay	1.09794	1.09794e+06	1	4
186.124	0	1	10925	FullDelay	78.3621	7.83621e+07	2	4
186.191	0	1	10926	LastDelay	1.158	1.158e+06	1	4
186.191	0	1	10926	FullDelay	78.4222	7.84222e+07	2	4
186.219	0	1	10927	LastDelay	1.17936	1.17936e+06	1	4
186.219	0	1	10927	FullDelay	78.4436	7.84436e+07	2	4
186.239	0	1	10928	LastDelay	1.19254	1.19254e+06	1	4
186.239	0	1	10928	FullDelay	78.4567	7.84567e+07	2	4
186.255	0	1	10929	LastDelay	1.20116	1.20116e+06	1	4
186.255	0	1	10929	FullDelay	78.4654	7.84654e+07	2	4
186.265	0	1	10930	LastDelay	1.20412	1.20412e+06	1	4
186.265	0	1	10930	FullDelay	78.4683	7.84683e+07	2	4
186.286	0	1	10931	LastDelay	1.21891	1.21891e+06	1	4
186.286	0	1	10931	FullDelay	78.4831	7.84831e+07	2	4
186.343	0	1	10932	LastDelay	1.26842	1.26842e+06	1	4
186.343	0	1	10932	FullDelay	78.5326	7.85326e+07	2	4
186.367	0	1	10933	LastDelay	1.28623	1.28623e+06	1	4
186.367	0	1	10933	FullDelay	78.5504	7.85504e+07	2	4
186.39	0	1	10935	LastDelay	1.29577	1.29577e+06	1	4
186.39	0	1	10935	FullDelay	78.56	7.856e+07	2	4
186.416	0	1	10936	LastDelay	1.31451	1.31451e+06	1	4
186.416	0	1	10936	FullDelay	78.5787	7.85787e+07	2	4
186.436	0	1	10937	LastDelay	1.32811	1.32811e+06	1	4
186.436	0	1	10937	FullDelay	78.5923	7.85923e+07	2	4
186.453	0	1	10938	LastDelay	1.33787	1.33787e+06	1	4
186.453	0	1	10938	FullDelay	78.6021	7.86021e+07	2	4
186.468	0	1	10939	LastDelay	1.34589	1.34589e+06	1	4
186.468	0	1	10939	FullDelay	78.6101	7.86101e+07	2	4
186.489	0	1	10940	LastDelay	1.36039	1.36039e+06	1	4
186.489	0	1	10940	FullDelay	78.6246	7.86246e+07	2	4
186.529	0	1	10943	LastDelay	1.37942	1.37942e+06	1	4
186.529	0	1	10943	FullDelay	78.6436	7.86436e+07	2	4
186.558	0	1	10945	LastDelay	1.39551	1.39551e+06	1	4
186.558	0	1	10945	FullDelay	78.6597	7.86597e+07	2	4
186.651	0	1	10946	LastDelay	1.48087	1.48087e+06	1	4
186.651	0	1	10946	FullDelay	78.7451	7.87451e+07	2	4
186.661	0	1	10947	LastDelay	1.48405	1.48405e+06	1	4
186.661	0	1	10947	FullDelay	78.7483	7.87483e+07	2	4
186.681	0	1	10949	LastDelay	1.49119	1.49119e+06	1	4
186.681	0	1	10949	FullDelay	78.7554	7.87554e+07	2	4
186.691	0	1	10950	LastDelay	1.49345	1.49345e+06	1	4
186.691	0	1	10950	FullDelay	78.7577	7.87577e+07	2	4
186.71	0	1	10951	LastDelay	1.50602	1.50602e+06	1	4
186.71	0	1	10951	FullDelay	78.7702	7.87702e+07	2	4
186.74	0	1	10952	LastDelay	1.52936	1.52936e+06	1	4
186.74	0	1	10952	FullDelay	78.7936	7.87936e+07	2	4
186.752	0	1	10953	LastDelay	1.53488	1.53488e+06	1	4
186.752	0	1	10953	FullDelay	78.7991	7.87991e+07	2	4
186.775	0	1	10954	LastDelay	1.55046	1.55046e+06	1	4
186.775	0	1	10954	FullDelay	78.8147	7.88147e+07	2	4
186.8	0	1	10955	LastDelay	1.56891	1.56891e+06	1	4
186.8	0	1	10955	FullDelay	78.8331	7.88331e+07	2	4
186.824	0	1	10956	LastDelay	1.58611	1.58611e+06	1	4
186.824	0	1	10956	FullDelay	78.8503	7.88503e+07	2	4
186.851	0	1	10957	LastDelay	1.60587	1.60587e+06	1	4
186.851	0	1	10957	FullDelay	78.8701	7.88701e+07	2	4
186.868	0	1	10958	LastDelay	1.6164	1.6164e+06	1	4
186.868	0	1	10958	FullDelay	78.8806	7.88806e+07	2	4
186.893	0	1	10959	LastDelay	1.63419	1.63419e+06	1	4
186.893	0	1	10959	FullDelay	78.8984	7.88984e+07	2	4
186.919	0	1	10960	LastDelay	1.65377	1.65377e+06	1	4
186.919	0	1	10960	FullDelay	78.918	7.8918e+07	2	4
186.947	0	1	10961	LastDelay	1.6749	1.6749e+06	1	4
186.947	0	1	10961	FullDelay	78.9391	7.89391e+07	2	4
186.979	0	1	10962	LastDelay	1.69949	1.69949e+06	1	4
186.979	0	1	10962	FullDelay	78.9637	7.89637e+07	2	4
187.017	0	1	10963	LastDelay	1.73086	1.73086e+06	1	4
187.017	0	1	10963	FullDelay	78.9951	7.89951e+07	2	4
187.035	0	1	10964	LastDelay	1.74271	1.74271e+06	1	4
187.035	0	1	10964	FullDelay	79.0069	7.90069e+07	2	4
187.063	0	1	10966	LastDelay	1.75619	1.75619e+06	1	4
187.063	0	1	10966	FullDelay	79.0204	7.90204e+07	2	4
187.074	0	1	10967	LastDelay	1.76107	1.76107e+06	1	4
187.074	0	1	10967	FullDelay	79.0253	7.90253e+07	2	4
187.084	0	1	10968	LastDelay	1.76403	1.76403e+06	1	4
187.084	0	1	10968	FullDelay	79.0282	7.90282e+07	2	4
187.123	0	1	10969	LastDelay	1.79573	1.79573e+06	1	4
187.123	0	1	10969	FullDelay	79.0599	7.90599e+07	2	4
187.135	0	1	10970	LastDelay	1.80147	1.80147e+06	1	4
187.135	0	1	10970	FullDelay	79.0657	7.90657e+07	2	4
187.158	0	1	10971	LastDelay	1.81759	1.81759e+06	1	4
187.158	0	1	10971	FullDelay	79.0818	7.90818e+07	2	4
187.213	0	1	10972	LastDelay	1.86577	1.86577e+06	1	4
187.213	0	1	10972	FullDelay	79.13	7.913e+07	2	4
187.222	0	1	10973	LastDelay	1.86803	1.86803e+06	1	4
187.222	0	1	10973	FullDelay	79.1322	7.91322e+07	2	4
187.238	0	1	10974	LastDelay	1.87694	1.87694e+06	1	4
187.238	0	1	10974	FullDelay	79.1411	7.91411e+07	2	4
187.258	0	1	10975	LastDelay	1.89009	1.89009e+06	1	4
187.258	0	1	10975	FullDelay	79.1543	7.91543e+07	2	4
187.293	0	1	10976	LastDelay	1.91846	1.91846e+06	1	4
187.293	0	1	10976	FullDelay	79.1827	7.91827e+07	2	4
187.311	0	1	10977	LastDelay	1.9297	1.9297e+06	1	4
187.311	0	1	10977	FullDelay	79.1939	7.91939e+07	2	4
187.349	0	1	10979	LastDelay	1.95348	1.95348e+06	1	4
187.349	0	1	10979	FullDelay	79.2177	7.92177e+07	2	4
187.372	0	1	10980	LastDelay	1.96982	1.96982e+06	1	4
187.372	0	1	10980	FullDelay	79.234	7.9234e+07	2	4
187.395	0	1	10982	LastDelay	1.97991	1.97991e+06	1	4
187.395	0	1	10982	FullDelay	79.2441	7.92441e+07	2	4
