Time	Node	AppId	SeqNo	Type	DelayS	DelayUS	RetxCount	HopCount
1.03135	0	1	0	LastDelay	0.0313512	31351.2	1	6
1.03135	0	1	0	FullDelay	0.0313512	31351.2	1	6
1.04155	0	1	1	LastDelay	0.0347207	34720.7	1	6
1.04155	0	1	1	FullDelay	0.0347207	34720.7	1	6
1.05494	0	1	2	LastDelay	0.0412872	41287.2	1	6
1.05494	0	1	2	FullDelay	0.0412872	41287.2	1	6
1.06703	0	1	3	LastDelay	0.0465474	46547.4	1	6
1.06703	0	1	3	FullDelay	0.0465474	46547.4	1	6
1.0854	0	1	4	LastDelay	0.0580982	58098.2	1	6
1.0854	0	1	4	FullDelay	0.0580982	58098.2	1	6
1.09572	0	1	5	LastDelay	0.0615818	61581.8	1	6
1.09572	0	1	5	FullDelay	0.0615818	61581.8	1	6
1.1059	0	1	6	LastDelay	0.0649373	64937.3	1	6
1.1059	0	1	6	FullDelay	0.0649373	64937.3	1	6
1.12136	0	1	7	LastDelay	0.0735688	73568.8	1	6
1.12136	0	1	7	FullDelay	0.0735688	73568.8	1	6
1.14305	0	1	9	LastDelay	0.0816062	81606.2	1	6
1.14305	0	1	9	FullDelay	0.0816062	81606.2	1	6
1.15397	0	1	10	LastDelay	0.0857059	85705.9	1	6
1.15397	0	1	10	FullDelay	0.0857059	85705.9	1	6
1.16307	0	1	11	LastDelay	0.0879772	87977.2	1	6
1.16307	0	1	11	FullDelay	0.0879772	87977.2	1	6
1.17395	0	1	12	LastDelay	0.0920252	92025.2	1	6
1.17395	0	1	12	FullDelay	0.0920252	92025.2	1	6
1.18834	0	1	13	LastDelay	0.0995982	99598.2	1	6
1.18834	0	1	13	FullDelay	0.0995982	99598.2	1	6
1.19746	0	1	14	LastDelay	0.10189	101890	1	6
1.19746	0	1	14	FullDelay	0.10189	101890	1	6
1.20844	0	1	15	LastDelay	0.106044	106044	1	6
1.20844	0	1	15	FullDelay	0.106044	106044	1	6
1.23703	0	1	17	LastDelay	0.120974	120974	1	6
1.23703	0	1	17	FullDelay	0.120974	120974	1	6
1.24962	0	1	18	LastDelay	0.126738	126738	1	6
1.24962	0	1	18	FullDelay	0.126738	126738	1	6
1.25878	0	1	19	LastDelay	0.129069	129069	1	6
1.25878	0	1	19	FullDelay	0.129069	129069	1	6
1.27015	0	1	20	LastDelay	0.133621	133621	1	6
1.27015	0	1	20	FullDelay	0.133621	133621	1	6
1.30768	0	1	23	LastDelay	0.150666	150666	1	6
1.30768	0	1	23	FullDelay	0.150666	150666	1	6
1.31768	0	1	24	LastDelay	0.153836	153836	1	6
1.31768	0	1	24	FullDelay	0.153836	153836	1	6
1.32675	0	1	25	LastDelay	0.156087	156087	1	6
1.32675	0	1	25	FullDelay	0.156087	156087	1	6
1.33653	0	1	26	LastDelay	0.159039	159039	1	6
1.33653	0	1	26	FullDelay	0.159039	159039	1	6
1.35284	0	1	27	LastDelay	0.168515	168515	1	6
1.35284	0	1	27	FullDelay	0.168515	168515	1	6
1.36193	0	1	28	LastDelay	0.170787	170787	1	6
1.36193	0	1	28	FullDelay	0.170787	170787	1	6
1.37111	0	1	29	LastDelay	0.173138	173138	1	6
1.37111	0	1	29	FullDelay	0.173138	173138	1	6
1.38019	0	1	30	LastDelay	0.175389	175389	1	6
1.38019	0	1	30	FullDelay	0.175389	175389	1	6
1.38943	0	1	31	LastDelay	0.177801	177801	1	6
1.38943	0	1	31	FullDelay	0.177801	177801	1	6
1.39869	0	1	32	LastDelay	0.180232	180232	1	6
1.39869	0	1	32	FullDelay	0.180232	180232	1	6
1.4341	0	1	33	LastDelay	0.208818	208818	1	6
1.4341	0	1	33	FullDelay	0.208818	208818	1	6
1.44563	0	1	34	LastDelay	0.213525	213525	1	6
1.44563	0	1	34	FullDelay	0.213525	213525	1	6
1.45551	0	1	35	LastDelay	0.216578	216578	1	6
1.45551	0	1	35	FullDelay	0.216578	216578	1	6
1.46689	0	1	36	LastDelay	0.22113	221130	1	6
1.46689	0	1	36	FullDelay	0.22113	221130	1	6
1.47599	0	1	37	LastDelay	0.223401	223401	1	6
1.47599	0	1	37	FullDelay	0.223401	223401	1	6
1.48507	0	1	38	LastDelay	0.225652	225652	1	6
1.48507	0	1	38	FullDelay	0.225652	225652	1	6
1.50684	0	1	40	LastDelay	0.233772	233772	1	6
1.50684	0	1	40	FullDelay	0.233772	233772	1	6
1.51598	0	1	41	LastDelay	0.236083	236083	1	6
1.51598	0	1	41	FullDelay	0.236083	236083	1	6
1.5259	0	1	42	LastDelay	0.239175	239175	1	6
1.5259	0	1	42	FullDelay	0.239175	239175	1	6
1.53581	0	1	43	LastDelay	0.242268	242268	1	6
1.53581	0	1	43	FullDelay	0.242268	242268	1	6
1.54645	0	1	44	LastDelay	0.246077	246077	1	6
1.54645	0	1	44	FullDelay	0.246077	246077	1	6
1.56394	0	1	45	LastDelay	0.256745	256745	1	6
1.56394	0	1	45	FullDelay	0.256745	256745	1	6
1.57314	0	1	46	LastDelay	0.259116	259116	1	6
1.57314	0	1	46	FullDelay	0.259116	259116	1	6
1.59649	0	1	48	LastDelay	0.268809	268809	1	6
1.59649	0	1	48	FullDelay	0.268809	268809	1	6
1.60873	0	1	49	LastDelay	0.274228	274228	1	6
1.60873	0	1	49	FullDelay	0.274228	274228	1	6
1.64535	0	1	51	LastDelay	0.297187	297187	1	6
1.64535	0	1	51	FullDelay	0.297187	297187	1	6
1.65452	0	1	52	LastDelay	0.299538	299538	1	6
1.65452	0	1	52	FullDelay	0.299538	299538	1	6
1.6648	0	1	53	LastDelay	0.302984	302984	1	6
1.6648	0	1	53	FullDelay	0.302984	302984	1	6
1.6762	0	1	54	LastDelay	0.307561	307561	1	6
1.6762	0	1	54	FullDelay	0.307561	307561	1	6
1.68583	0	1	55	LastDelay	0.310361	310361	1	6
1.68583	0	1	55	FullDelay	0.310361	310361	1	6
1.70082	0	1	8	LastDelay	0.29805	298050	1	2
1.70082	0	1	8	FullDelay	0.64621	646210	2	2
1.71223	0	1	56	LastDelay	0.329933	329933	1	6
1.71223	0	1	56	FullDelay	0.329933	329933	1	6
1.72249	0	1	57	LastDelay	0.333367	333367	1	6
1.72249	0	1	57	FullDelay	0.333367	333367	1	6
1.73777	0	1	58	LastDelay	0.341827	341827	1	6
1.73777	0	1	58	FullDelay	0.341827	341827	1	6
1.74881	0	1	59	LastDelay	0.339214	339214	1	6
1.74881	0	1	59	FullDelay	0.339214	339214	1	6
1.76195	0	1	60	LastDelay	0.345526	345526	1	6
1.76195	0	1	60	FullDelay	0.345526	345526	1	6
1.77143	0	1	61	LastDelay	0.348181	348181	1	6
1.77143	0	1	61	FullDelay	0.348181	348181	1	6
1.78145	0	1	62	LastDelay	0.351371	351371	1	6
1.78145	0	1	62	FullDelay	0.351371	351371	1	6
1.79337	0	1	63	LastDelay	0.356462	356462	1	6
1.79337	0	1	63	FullDelay	0.356462	356462	1	6
1.80672	0	1	64	LastDelay	0.362987	362987	1	6
1.80672	0	1	64	FullDelay	0.362987	362987	1	6
1.81733	0	1	65	LastDelay	0.366766	366766	1	6
1.81733	0	1	65	FullDelay	0.366766	366766	1	6
1.83052	0	1	66	LastDelay	0.373131	373131	1	6
1.83052	0	1	66	FullDelay	0.373131	373131	1	6
1.84367	0	1	67	LastDelay	0.379455	379455	1	6
1.84367	0	1	67	FullDelay	0.379455	379455	1	6
1.85897	0	1	68	LastDelay	0.387927	387927	1	6
1.85897	0	1	68	FullDelay	0.387927	387927	1	6
1.87231	0	1	16	LastDelay	0.367134	367134	1	2
1.87231	0	1	16	FullDelay	0.76308	763080	2	2
1.88424	0	1	69	LastDelay	0.406368	406368	1	6
1.88424	0	1	69	FullDelay	0.406368	406368	1	6
1.90474	0	1	71	LastDelay	0.41322	413220	1	6
1.90474	0	1	71	FullDelay	0.41322	413220	1	6
1.91655	0	1	72	LastDelay	0.418206	418206	1	6
1.91655	0	1	72	FullDelay	0.418206	418206	1	6
1.92577	0	1	73	LastDelay	0.413771	413771	1	6
1.92577	0	1	73	FullDelay	0.413771	413771	1	6
1.93497	0	1	74	LastDelay	0.416142	416142	1	6
1.93497	0	1	74	FullDelay	0.416142	416142	1	6
1.94669	0	1	75	LastDelay	0.421034	421034	1	6
1.94669	0	1	75	FullDelay	0.421034	421034	1	6
1.96129	0	1	21	LastDelay	0.408329	408329	1	2
1.96129	0	1	21	FullDelay	0.817929	817929	2	2
1.97051	0	1	76	LastDelay	0.438027	438027	1	6
1.97051	0	1	76	FullDelay	0.438027	438027	1	6
1.9815	0	1	77	LastDelay	0.442195	442195	1	6
1.9815	0	1	77	FullDelay	0.442195	442195	1	6
1.99257	0	1	22	LastDelay	0.432785	432785	1	2
1.99257	0	1	22	FullDelay	0.842385	842385	2	2
2.00343	0	1	78	LastDelay	0.457293	457293	1	6
2.00343	0	1	78	FullDelay	0.457293	457293	1	6
2.01591	0	1	79	LastDelay	0.449299	449299	1	6
2.01591	0	1	79	FullDelay	0.449299	449299	1	6
2.02826	0	1	80	LastDelay	0.454817	454817	1	6
2.02826	0	1	80	FullDelay	0.454817	454817	1	6
2.03873	0	1	81	LastDelay	0.458459	458459	1	6
2.03873	0	1	81	FullDelay	0.458459	458459	1	6
2.05231	0	1	82	LastDelay	0.465219	465219	1	6
2.05231	0	1	82	FullDelay	0.465219	465219	1	6
2.06153	0	1	83	LastDelay	0.467611	467611	1	6
2.06153	0	1	83	FullDelay	0.467611	467611	1	6
2.07204	0	1	84	LastDelay	0.471293	471293	1	6
2.07204	0	1	84	FullDelay	0.471293	471293	1	6
2.08546	0	1	85	LastDelay	0.477886	477886	1	6
2.08546	0	1	85	FullDelay	0.477886	477886	1	6
2.09538	0	1	86	LastDelay	0.480975	480975	1	6
2.09538	0	1	86	FullDelay	0.480975	480975	1	6
2.11512	0	1	88	LastDelay	0.487065	487065	1	6
2.11512	0	1	88	FullDelay	0.487065	487065	1	6
2.12801	0	1	89	LastDelay	0.493126	493126	1	6
2.12801	0	1	89	FullDelay	0.493126	493126	1	6
2.13969	0	1	90	LastDelay	0.497982	497982	1	6
2.13969	0	1	90	FullDelay	0.497982	497982	1	6
2.14986	0	1	91	LastDelay	0.501329	501329	1	6
2.14986	0	1	91	FullDelay	0.501329	501329	1	6
2.17757	0	1	93	LastDelay	0.515386	515386	1	6
2.17757	0	1	93	FullDelay	0.515386	515386	1	6
2.18817	0	1	94	LastDelay	0.519157	519157	1	6
2.18817	0	1	94	FullDelay	0.519157	519157	1	6
2.20613	0	1	95	LastDelay	0.530293	530293	1	6
2.20613	0	1	95	FullDelay	0.530293	530293	1	6
2.21654	0	1	96	LastDelay	0.533872	533872	1	6
2.21654	0	1	96	FullDelay	0.533872	533872	1	6
2.22995	0	1	97	LastDelay	0.540455	540455	1	6
2.22995	0	1	97	FullDelay	0.540455	540455	1	6
2.24916	0	1	99	LastDelay	0.546016	546016	1	6
2.24916	0	1	99	FullDelay	0.546016	546016	1	6
2.25986	0	1	100	LastDelay	0.549885	549885	1	6
2.25986	0	1	100	FullDelay	0.549885	549885	1	6
2.26994	0	1	101	LastDelay	0.553135	553135	1	6
2.26994	0	1	101	FullDelay	0.553135	553135	1	6
2.27903	0	1	102	LastDelay	0.555407	555407	1	6
2.27903	0	1	102	FullDelay	0.555407	555407	1	6
2.29019	0	1	103	LastDelay	0.559735	559735	1	6
2.29019	0	1	103	FullDelay	0.559735	559735	1	6
2.3025	0	1	104	LastDelay	0.565222	565222	1	6
2.3025	0	1	104	FullDelay	0.565222	565222	1	6
2.3136	0	1	105	LastDelay	0.56949	569490	1	6
2.3136	0	1	105	FullDelay	0.56949	569490	1	6
2.33118	0	1	106	LastDelay	0.580247	580247	1	6
2.33118	0	1	106	FullDelay	0.580247	580247	1	6
2.34207	0	1	107	LastDelay	0.584315	584315	1	6
2.34207	0	1	107	FullDelay	0.584315	584315	1	6
2.35209	0	1	108	LastDelay	0.587505	587505	1	6
2.35209	0	1	108	FullDelay	0.587505	587505	1	6
2.37191	0	1	110	LastDelay	0.593666	593666	1	6
2.37191	0	1	110	FullDelay	0.593666	593666	1	6
2.382	0	1	111	LastDelay	0.596935	596935	1	6
2.382	0	1	111	FullDelay	0.596935	596935	1	6
2.39126	0	1	112	LastDelay	0.599367	599367	1	6
2.39126	0	1	112	FullDelay	0.599367	599367	1	6
2.40054	0	1	113	LastDelay	0.601818	601818	1	6
2.40054	0	1	113	FullDelay	0.601818	601818	1	6
2.41081	0	1	39	LastDelay	0.605264	605264	1	2
2.41081	0	1	39	FullDelay	1.14457	1.14457e+06	2	2
2.43977	0	1	115	LastDelay	0.620571	620571	1	6
2.43977	0	1	115	FullDelay	0.620571	620571	1	6
2.45007	0	1	116	LastDelay	0.62404	624040	1	6
2.45007	0	1	116	FullDelay	0.62404	624040	1	6
2.46057	0	1	117	LastDelay	0.627721	627721	1	6
2.46057	0	1	117	FullDelay	0.627721	627721	1	6
2.47122	0	1	118	LastDelay	0.63154	631540	1	6
2.47122	0	1	118	FullDelay	0.63154	631540	1	6
2.4803	0	1	119	LastDelay	0.633791	633791	1	6
2.4803	0	1	119	FullDelay	0.633791	633791	1	6
2.49306	0	1	47	LastDelay	0.639727	639727	1	2
2.49306	0	1	47	FullDelay	1.17221	1.17221e+06	2	2
2.50573	0	1	120	LastDelay	0.645571	645571	1	6
2.50573	0	1	120	FullDelay	0.645571	645571	1	6
2.51577	0	1	121	LastDelay	0.648781	648781	1	6
2.51577	0	1	121	FullDelay	0.648781	648781	1	6
2.52716	0	1	122	LastDelay	0.653349	653349	1	6
2.52716	0	1	122	FullDelay	0.653349	653349	1	6
2.53624	0	1	123	LastDelay	0.655601	655601	1	6
2.53624	0	1	123	FullDelay	0.655601	655601	1	6
2.55366	0	1	50	LastDelay	0.652545	652545	1	2
2.55366	0	1	50	FullDelay	1.21233	1.21233e+06	2	2
2.56596	0	1	124	LastDelay	0.678498	678498	1	6
2.56596	0	1	124	FullDelay	0.678498	678498	1	6
2.57714	0	1	125	LastDelay	0.682842	682842	1	6
2.57714	0	1	125	FullDelay	0.682842	682842	1	6
2.59586	0	1	126	LastDelay	0.687918	687918	1	6
2.59586	0	1	126	FullDelay	0.687918	687918	1	6
2.60803	0	1	127	LastDelay	0.693257	693257	1	6
2.60803	0	1	127	FullDelay	0.693257	693257	1	6
2.61896	0	1	128	LastDelay	0.697365	697365	1	6
2.61896	0	1	128	FullDelay	0.697365	697365	1	6
2.629	0	1	129	LastDelay	0.700575	700575	1	6
2.629	0	1	129	FullDelay	0.700575	700575	1	6
2.6457	0	1	130	LastDelay	0.710444	710444	1	6
2.6457	0	1	130	FullDelay	0.710444	710444	1	6
2.65771	0	1	131	LastDelay	0.715631	715631	1	6
2.65771	0	1	131	FullDelay	0.715631	715631	1	6
2.66749	0	1	132	LastDelay	0.718582	718582	1	6
2.66749	0	1	132	FullDelay	0.718582	718582	1	6
2.67663	0	1	133	LastDelay	0.720893	720893	1	6
2.67663	0	1	133	FullDelay	0.720893	720893	1	6
2.68758	0	1	134	LastDelay	0.725021	725021	1	6
2.68758	0	1	134	FullDelay	0.725021	725021	1	6
2.69668	0	1	135	LastDelay	0.727293	727293	1	6
2.69668	0	1	135	FullDelay	0.727293	727293	1	6
2.70672	0	1	136	LastDelay	0.730503	730503	1	6
2.70672	0	1	136	FullDelay	0.730503	730503	1	6
2.72062	0	1	137	LastDelay	0.737578	737578	1	6
2.72062	0	1	137	FullDelay	0.737578	737578	1	6
2.73652	0	1	138	LastDelay	0.746656	746656	1	6
2.73652	0	1	138	FullDelay	0.746656	746656	1	6
2.74586	0	1	139	LastDelay	0.749163	749163	1	6
2.74586	0	1	139	FullDelay	0.749163	749163	1	6
2.75585	0	1	140	LastDelay	0.752333	752333	1	6
2.75585	0	1	140	FullDelay	0.752333	752333	1	6
2.76988	0	1	141	LastDelay	0.759534	759534	1	6
2.76988	0	1	141	FullDelay	0.759534	759534	1	6
2.77926	0	1	142	LastDelay	0.762086	762086	1	6
2.77926	0	1	142	FullDelay	0.762086	762086	1	6
2.79973	0	1	144	LastDelay	0.768906	768906	1	6
2.79973	0	1	144	FullDelay	0.768906	768906	1	6
2.80975	0	1	145	LastDelay	0.772096	772096	1	6
2.80975	0	1	145	FullDelay	0.772096	772096	1	6
2.82056	0	1	146	LastDelay	0.776084	776084	1	6
2.82056	0	1	146	FullDelay	0.776084	776084	1	6
2.83663	0	1	147	LastDelay	0.785323	785323	1	6
2.83663	0	1	147	FullDelay	0.785323	785323	1	6
2.8484	0	1	148	LastDelay	0.790269	790269	1	6
2.8484	0	1	148	FullDelay	0.790269	790269	1	6
2.85796	0	1	149	LastDelay	0.793001	793001	1	6
2.85796	0	1	149	FullDelay	0.793001	793001	1	6
2.8775	0	1	70	LastDelay	0.771582	771582	1	2
2.8775	0	1	70	FullDelay	1.39281	1.39281e+06	2	2
2.88656	0	1	150	LastDelay	0.814773	814773	1	6
2.88656	0	1	150	FullDelay	0.814773	814773	1	6
2.89668	0	1	151	LastDelay	0.818063	818063	1	6
2.89668	0	1	151	FullDelay	0.818063	818063	1	6
2.90771	0	1	152	LastDelay	0.822272	822272	1	6
2.90771	0	1	152	FullDelay	0.822272	822272	1	6
2.92721	0	1	154	LastDelay	0.828114	828114	1	6
2.92721	0	1	154	FullDelay	0.828114	828114	1	6
2.9485	0	1	155	LastDelay	0.835752	835752	1	6
2.9485	0	1	155	FullDelay	0.835752	835752	1	6
2.95856	0	1	156	LastDelay	0.838982	838982	1	6
2.95856	0	1	156	FullDelay	0.838982	838982	1	6
2.96833	0	1	157	LastDelay	0.841933	841933	1	6
2.96833	0	1	157	FullDelay	0.841933	841933	1	6
2.97871	0	1	158	LastDelay	0.84548	845480	1	6
2.97871	0	1	158	FullDelay	0.84548	845480	1	6
2.98776	0	1	159	LastDelay	0.847711	847711	1	6
2.98776	0	1	159	FullDelay	0.847711	847711	1	6
2.99705	0	1	160	LastDelay	0.850171	850171	1	6
2.99705	0	1	160	FullDelay	0.850171	850171	1	6
3.00978	0	1	161	LastDelay	0.856075	856075	1	6
3.00978	0	1	161	FullDelay	0.856075	856075	1	6
3.0216	0	1	162	LastDelay	0.861062	861062	1	6
3.0216	0	1	162	FullDelay	0.861062	861062	1	6
3.03374	0	1	163	LastDelay	0.866384	866384	1	6
3.03374	0	1	163	FullDelay	0.866384	866384	1	6
3.0446	0	1	164	LastDelay	0.870412	870412	1	6
3.0446	0	1	164	FullDelay	0.870412	870412	1	6
3.05456	0	1	165	LastDelay	0.873542	873542	1	6
3.05456	0	1	165	FullDelay	0.873542	873542	1	6
3.06635	0	1	166	LastDelay	0.878508	878508	1	6
3.06635	0	1	166	FullDelay	0.878508	878508	1	6
3.07623	0	1	167	LastDelay	0.88156	881560	1	6
3.07623	0	1	167	FullDelay	0.88156	881560	1	6
3.09752	0	1	168	LastDelay	0.896031	896031	1	6
3.09752	0	1	168	FullDelay	0.896031	896031	1	6
3.10676	0	1	169	LastDelay	0.898442	898442	1	6
3.10676	0	1	169	FullDelay	0.898442	898442	1	6
3.1167	0	1	170	LastDelay	0.901552	901552	1	6
3.1167	0	1	170	FullDelay	0.901552	901552	1	6
3.12809	0	1	171	LastDelay	0.906121	906121	1	6
3.12809	0	1	171	FullDelay	0.906121	906121	1	6
3.1383	0	1	172	LastDelay	0.909499	909499	1	6
3.1383	0	1	172	FullDelay	0.909499	909499	1	6
3.14844	0	1	173	LastDelay	0.912818	912818	1	6
3.14844	0	1	173	FullDelay	0.912818	912818	1	6
3.15773	0	1	174	LastDelay	0.915277	915277	1	6
3.15773	0	1	174	FullDelay	0.915277	915277	1	6
3.1709	0	1	175	LastDelay	0.921618	921618	1	6
3.1709	0	1	175	FullDelay	0.921618	921618	1	6
3.18068	0	1	176	LastDelay	0.924569	924569	1	6
3.18068	0	1	176	FullDelay	0.924569	924569	1	6
3.19107	0	1	177	LastDelay	0.928136	928136	1	6
3.19107	0	1	177	FullDelay	0.928136	928136	1	6
3.20121	0	1	178	LastDelay	0.931454	931454	1	6
3.20121	0	1	178	FullDelay	0.931454	931454	1	6
3.21732	0	1	179	LastDelay	0.940738	940738	1	6
3.21732	0	1	179	FullDelay	0.940738	940738	1	6
3.22787	0	1	180	LastDelay	0.944452	944452	1	6
3.22787	0	1	180	FullDelay	0.944452	944452	1	6
3.24061	0	1	181	LastDelay	0.950366	950366	1	6
3.24061	0	1	181	FullDelay	0.950366	950366	1	6
3.24974	0	1	182	LastDelay	0.952677	952677	1	6
3.24974	0	1	182	FullDelay	0.952677	952677	1	6
3.26003	0	1	183	LastDelay	0.956135	956135	1	6
3.26003	0	1	183	FullDelay	0.956135	956135	1	6
3.26915	0	1	184	LastDelay	0.958426	958426	1	6
3.26915	0	1	184	FullDelay	0.958426	958426	1	6
3.288	0	1	87	LastDelay	0.936321	936321	1	2
3.288	0	1	87	FullDelay	1.66677	1.66677e+06	2	2
3.30296	0	1	185	LastDelay	0.985417	985417	1	6
3.30296	0	1	185	FullDelay	0.985417	985417	1	6
3.31425	0	1	186	LastDelay	0.989882	989882	1	6
3.31425	0	1	186	FullDelay	0.989882	989882	1	6
3.32446	0	1	187	LastDelay	0.99326	993260	1	6
3.32446	0	1	187	FullDelay	0.99326	993260	1	6
3.33352	0	1	188	LastDelay	0.995491	995491	1	6
3.33352	0	1	188	FullDelay	0.995491	995491	1	6
3.35363	0	1	190	LastDelay	0.99512	995120	1	6
3.35363	0	1	190	FullDelay	0.99512	995120	1	6
3.36272	0	1	191	LastDelay	0.997391	997391	1	6
3.36272	0	1	191	FullDelay	0.997391	997391	1	6
3.37204	0	1	192	LastDelay	0.999883	999883	1	6
3.37204	0	1	192	FullDelay	0.999883	999883	1	6
3.38312	0	1	193	LastDelay	1.00413	1.00413e+06	1	6
3.38312	0	1	193	FullDelay	1.00413	1.00413e+06	1	6
3.39766	0	1	92	LastDelay	0.991364	991364	1	2
3.39766	0	1	92	FullDelay	1.7423	1.7423e+06	2	2
3.41098	0	1	194	LastDelay	1.02517	1.02517e+06	1	6
3.41098	0	1	194	FullDelay	1.02517	1.02517e+06	1	6
3.42279	0	1	195	LastDelay	1.03015	1.03015e+06	1	6
3.42279	0	1	195	FullDelay	1.03015	1.03015e+06	1	6
3.43298	0	1	196	LastDelay	1.03351	1.03351e+06	1	6
3.43298	0	1	196	FullDelay	1.03351	1.03351e+06	1	6
3.44208	0	1	197	LastDelay	1.02896	1.02896e+06	1	6
3.44208	0	1	197	FullDelay	1.02896	1.02896e+06	1	6
3.45167	0	1	198	LastDelay	1.03173	1.03173e+06	1	6
3.45167	0	1	198	FullDelay	1.03173	1.03173e+06	1	6
3.46093	0	1	199	LastDelay	1.03416	1.03416e+06	1	6
3.46093	0	1	199	FullDelay	1.03416	1.03416e+06	1	6
3.47176	0	1	200	LastDelay	1.03816	1.03816e+06	1	6
3.47176	0	1	200	FullDelay	1.03816	1.03816e+06	1	6
3.48596	0	1	98	LastDelay	1.03188	1.03188e+06	1	2
3.48596	0	1	98	FullDelay	1.78964	1.78964e+06	2	2
3.49938	0	1	201	LastDelay	1.05895	1.05895e+06	1	6
3.49938	0	1	201	FullDelay	1.05895	1.05895e+06	1	6
3.5085	0	1	202	LastDelay	1.06124	1.06124e+06	1	6
3.5085	0	1	202	FullDelay	1.06124	1.06124e+06	1	6
3.51862	0	1	203	LastDelay	1.05771	1.05771e+06	1	6
3.51862	0	1	203	FullDelay	1.05771	1.05771e+06	1	6
3.53397	0	1	204	LastDelay	1.06624	1.06624e+06	1	6
3.53397	0	1	204	FullDelay	1.06624	1.06624e+06	1	6
3.5451	0	1	205	LastDelay	1.07054	1.07054e+06	1	6
3.5451	0	1	205	FullDelay	1.07054	1.07054e+06	1	6
3.55428	0	1	206	LastDelay	1.07289	1.07289e+06	1	6
3.55428	0	1	206	FullDelay	1.07289	1.07289e+06	1	6
3.56474	0	1	207	LastDelay	1.07653	1.07653e+06	1	6
3.56474	0	1	207	FullDelay	1.07653	1.07653e+06	1	6
3.58808	0	1	208	LastDelay	1.09304	1.09304e+06	1	6
3.58808	0	1	208	FullDelay	1.09304	1.09304e+06	1	6
3.59751	0	1	209	LastDelay	1.09564	1.09564e+06	1	6
3.59751	0	1	209	FullDelay	1.09564	1.09564e+06	1	6
3.60891	0	1	210	LastDelay	1.10021	1.10021e+06	1	6
3.60891	0	1	210	FullDelay	1.10021	1.10021e+06	1	6
3.61913	0	1	211	LastDelay	1.10361	1.10361e+06	1	6
3.61913	0	1	211	FullDelay	1.10361	1.10361e+06	1	6
3.62935	0	1	212	LastDelay	1.107	1.107e+06	1	6
3.62935	0	1	212	FullDelay	1.107	1.107e+06	1	6
3.65038	0	1	214	LastDelay	1.11438	1.11438e+06	1	6
3.65038	0	1	214	FullDelay	1.11438	1.11438e+06	1	6
3.66117	0	1	215	LastDelay	1.11835	1.11835e+06	1	6
3.66117	0	1	215	FullDelay	1.11835	1.11835e+06	1	6
3.67705	0	1	216	LastDelay	1.1274	1.1274e+06	1	6
3.67705	0	1	216	FullDelay	1.1274	1.1274e+06	1	6
3.68782	0	1	217	LastDelay	1.13134	1.13134e+06	1	6
3.68782	0	1	217	FullDelay	1.13134	1.13134e+06	1	6
3.69888	0	1	218	LastDelay	1.13558	1.13558e+06	1	6
3.69888	0	1	218	FullDelay	1.13558	1.13558e+06	1	6
3.70997	0	1	219	LastDelay	1.13984	1.13984e+06	1	6
3.70997	0	1	219	FullDelay	1.13984	1.13984e+06	1	6
3.71934	0	1	220	LastDelay	1.14238	1.14238e+06	1	6
3.71934	0	1	220	FullDelay	1.14238	1.14238e+06	1	6
3.72877	0	1	221	LastDelay	1.14498	1.14498e+06	1	6
3.72877	0	1	221	FullDelay	1.14498	1.14498e+06	1	6
3.74386	0	1	222	LastDelay	1.15325	1.15325e+06	1	6
3.74386	0	1	222	FullDelay	1.15325	1.15325e+06	1	6
3.7649	0	1	224	LastDelay	1.16063	1.16063e+06	1	6
3.7649	0	1	224	FullDelay	1.16063	1.16063e+06	1	6
3.78159	0	1	109	LastDelay	1.12954	1.12954e+06	1	2
3.78159	0	1	109	FullDelay	2.01018	2.01018e+06	2	2
3.79223	0	1	225	LastDelay	1.18114	1.18114e+06	1	6
3.79223	0	1	225	FullDelay	1.18114	1.18114e+06	1	6
3.80131	0	1	226	LastDelay	1.18339	1.18339e+06	1	6
3.80131	0	1	226	FullDelay	1.18339	1.18339e+06	1	6
3.81127	0	1	227	LastDelay	1.18653	1.18653e+06	1	6
3.81127	0	1	227	FullDelay	1.18653	1.18653e+06	1	6
3.8214	0	1	228	LastDelay	1.18982	1.18982e+06	1	6
3.8214	0	1	228	FullDelay	1.18982	1.18982e+06	1	6
3.83227	0	1	229	LastDelay	1.19387	1.19387e+06	1	6
3.83227	0	1	229	FullDelay	1.19387	1.19387e+06	1	6
3.84244	0	1	230	LastDelay	1.19722	1.19722e+06	1	6
3.84244	0	1	230	FullDelay	1.19722	1.19722e+06	1	6
3.85239	0	1	231	LastDelay	1.19351	1.19351e+06	1	6
3.85239	0	1	231	FullDelay	1.19351	1.19351e+06	1	6
3.8643	0	1	232	LastDelay	1.19859	1.19859e+06	1	6
3.8643	0	1	232	FullDelay	1.19859	1.19859e+06	1	6
3.87377	0	1	233	LastDelay	1.20124	1.20124e+06	1	6
3.87377	0	1	233	FullDelay	1.20124	1.20124e+06	1	6
3.88326	0	1	234	LastDelay	1.2039	1.2039e+06	1	6
3.88326	0	1	234	FullDelay	1.2039	1.2039e+06	1	6
3.8979	0	1	235	LastDelay	1.21171	1.21171e+06	1	6
3.8979	0	1	235	FullDelay	1.21171	1.21171e+06	1	6
3.90739	0	1	236	LastDelay	1.21438	1.21438e+06	1	6
3.90739	0	1	236	FullDelay	1.21438	1.21438e+06	1	6
3.94285	0	1	237	LastDelay	1.24301	1.24301e+06	1	6
3.94285	0	1	237	FullDelay	1.24301	1.24301e+06	1	6
3.95248	0	1	238	LastDelay	1.23899	1.23899e+06	1	6
3.95248	0	1	238	FullDelay	1.23899	1.23899e+06	1	6
3.96207	0	1	239	LastDelay	1.24175	1.24175e+06	1	6
3.96207	0	1	239	FullDelay	1.24175	1.24175e+06	1	6
3.97231	0	1	240	LastDelay	1.24517	1.24517e+06	1	6
3.97231	0	1	240	FullDelay	1.24517	1.24517e+06	1	6
3.98346	0	1	241	LastDelay	1.24949	1.24949e+06	1	6
3.98346	0	1	241	FullDelay	1.24949	1.24949e+06	1	6
3.99367	0	1	242	LastDelay	1.25287	1.25287e+06	1	6
3.99367	0	1	242	FullDelay	1.25287	1.25287e+06	1	6
4.01032	0	1	243	LastDelay	1.26269	1.26269e+06	1	6
4.01032	0	1	243	FullDelay	1.26269	1.26269e+06	1	6
4.03048	0	1	245	LastDelay	1.2692	1.2692e+06	1	6
4.03048	0	1	245	FullDelay	1.2692	1.2692e+06	1	6
4.05249	0	1	247	LastDelay	1.27755	1.27755e+06	1	6
4.05249	0	1	247	FullDelay	1.27755	1.27755e+06	1	6
4.0633	0	1	248	LastDelay	1.28154	1.28154e+06	1	6
4.0633	0	1	248	FullDelay	1.28154	1.28154e+06	1	6
4.08418	0	1	250	LastDelay	1.28877	1.28877e+06	1	6
4.08418	0	1	250	FullDelay	1.28877	1.28877e+06	1	6
4.09968	0	1	251	LastDelay	1.29744	1.29744e+06	1	6
4.09968	0	1	251	FullDelay	1.29744	1.29744e+06	1	6
4.10882	0	1	252	LastDelay	1.29975	1.29975e+06	1	6
4.10882	0	1	252	FullDelay	1.29975	1.29975e+06	1	6
4.12079	0	1	253	LastDelay	1.3049	1.3049e+06	1	6
4.12079	0	1	253	FullDelay	1.3049	1.3049e+06	1	6
4.13326	0	1	254	LastDelay	1.31054	1.31054e+06	1	6
4.13326	0	1	254	FullDelay	1.31054	1.31054e+06	1	6
4.14274	0	1	255	LastDelay	1.31319	1.31319e+06	1	6
4.14274	0	1	255	FullDelay	1.31319	1.31319e+06	1	6
4.15203	0	1	256	LastDelay	1.31566	1.31566e+06	1	6
4.15203	0	1	256	FullDelay	1.31566	1.31566e+06	1	6
4.16531	0	1	257	LastDelay	1.32211	1.32211e+06	1	6
4.16531	0	1	257	FullDelay	1.32211	1.32211e+06	1	6
4.17439	0	1	258	LastDelay	1.32437	1.32437e+06	1	6
4.17439	0	1	258	FullDelay	1.32437	1.32437e+06	1	6
4.18494	0	1	259	LastDelay	1.32809	1.32809e+06	1	6
4.18494	0	1	259	FullDelay	1.32809	1.32809e+06	1	6
4.19761	0	1	260	LastDelay	1.33393	1.33393e+06	1	6
4.19761	0	1	260	FullDelay	1.33393	1.33393e+06	1	6
4.2076	0	1	261	LastDelay	1.33709	1.33709e+06	1	6
4.2076	0	1	261	FullDelay	1.33709	1.33709e+06	1	6
4.22385	0	1	262	LastDelay	1.34652	1.34652e+06	1	6
4.22385	0	1	262	FullDelay	1.34652	1.34652e+06	1	6
4.23298	0	1	263	LastDelay	1.34882	1.34882e+06	1	6
4.23298	0	1	263	FullDelay	1.34882	1.34882e+06	1	6
4.24468	0	1	264	LastDelay	1.35369	1.35369e+06	1	6
4.24468	0	1	264	FullDelay	1.35369	1.35369e+06	1	6
4.2561	0	1	265	LastDelay	1.35829	1.35829e+06	1	6
4.2561	0	1	265	FullDelay	1.35829	1.35829e+06	1	6
4.26517	0	1	266	LastDelay	1.36053	1.36053e+06	1	6
4.26517	0	1	266	FullDelay	1.36053	1.36053e+06	1	6
4.27787	0	1	267	LastDelay	1.36641	1.36641e+06	1	6
4.27787	0	1	267	FullDelay	1.36641	1.36641e+06	1	6
4.28883	0	1	268	LastDelay	1.37054	1.37054e+06	1	6
4.28883	0	1	268	FullDelay	1.37054	1.37054e+06	1	6
4.30069	0	1	269	LastDelay	1.37557	1.37557e+06	1	6
4.30069	0	1	269	FullDelay	1.37557	1.37557e+06	1	6
4.30997	0	1	270	LastDelay	1.37802	1.37802e+06	1	6
4.30997	0	1	270	FullDelay	1.37802	1.37802e+06	1	6
4.32325	0	1	271	LastDelay	1.38447	1.38447e+06	1	6
4.32325	0	1	271	FullDelay	1.38447	1.38447e+06	1	6
4.3333	0	1	272	LastDelay	1.3877	1.3877e+06	1	6
4.3333	0	1	272	FullDelay	1.3877	1.3877e+06	1	6
4.3439	0	1	273	LastDelay	1.39147	1.39147e+06	1	6
4.3439	0	1	273	FullDelay	1.39147	1.39147e+06	1	6
4.36081	0	1	274	LastDelay	1.40155	1.40155e+06	1	6
4.36081	0	1	274	FullDelay	1.40155	1.40155e+06	1	6
4.37109	0	1	275	LastDelay	1.40502	1.40502e+06	1	6
4.37109	0	1	275	FullDelay	1.40502	1.40502e+06	1	6
4.38138	0	1	276	LastDelay	1.40847	1.40847e+06	1	6
4.38138	0	1	276	FullDelay	1.40847	1.40847e+06	1	6
4.39156	0	1	277	LastDelay	1.41183	1.41183e+06	1	6
4.39156	0	1	277	FullDelay	1.41183	1.41183e+06	1	6
4.40657	0	1	278	LastDelay	1.42001	1.42001e+06	1	6
4.40657	0	1	278	FullDelay	1.42001	1.42001e+06	1	6
4.4157	0	1	279	LastDelay	1.42231	1.42231e+06	1	6
4.4157	0	1	279	FullDelay	1.42231	1.42231e+06	1	6
4.42567	0	1	280	LastDelay	1.42546	1.42546e+06	1	6
4.42567	0	1	280	FullDelay	1.42546	1.42546e+06	1	6
4.44465	0	1	281	LastDelay	1.43761	1.43761e+06	1	6
4.44465	0	1	281	FullDelay	1.43761	1.43761e+06	1	6
4.45485	0	1	282	LastDelay	1.44099	1.44099e+06	1	6
4.45485	0	1	282	FullDelay	1.44099	1.44099e+06	1	6
4.46579	0	1	283	LastDelay	1.4451	1.4451e+06	1	6
4.46579	0	1	283	FullDelay	1.4451	1.4451e+06	1	6
4.47525	0	1	284	LastDelay	1.44773	1.44773e+06	1	6
4.47525	0	1	284	FullDelay	1.44773	1.44773e+06	1	6
4.4875	0	1	285	LastDelay	1.45315	1.45315e+06	1	6
4.4875	0	1	285	FullDelay	1.45315	1.45315e+06	1	6
4.49662	0	1	286	LastDelay	1.45545	1.45545e+06	1	6
4.49662	0	1	286	FullDelay	1.45545	1.45545e+06	1	6
4.50823	0	1	143	LastDelay	1.4534	1.4534e+06	1	2
4.50823	0	1	143	FullDelay	2.48423	2.48423e+06	2	2
4.52349	0	1	287	LastDelay	1.47549	1.47549e+06	1	6
4.52349	0	1	287	FullDelay	1.47549	1.47549e+06	1	6
4.53373	0	1	288	LastDelay	1.47208	1.47208e+06	1	6
4.53373	0	1	288	FullDelay	1.47208	1.47208e+06	1	6
4.54382	0	1	289	LastDelay	1.47534	1.47534e+06	1	6
4.54382	0	1	289	FullDelay	1.47534	1.47534e+06	1	6
4.55288	0	1	290	LastDelay	1.47758	1.47758e+06	1	6
4.55288	0	1	290	FullDelay	1.47758	1.47758e+06	1	6
4.56417	0	1	291	LastDelay	1.48203	1.48203e+06	1	6
4.56417	0	1	291	FullDelay	1.48203	1.48203e+06	1	6
4.58393	0	1	292	LastDelay	1.49497	1.49497e+06	1	6
4.58393	0	1	292	FullDelay	1.49497	1.49497e+06	1	6
4.59302	0	1	293	LastDelay	1.49723	1.49723e+06	1	6
4.59302	0	1	293	FullDelay	1.49723	1.49723e+06	1	6
4.6028	0	1	294	LastDelay	1.50019	1.50019e+06	1	6
4.6028	0	1	294	FullDelay	1.50019	1.50019e+06	1	6
4.62732	0	1	153	LastDelay	1.47692	1.47692e+06	1	2
4.62732	0	1	153	FullDelay	2.53505	2.53505e+06	2	2
4.65134	0	1	297	LastDelay	1.52825	1.52825e+06	1	6
4.65134	0	1	297	FullDelay	1.52825	1.52825e+06	1	6
4.67106	0	1	299	LastDelay	1.53431	1.53431e+06	1	6
4.67106	0	1	299	FullDelay	1.53431	1.53431e+06	1	6
4.6822	0	1	300	LastDelay	1.53862	1.53862e+06	1	6
4.6822	0	1	300	FullDelay	1.53862	1.53862e+06	1	6
4.6914	0	1	301	LastDelay	1.53418	1.53418e+06	1	6
4.6914	0	1	301	FullDelay	1.53418	1.53418e+06	1	6
4.7022	0	1	302	LastDelay	1.53814	1.53814e+06	1	6
4.7022	0	1	302	FullDelay	1.53814	1.53814e+06	1	6
4.7113	0	1	303	LastDelay	1.54042	1.54042e+06	1	6
4.7113	0	1	303	FullDelay	1.54042	1.54042e+06	1	6
4.72059	0	1	304	LastDelay	1.54288	1.54288e+06	1	6
4.72059	0	1	304	FullDelay	1.54288	1.54288e+06	1	6
4.73058	0	1	305	LastDelay	1.54605	1.54605e+06	1	6
4.73058	0	1	305	FullDelay	1.54605	1.54605e+06	1	6
4.73979	0	1	306	LastDelay	1.54843	1.54843e+06	1	6
4.73979	0	1	306	FullDelay	1.54843	1.54843e+06	1	6
4.75334	0	1	307	LastDelay	1.55515	1.55515e+06	1	6
4.75334	0	1	307	FullDelay	1.55515	1.55515e+06	1	6
4.76444	0	1	308	LastDelay	1.55942	1.55942e+06	1	6
4.76444	0	1	308	FullDelay	1.55942	1.55942e+06	1	6
4.78413	0	1	310	LastDelay	1.56547	1.56547e+06	1	6
4.78413	0	1	310	FullDelay	1.56547	1.56547e+06	1	6
4.8088	0	1	312	LastDelay	1.57648	1.57648e+06	1	6
4.8088	0	1	312	FullDelay	1.57648	1.57648e+06	1	6
4.82262	0	1	313	LastDelay	1.58348	1.58348e+06	1	6
4.82262	0	1	313	FullDelay	1.58348	1.58348e+06	1	6
4.83282	0	1	314	LastDelay	1.58684	1.58684e+06	1	6
4.83282	0	1	314	FullDelay	1.58684	1.58684e+06	1	6
4.84339	0	1	315	LastDelay	1.59059	1.59059e+06	1	6
4.84339	0	1	315	FullDelay	1.59059	1.59059e+06	1	6
4.85281	0	1	316	LastDelay	1.59318	1.59318e+06	1	6
4.85281	0	1	316	FullDelay	1.59318	1.59318e+06	1	6
4.87316	0	1	318	LastDelay	1.59988	1.59988e+06	1	6
4.87316	0	1	318	FullDelay	1.59988	1.59988e+06	1	6
4.88944	0	1	319	LastDelay	1.60933	1.60933e+06	1	6
4.88944	0	1	319	FullDelay	1.60933	1.60933e+06	1	6
4.90059	0	1	320	LastDelay	1.61365	1.61365e+06	1	6
4.90059	0	1	320	FullDelay	1.61365	1.61365e+06	1	6
4.91241	0	1	321	LastDelay	1.61865	1.61865e+06	1	6
4.91241	0	1	321	FullDelay	1.61865	1.61865e+06	1	6
4.9225	0	1	322	LastDelay	1.62191	1.62191e+06	1	6
4.9225	0	1	322	FullDelay	1.62191	1.62191e+06	1	6
4.93166	0	1	323	LastDelay	1.62425	1.62425e+06	1	6
4.93166	0	1	323	FullDelay	1.62425	1.62425e+06	1	6
4.94498	0	1	324	LastDelay	1.63074	1.63074e+06	1	6
4.94498	0	1	324	FullDelay	1.63074	1.63074e+06	1	6
4.95883	0	1	325	LastDelay	1.63777	1.63777e+06	1	6
4.95883	0	1	325	FullDelay	1.63777	1.63777e+06	1	6
4.97606	0	1	326	LastDelay	1.64816	1.64816e+06	1	6
4.97606	0	1	326	FullDelay	1.64816	1.64816e+06	1	6
4.98782	0	1	327	LastDelay	1.6531	1.6531e+06	1	6
4.98782	0	1	327	FullDelay	1.6531	1.6531e+06	1	6
4.99689	0	1	328	LastDelay	1.65534	1.65534e+06	1	6
4.99689	0	1	328	FullDelay	1.65534	1.65534e+06	1	6
5.01582	0	1	330	LastDelay	1.66062	1.66062e+06	1	6
5.01582	0	1	330	FullDelay	1.66062	1.66062e+06	1	6
5.02513	0	1	331	LastDelay	1.66311	1.66311e+06	1	6
5.02513	0	1	331	FullDelay	1.66311	1.66311e+06	1	6
5.03775	0	1	332	LastDelay	1.6689	1.6689e+06	1	6
5.03775	0	1	332	FullDelay	1.6689	1.6689e+06	1	6
5.04964	0	1	333	LastDelay	1.67396	1.67396e+06	1	6
5.04964	0	1	333	FullDelay	1.67396	1.67396e+06	1	6
5.06003	0	1	334	LastDelay	1.67753	1.67753e+06	1	6
5.06003	0	1	334	FullDelay	1.67753	1.67753e+06	1	6
5.08126	0	1	336	LastDelay	1.6851	1.6851e+06	1	6
5.08126	0	1	336	FullDelay	1.6851	1.6851e+06	1	6
5.0916	0	1	337	LastDelay	1.68861	1.68861e+06	1	6
5.0916	0	1	337	FullDelay	1.68861	1.68861e+06	1	6
5.10706	0	1	338	LastDelay	1.69724	1.69724e+06	1	6
5.10706	0	1	338	FullDelay	1.69724	1.69724e+06	1	6
5.11692	0	1	339	LastDelay	1.70028	1.70028e+06	1	6
5.11692	0	1	339	FullDelay	1.70028	1.70028e+06	1	6
5.12601	0	1	340	LastDelay	1.70254	1.70254e+06	1	6
5.12601	0	1	340	FullDelay	1.70254	1.70254e+06	1	6
5.13509	0	1	341	LastDelay	1.7048	1.7048e+06	1	6
5.13509	0	1	341	FullDelay	1.7048	1.7048e+06	1	6
5.15981	0	1	343	LastDelay	1.71586	1.71586e+06	1	6
5.15981	0	1	343	FullDelay	1.71586	1.71586e+06	1	6
5.17133	0	1	344	LastDelay	1.72056	1.72056e+06	1	6
5.17133	0	1	344	FullDelay	1.72056	1.72056e+06	1	6
5.1804	0	1	345	LastDelay	1.7228	1.7228e+06	1	6
5.1804	0	1	345	FullDelay	1.7228	1.7228e+06	1	6
5.19167	0	1	346	LastDelay	1.72724	1.72724e+06	1	6
5.19167	0	1	346	FullDelay	1.72724	1.72724e+06	1	6
5.21651	0	1	348	LastDelay	1.73843	1.73843e+06	1	6
5.21651	0	1	348	FullDelay	1.73843	1.73843e+06	1	6
5.22659	0	1	349	LastDelay	1.74168	1.74168e+06	1	6
5.22659	0	1	349	FullDelay	1.74168	1.74168e+06	1	6
5.24093	0	1	350	LastDelay	1.74919	1.74919e+06	1	6
5.24093	0	1	350	FullDelay	1.74919	1.74919e+06	1	6
5.25028	0	1	351	LastDelay	1.75172	1.75172e+06	1	6
5.25028	0	1	351	FullDelay	1.75172	1.75172e+06	1	6
5.2604	0	1	352	LastDelay	1.75502	1.75502e+06	1	6
5.2604	0	1	352	FullDelay	1.75502	1.75502e+06	1	6
5.27072	0	1	353	LastDelay	1.75851	1.75851e+06	1	6
5.27072	0	1	353	FullDelay	1.75851	1.75851e+06	1	6
5.28185	0	1	354	LastDelay	1.76281	1.76281e+06	1	6
5.28185	0	1	354	FullDelay	1.76281	1.76281e+06	1	6
5.2984	0	1	189	LastDelay	1.74523	1.74523e+06	1	2
5.2984	0	1	189	FullDelay	2.95355	2.95355e+06	2	2
5.3075	0	1	355	LastDelay	1.78164	1.78164e+06	1	6
5.3075	0	1	355	FullDelay	1.78164	1.78164e+06	1	6
5.31826	0	1	356	LastDelay	1.78556	1.78556e+06	1	6
5.31826	0	1	356	FullDelay	1.78556	1.78556e+06	1	6
5.32758	0	1	357	LastDelay	1.78806	1.78806e+06	1	6
5.32758	0	1	357	FullDelay	1.78806	1.78806e+06	1	6
5.33699	0	1	358	LastDelay	1.79064	1.79064e+06	1	6
5.33699	0	1	358	FullDelay	1.79064	1.79064e+06	1	6
5.35171	0	1	359	LastDelay	1.79171	1.79171e+06	1	6
5.35171	0	1	359	FullDelay	1.79171	1.79171e+06	1	6
5.36138	0	1	360	LastDelay	1.79455	1.79455e+06	1	6
5.36138	0	1	360	FullDelay	1.79455	1.79455e+06	1	6
5.3707	0	1	361	LastDelay	1.79705	1.79705e+06	1	6
5.3707	0	1	361	FullDelay	1.79705	1.79705e+06	1	6
5.38168	0	1	362	LastDelay	1.8012	1.8012e+06	1	6
5.38168	0	1	362	FullDelay	1.8012	1.8012e+06	1	6
5.3919	0	1	363	LastDelay	1.80459	1.80459e+06	1	6
5.3919	0	1	363	FullDelay	1.80459	1.80459e+06	1	6
5.40106	0	1	364	LastDelay	1.80693	1.80693e+06	1	6
5.40106	0	1	364	FullDelay	1.80693	1.80693e+06	1	6
5.4186	0	1	365	LastDelay	1.81764	1.81764e+06	1	6
5.4186	0	1	365	FullDelay	1.81764	1.81764e+06	1	6
5.4277	0	1	366	LastDelay	1.81992	1.81992e+06	1	6
5.4277	0	1	366	FullDelay	1.81992	1.81992e+06	1	6
5.43701	0	1	367	LastDelay	1.8224	1.8224e+06	1	6
5.43701	0	1	367	FullDelay	1.8224	1.8224e+06	1	6
5.44614	0	1	368	LastDelay	1.8247	1.8247e+06	1	6
5.44614	0	1	368	FullDelay	1.8247	1.8247e+06	1	6
5.45936	0	1	369	LastDelay	1.83109	1.83109e+06	1	6
5.45936	0	1	369	FullDelay	1.83109	1.83109e+06	1	6
5.47455	0	1	370	LastDelay	1.83946	1.83946e+06	1	6
5.47455	0	1	370	FullDelay	1.83946	1.83946e+06	1	6
5.48364	0	1	371	LastDelay	1.84172	1.84172e+06	1	6
5.48364	0	1	371	FullDelay	1.84172	1.84172e+06	1	6
5.49875	0	1	372	LastDelay	1.85	1.85e+06	1	6
5.49875	0	1	372	FullDelay	1.85	1.85e+06	1	6
5.50788	0	1	373	LastDelay	1.8523	1.8523e+06	1	6
5.50788	0	1	373	FullDelay	1.8523	1.8523e+06	1	6
5.52079	0	1	374	LastDelay	1.85839	1.85839e+06	1	6
5.52079	0	1	374	FullDelay	1.85839	1.85839e+06	1	6
5.53221	0	1	375	LastDelay	1.86299	1.86299e+06	1	6
5.53221	0	1	375	FullDelay	1.86299	1.86299e+06	1	6
5.54456	0	1	376	LastDelay	1.86851	1.86851e+06	1	6
5.54456	0	1	376	FullDelay	1.86851	1.86851e+06	1	6
5.55968	0	1	377	LastDelay	1.8768	1.8768e+06	1	6
5.55968	0	1	377	FullDelay	1.8768	1.8768e+06	1	6
5.57182	0	1	378	LastDelay	1.88211	1.88211e+06	1	6
5.57182	0	1	378	FullDelay	1.88211	1.88211e+06	1	6
5.58179	0	1	379	LastDelay	1.88526	1.88526e+06	1	6
5.58179	0	1	379	FullDelay	1.88526	1.88526e+06	1	6
5.59174	0	1	380	LastDelay	1.88838	1.88838e+06	1	6
5.59174	0	1	380	FullDelay	1.88838	1.88838e+06	1	6
5.60485	0	1	381	LastDelay	1.89466	1.89466e+06	1	6
5.60485	0	1	381	FullDelay	1.89466	1.89466e+06	1	6
5.62072	0	1	382	LastDelay	1.90371	1.90371e+06	1	6
5.62072	0	1	382	FullDelay	1.90371	1.90371e+06	1	6
5.63074	0	1	383	LastDelay	1.9069	1.9069e+06	1	6
5.63074	0	1	383	FullDelay	1.9069	1.9069e+06	1	6
5.63992	0	1	384	LastDelay	1.90926	1.90926e+06	1	6
5.63992	0	1	384	FullDelay	1.90926	1.90926e+06	1	6
5.65139	0	1	385	LastDelay	1.91389	1.91389e+06	1	6
5.65139	0	1	385	FullDelay	1.91389	1.91389e+06	1	6
5.66547	0	1	386	LastDelay	1.92115	1.92115e+06	1	6
5.66547	0	1	386	FullDelay	1.92115	1.92115e+06	1	6
5.67579	0	1	387	LastDelay	1.92464	1.92464e+06	1	6
5.67579	0	1	387	FullDelay	1.92464	1.92464e+06	1	6
5.686	0	1	388	LastDelay	1.92803	1.92803e+06	1	6
5.686	0	1	388	FullDelay	1.92803	1.92803e+06	1	6
5.69909	0	1	389	LastDelay	1.93429	1.93429e+06	1	6
5.69909	0	1	389	FullDelay	1.93429	1.93429e+06	1	6
5.70993	0	1	390	LastDelay	1.9383	1.9383e+06	1	6
5.70993	0	1	390	FullDelay	1.9383	1.9383e+06	1	6
5.72478	0	1	391	LastDelay	1.94633	1.94633e+06	1	6
5.72478	0	1	391	FullDelay	1.94633	1.94633e+06	1	6
5.74421	0	1	393	LastDelay	1.9521	1.9521e+06	1	6
5.74421	0	1	393	FullDelay	1.9521	1.9521e+06	1	6
5.75331	0	1	394	LastDelay	1.95438	1.95438e+06	1	6
5.75331	0	1	394	FullDelay	1.95438	1.95438e+06	1	6
5.7625	0	1	395	LastDelay	1.95674	1.95674e+06	1	6
5.7625	0	1	395	FullDelay	1.95674	1.95674e+06	1	6
5.78	0	1	396	LastDelay	1.96741	1.96741e+06	1	6
5.78	0	1	396	FullDelay	1.96741	1.96741e+06	1	6
5.78991	0	1	397	LastDelay	1.9705	1.9705e+06	1	6
5.78991	0	1	397	FullDelay	1.9705	1.9705e+06	1	6
5.79986	0	1	398	LastDelay	1.97362	1.97362e+06	1	6
5.79986	0	1	398	FullDelay	1.97362	1.97362e+06	1	6
5.80914	0	1	399	LastDelay	1.97607	1.97607e+06	1	6
5.80914	0	1	399	FullDelay	1.97607	1.97607e+06	1	6
5.82045	0	1	400	LastDelay	1.98056	1.98056e+06	1	6
5.82045	0	1	400	FullDelay	1.98056	1.98056e+06	1	6
5.83249	0	1	401	LastDelay	1.98577	1.98577e+06	1	6
5.83249	0	1	401	FullDelay	1.98577	1.98577e+06	1	6
5.89325	0	1	213	LastDelay	1.99192	1.99192e+06	1	2
5.89325	0	1	213	FullDelay	3.36408	3.36408e+06	2	2
13.9775	0	1	1851	LastDelay	0.0751194	75119.4	1	6
13.9775	0	1	1851	FullDelay	0.0751194	75119.4	1	6
13.9874	0	1	1852	LastDelay	0.0781581	78158.1	1	6
13.9874	0	1	1852	FullDelay	0.0781581	78158.1	1	6
14.0155	0	1	1853	LastDelay	0.0994294	99429.4	1	6
14.0155	0	1	1853	FullDelay	0.0994294	99429.4	1	6
14.0994	0	1	1855	LastDelay	0.169687	169687	1	6
14.0994	0	1	1855	FullDelay	0.169687	169687	1	6
14.1307	0	1	1856	LastDelay	0.19413	194130	1	6
14.1307	0	1	1856	FullDelay	0.19413	194130	1	6
14.1443	0	1	1857	LastDelay	0.200917	200917	1	6
14.1443	0	1	1857	FullDelay	0.200917	200917	1	6
14.1534	0	1	1858	LastDelay	0.203237	203237	1	6
14.1534	0	1	1858	FullDelay	0.203237	203237	1	6
14.174	0	1	1859	LastDelay	0.216976	216976	1	6
14.174	0	1	1859	FullDelay	0.216976	216976	1	6
14.228	0	1	1861	LastDelay	0.257377	257377	1	6
14.228	0	1	1861	FullDelay	0.257377	257377	1	6
14.2381	0	1	1862	LastDelay	0.260641	260641	1	6
14.2381	0	1	1862	FullDelay	0.260641	260641	1	6
14.249	0	1	1863	LastDelay	0.264671	264671	1	6
14.249	0	1	1863	FullDelay	0.264671	264671	1	6
14.2608	0	1	1864	LastDelay	0.269653	269653	1	6
14.2608	0	1	1864	FullDelay	0.269653	269653	1	6
14.2778	0	1	1865	LastDelay	0.279806	279806	1	6
14.2778	0	1	1865	FullDelay	0.279806	279806	1	6
14.2911	0	1	114	LastDelay	0.286266	286266	1	4
14.2911	0	1	114	FullDelay	12.4787	1.24787e+07	4	4
14.3066	0	1	223	LastDelay	0.294956	294956	1	4
14.3066	0	1	223	FullDelay	11.7091	1.17091e+07	3	4
14.326	0	1	244	LastDelay	0.307568	307568	1	4
14.326	0	1	244	FullDelay	11.5716	1.15716e+07	3	4
14.3451	0	1	246	LastDelay	0.319824	319824	1	4
14.3451	0	1	246	FullDelay	11.577	1.1577e+07	3	4
14.3561	0	1	249	LastDelay	0.323959	323959	1	4
14.3561	0	1	249	FullDelay	11.5675	1.15675e+07	3	4
14.3661	0	1	295	LastDelay	0.327133	327133	1	4
14.3661	0	1	295	FullDelay	11.2566	1.12566e+07	3	4
14.3854	0	1	296	LastDelay	0.339633	339633	1	4
14.3854	0	1	296	FullDelay	11.2691	1.12691e+07	3	4
14.4462	0	1	298	LastDelay	0.39363	393630	1	4
14.4462	0	1	298	FullDelay	11.3163	1.13163e+07	3	4
14.4705	0	1	309	LastDelay	0.411125	411125	1	4
14.4705	0	1	309	FullDelay	11.2587	1.12587e+07	3	4
14.4797	0	1	311	LastDelay	0.413424	413424	1	4
14.4797	0	1	311	FullDelay	11.2542	1.12542e+07	3	4
14.496	0	1	317	LastDelay	0.422946	422946	1	4
14.496	0	1	317	FullDelay	11.2296	1.12296e+07	3	4
14.5116	0	1	329	LastDelay	0.431723	431723	1	4
14.5116	0	1	329	FullDelay	11.1632	1.11632e+07	3	4
14.5566	0	1	335	LastDelay	0.469922	469922	1	4
14.5566	0	1	335	FullDelay	11.1673	1.11673e+07	3	4
14.5657	0	1	342	LastDelay	0.472181	472181	1	4
14.5657	0	1	342	FullDelay	11.1286	1.11286e+07	3	4
14.5885	0	1	347	LastDelay	0.488171	488171	1	4
14.5885	0	1	347	FullDelay	11.1173	1.11173e+07	3	4
14.6331	0	1	402	LastDelay	0.519086	519086	1	4
14.6331	0	1	402	FullDelay	10.7796	1.07796e+07	3	4
14.6551	0	1	403	LastDelay	0.53425	534250	1	4
14.6551	0	1	403	FullDelay	10.7947	1.07947e+07	3	4
14.684	0	1	404	LastDelay	0.556302	556302	1	4
14.684	0	1	404	FullDelay	10.8168	1.08168e+07	3	4
14.7252	0	1	405	LastDelay	0.590679	590679	1	4
14.7252	0	1	405	FullDelay	10.8512	1.08512e+07	3	4
14.7383	0	1	406	LastDelay	0.597	597000	1	4
14.7383	0	1	406	FullDelay	10.8575	1.08575e+07	3	4
14.7666	0	1	407	LastDelay	0.618432	618432	1	4
14.7666	0	1	407	FullDelay	10.8789	1.08789e+07	3	4
14.8022	0	1	408	LastDelay	0.647175	647175	1	4
14.8022	0	1	408	FullDelay	10.9077	1.09077e+07	2	4
14.8311	0	1	409	LastDelay	0.669313	669313	1	4
14.8311	0	1	409	FullDelay	10.923	1.0923e+07	2	4
14.8519	0	1	410	LastDelay	0.683261	683261	1	4
14.8519	0	1	410	FullDelay	10.9369	1.09369e+07	2	4
14.8617	0	1	411	LastDelay	0.686264	686264	1	4
14.8617	0	1	411	FullDelay	10.9399	1.09399e+07	2	4
14.8907	0	1	412	LastDelay	0.708445	708445	1	4
14.8907	0	1	412	FullDelay	10.9621	1.09621e+07	2	4
14.9073	0	1	413	LastDelay	0.718205	718205	1	4
14.9073	0	1	413	FullDelay	10.9719	1.09719e+07	2	4
14.9369	0	1	415	LastDelay	0.734137	734137	1	4
14.9369	0	1	415	FullDelay	10.9878	1.09878e+07	2	4
14.9692	0	1	416	LastDelay	0.75962	759620	1	4
14.9692	0	1	416	FullDelay	11.0133	1.10133e+07	2	4
14.9783	0	1	417	LastDelay	0.761859	761859	1	4
14.9783	0	1	417	FullDelay	11.0155	1.10155e+07	2	4
14.9882	0	1	418	LastDelay	0.764985	764985	1	4
14.9882	0	1	418	FullDelay	11.0186	1.10186e+07	2	4
15.01	0	1	419	LastDelay	0.779909	779909	1	4
15.01	0	1	419	FullDelay	11.0336	1.10336e+07	2	4
15.0291	0	1	420	LastDelay	0.792161	792161	1	4
15.0291	0	1	420	FullDelay	11.0458	1.10458e+07	2	4
15.0404	0	1	421	LastDelay	0.796674	796674	1	4
15.0404	0	1	421	FullDelay	11.0503	1.10503e+07	2	4
15.0523	0	1	422	LastDelay	0.801752	801752	1	4
15.0523	0	1	422	FullDelay	11.0554	1.10554e+07	2	4
15.0917	0	1	423	LastDelay	0.834268	834268	1	4
15.0917	0	1	423	FullDelay	11.0811	1.10811e+07	2	4
15.1218	0	1	424	LastDelay	0.85755	857550	1	4
15.1218	0	1	424	FullDelay	11.1044	1.11044e+07	2	4
15.1766	0	1	426	LastDelay	0.89876	898760	1	4
15.1766	0	1	426	FullDelay	11.1456	1.11456e+07	2	4
15.2111	0	1	427	LastDelay	0.926383	926383	1	4
15.2111	0	1	427	FullDelay	11.1732	1.11732e+07	2	4
15.2613	0	1	430	LastDelay	0.956117	956117	1	4
15.2613	0	1	430	FullDelay	11.2029	1.12029e+07	2	4
15.296	0	1	431	LastDelay	0.984042	984042	1	4
15.296	0	1	431	FullDelay	11.2309	1.12309e+07	2	4
15.3186	0	1	432	LastDelay	0.999739	999739	1	4
15.3186	0	1	432	FullDelay	11.2466	1.12466e+07	2	4
15.3313	0	1	433	LastDelay	1.00565	1.00565e+06	1	4
15.3313	0	1	433	FullDelay	11.2525	1.12525e+07	2	4
15.4259	0	1	435	LastDelay	1.08663	1.08663e+06	1	4
15.4259	0	1	435	FullDelay	11.3335	1.13335e+07	2	4
15.4594	0	1	436	LastDelay	1.11322	1.11322e+06	1	4
15.4594	0	1	436	FullDelay	11.36	1.136e+07	2	4
15.4685	0	1	437	LastDelay	1.11556	1.11556e+06	1	4
15.4685	0	1	437	FullDelay	11.3624	1.13624e+07	2	4
15.4776	0	1	438	LastDelay	1.11782	1.11782e+06	1	4
15.4776	0	1	438	FullDelay	11.3646	1.13646e+07	2	4
15.4991	0	1	439	LastDelay	1.13245	1.13245e+06	1	4
15.4991	0	1	439	FullDelay	11.3793	1.13793e+07	2	4
15.525	0	1	440	LastDelay	1.15157	1.15157e+06	1	4
15.525	0	1	440	FullDelay	11.3984	1.13984e+07	2	4
15.5444	0	1	441	LastDelay	1.16413	1.16413e+06	1	4
15.5444	0	1	441	FullDelay	11.411	1.1411e+07	2	4
15.572	0	1	443	LastDelay	1.17804	1.17804e+06	1	4
15.572	0	1	443	FullDelay	11.4249	1.14249e+07	2	4
15.6197	0	1	444	LastDelay	1.21895	1.21895e+06	1	4
15.6197	0	1	444	FullDelay	11.4658	1.14658e+07	2	4
15.6295	0	1	445	LastDelay	1.22191	1.22191e+06	1	4
15.6295	0	1	445	FullDelay	11.4687	1.14687e+07	2	4
15.6495	0	1	446	LastDelay	1.23508	1.23508e+06	1	4
15.6495	0	1	446	FullDelay	11.4819	1.14819e+07	2	4
15.6621	0	1	447	LastDelay	1.24083	1.24083e+06	1	4
15.6621	0	1	447	FullDelay	11.4877	1.14877e+07	2	4
15.6742	0	1	448	LastDelay	1.24614	1.24614e+06	1	4
15.6742	0	1	448	FullDelay	11.493	1.1493e+07	2	4
15.6889	0	1	449	LastDelay	1.25398	1.25398e+06	1	4
15.6889	0	1	449	FullDelay	11.5008	1.15008e+07	2	4
15.7103	0	1	450	LastDelay	1.26863	1.26863e+06	1	4
15.7103	0	1	450	FullDelay	11.5155	1.15155e+07	2	4
15.74	0	1	451	LastDelay	1.29152	1.29152e+06	1	4
15.74	0	1	451	FullDelay	11.5315	1.15315e+07	2	4
15.7583	0	1	452	LastDelay	1.30296	1.30296e+06	1	4
15.7583	0	1	452	FullDelay	11.543	1.1543e+07	2	4
15.7913	0	1	453	LastDelay	1.32915	1.32915e+06	1	4
15.7913	0	1	453	FullDelay	11.5692	1.15692e+07	2	4
15.8031	0	1	454	LastDelay	1.33413	1.33413e+06	1	4
15.8031	0	1	454	FullDelay	11.5741	1.15741e+07	2	4
15.8148	0	1	455	LastDelay	1.33899	1.33899e+06	1	4
15.8148	0	1	455	FullDelay	11.579	1.1579e+07	2	4
15.8601	0	1	456	LastDelay	1.37745	1.37745e+06	1	4
15.8601	0	1	456	FullDelay	11.6175	1.16175e+07	2	4
15.8891	0	1	458	LastDelay	1.39275	1.39275e+06	1	4
15.8891	0	1	458	FullDelay	11.6191	1.16191e+07	2	4
15.9106	0	1	459	LastDelay	1.40746	1.40746e+06	1	4
15.9106	0	1	459	FullDelay	11.6338	1.16338e+07	2	4
15.9198	0	1	460	LastDelay	1.4098	1.4098e+06	1	4
15.9198	0	1	460	FullDelay	11.6361	1.16361e+07	2	4
15.9507	0	1	461	LastDelay	1.43387	1.43387e+06	1	4
15.9507	0	1	461	FullDelay	11.6602	1.16602e+07	2	4
15.9616	0	1	462	LastDelay	1.43802	1.43802e+06	1	4
15.9616	0	1	462	FullDelay	11.6644	1.16644e+07	2	4
15.991	0	1	463	LastDelay	1.46059	1.46059e+06	1	4
15.991	0	1	463	FullDelay	11.6801	1.16801e+07	2	4
16.0148	0	1	464	LastDelay	1.47748	1.47748e+06	1	4
16.0148	0	1	464	FullDelay	11.697	1.1697e+07	2	4
16.028	0	1	465	LastDelay	1.48394	1.48394e+06	1	4
16.028	0	1	465	FullDelay	11.7035	1.17035e+07	2	4
16.0831	0	1	466	LastDelay	1.53218	1.53218e+06	1	4
16.0831	0	1	466	FullDelay	11.7517	1.17517e+07	2	4
16.1212	0	1	468	LastDelay	1.55662	1.55662e+06	1	4
16.1212	0	1	468	FullDelay	11.7761	1.17761e+07	2	4
16.1435	0	1	470	LastDelay	1.56528	1.56528e+06	1	4
16.1435	0	1	470	FullDelay	11.7848	1.17848e+07	2	4
16.1562	0	1	471	LastDelay	1.57115	1.57115e+06	1	4
16.1562	0	1	471	FullDelay	11.7907	1.17907e+07	2	4
16.1872	0	1	472	LastDelay	1.59532	1.59532e+06	1	4
16.1872	0	1	472	FullDelay	11.8148	1.18148e+07	2	4
16.2055	0	1	473	LastDelay	1.60681	1.60681e+06	1	4
16.2055	0	1	473	FullDelay	11.8263	1.18263e+07	2	4
16.2247	0	1	474	LastDelay	1.61914	1.61914e+06	1	4
16.2247	0	1	474	FullDelay	11.8387	1.18387e+07	2	4
16.2599	0	1	476	LastDelay	1.64072	1.64072e+06	1	4
16.2599	0	1	476	FullDelay	11.8602	1.18602e+07	2	4
16.3112	0	1	478	LastDelay	1.67838	1.67838e+06	1	4
16.3112	0	1	478	FullDelay	11.8979	1.18979e+07	2	4
16.3401	0	1	479	LastDelay	1.70042	1.70042e+06	1	4
16.3401	0	1	479	FullDelay	11.9199	1.19199e+07	2	4
16.3492	0	1	480	LastDelay	1.70268	1.70268e+06	1	4
16.3492	0	1	480	FullDelay	11.9222	1.19222e+07	2	4
16.3909	0	1	481	LastDelay	1.7376	1.7376e+06	1	4
16.3909	0	1	481	FullDelay	11.9571	1.19571e+07	2	4
16.4	0	1	482	LastDelay	1.73988	1.73988e+06	1	4
16.4	0	1	482	FullDelay	11.9594	1.19594e+07	2	4
16.421	0	1	483	LastDelay	1.754	1.754e+06	1	4
16.421	0	1	483	FullDelay	11.9735	1.19735e+07	2	4
16.4326	0	1	484	LastDelay	1.75881	1.75881e+06	1	4
16.4326	0	1	484	FullDelay	11.9783	1.19783e+07	2	4
16.4552	0	1	485	LastDelay	1.77458	1.77458e+06	1	4
16.4552	0	1	485	FullDelay	11.9941	1.19941e+07	2	4
16.497	0	1	487	LastDelay	1.80276	1.80276e+06	1	4
16.497	0	1	487	FullDelay	12.0223	1.20223e+07	2	4
16.5125	0	1	488	LastDelay	1.81137	1.81137e+06	1	4
16.5125	0	1	488	FullDelay	12.0309	1.20309e+07	2	4
16.5451	0	1	490	LastDelay	1.83031	1.83031e+06	1	4
16.5451	0	1	490	FullDelay	12.0498	1.20498e+07	2	4
16.5743	0	1	491	LastDelay	1.8527	1.8527e+06	1	4
16.5743	0	1	491	FullDelay	12.0722	1.20722e+07	2	4
16.6142	0	1	494	LastDelay	1.87214	1.87214e+06	1	4
16.6142	0	1	494	FullDelay	12.0917	1.20917e+07	2	4
16.6439	0	1	495	LastDelay	1.89497	1.89497e+06	1	4
16.6439	0	1	495	FullDelay	12.1145	1.21145e+07	2	4
16.672	0	1	497	LastDelay	1.90949	1.90949e+06	1	4
16.672	0	1	497	FullDelay	12.129	1.2129e+07	2	4
16.6819	0	1	498	LastDelay	1.91253	1.91253e+06	1	4
16.6819	0	1	498	FullDelay	12.132	1.2132e+07	2	4
16.711	0	1	499	LastDelay	1.93477	1.93477e+06	1	4
16.711	0	1	499	FullDelay	12.1543	1.21543e+07	2	4
16.7427	0	1	500	LastDelay	1.95966	1.95966e+06	1	4
16.7427	0	1	500	FullDelay	12.1792	1.21792e+07	2	4
16.7741	0	1	501	LastDelay	1.98422	1.98422e+06	1	4
16.7741	0	1	501	FullDelay	12.2037	1.22037e+07	2	4
16.7852	0	1	502	LastDelay	1.98855	1.98855e+06	1	4
16.7852	0	1	502	FullDelay	12.2081	1.22081e+07	2	4
16.797	0	1	503	LastDelay	1.99344	1.99344e+06	1	4
16.797	0	1	503	FullDelay	12.213	1.2213e+07	2	4
33.3971	0	1	3538	LastDelay	0.038657	38657	1	6
33.3971	0	1	3538	FullDelay	0.038657	38657	1	6
33.4093	0	1	3539	LastDelay	0.0440352	44035.2	1	6
33.4093	0	1	3539	FullDelay	0.0440352	44035.2	1	6
33.461	0	1	3540	LastDelay	0.0889844	88984.4	1	6
33.461	0	1	3540	FullDelay	0.0889844	88984.4	1	6
33.4834	0	1	3541	LastDelay	0.104516	104516	1	6
33.4834	0	1	3541	FullDelay	0.104516	104516	1	6
33.514	0	1	3542	LastDelay	0.128292	128292	1	6
33.514	0	1	3542	FullDelay	0.128292	128292	1	6
33.5436	0	1	3543	LastDelay	0.15111	151110	1	6
33.5436	0	1	3543	FullDelay	0.15111	151110	1	6
33.5567	0	1	3544	LastDelay	0.157328	157328	1	6
33.5567	0	1	3544	FullDelay	0.157328	157328	1	6
33.5766	0	1	392	LastDelay	0.170421	170421	1	6
33.5766	0	1	392	FullDelay	29.7913	2.97913e+07	4	6
33.5867	0	1	414	LastDelay	0.173709	173709	1	6
33.5867	0	1	414	FullDelay	29.6444	2.96444e+07	3	6
33.6344	0	1	425	LastDelay	0.214537	214537	1	6
33.6344	0	1	425	FullDelay	29.6102	2.96102e+07	3	6
33.6527	0	1	428	LastDelay	0.226003	226003	1	6
33.6527	0	1	428	FullDelay	29.608	2.9608e+07	3	6
33.6725	0	1	429	LastDelay	0.238996	238996	1	6
33.6725	0	1	429	FullDelay	29.621	2.9621e+07	3	6
33.7178	0	1	442	LastDelay	0.270653	270653	1	6
33.7178	0	1	442	FullDelay	29.5775	2.95775e+07	3	6
33.7269	0	1	457	LastDelay	0.272892	272892	1	6
33.7269	0	1	457	FullDelay	29.4774	2.94774e+07	3	6
33.8449	0	1	467	LastDelay	0.384083	384083	1	6
33.8449	0	1	467	FullDelay	29.5066	2.95066e+07	3	6
33.8551	0	1	469	LastDelay	0.387449	387449	1	6
33.8551	0	1	469	FullDelay	29.5032	2.95032e+07	3	6
33.8642	0	1	475	LastDelay	0.389708	389708	1	6
33.8642	0	1	475	FullDelay	29.4713	2.94713e+07	3	6
33.8972	0	1	486	LastDelay	0.409061	409061	1	6
33.8972	0	1	486	FullDelay	29.4292	2.94292e+07	3	6
33.9099	0	1	489	LastDelay	0.415016	415016	1	6
33.9099	0	1	489	FullDelay	29.4215	2.94215e+07	3	6
33.9301	0	1	493	LastDelay	0.421469	421469	1	6
33.9301	0	1	493	FullDelay	29.4143	2.94143e+07	3	6
33.9492	0	1	496	LastDelay	0.433804	433804	1	6
33.9492	0	1	496	FullDelay	29.413	2.9413e+07	3	6
33.9782	0	1	504	LastDelay	0.455982	455982	1	6
33.9782	0	1	504	FullDelay	29.3874	2.93874e+07	3	6
34.0173	0	1	506	LastDelay	0.481452	481452	1	6
34.0173	0	1	506	FullDelay	29.4129	2.94129e+07	3	6
34.0668	0	1	509	LastDelay	0.510392	510392	1	6
34.0668	0	1	509	FullDelay	29.4418	2.94418e+07	3	6
34.1	0	1	510	LastDelay	0.536814	536814	1	6
34.1	0	1	510	FullDelay	29.4682	2.94682e+07	3	6
34.1466	0	1	513	LastDelay	0.562918	562918	1	6
34.1466	0	1	513	FullDelay	29.4943	2.94943e+07	3	6
34.1558	0	1	514	LastDelay	0.565257	565257	1	6
34.1558	0	1	514	FullDelay	29.4967	2.94967e+07	3	6
34.19	0	1	515	LastDelay	0.592689	592689	1	6
34.19	0	1	515	FullDelay	29.5241	2.95241e+07	3	6
34.2011	0	1	516	LastDelay	0.596948	596948	1	6
34.2011	0	1	516	FullDelay	29.5284	2.95284e+07	3	6
34.2359	0	1	517	LastDelay	0.624938	624938	1	6
34.2359	0	1	517	FullDelay	29.5563	2.95563e+07	3	6
34.2461	0	1	518	LastDelay	0.628304	628304	1	6
34.2461	0	1	518	FullDelay	29.5597	2.95597e+07	3	6
34.2552	0	1	519	LastDelay	0.630563	630563	1	6
34.2552	0	1	519	FullDelay	29.562	2.9562e+07	3	6
34.2678	0	1	520	LastDelay	0.636352	636352	1	6
34.2678	0	1	520	FullDelay	29.5678	2.95678e+07	3	6
34.2904	0	1	521	LastDelay	0.652123	652123	1	6
34.2904	0	1	521	FullDelay	29.5835	2.95835e+07	3	6
34.3004	0	1	522	LastDelay	0.655308	655308	1	6
34.3004	0	1	522	FullDelay	29.5867	2.95867e+07	3	6
34.3288	0	1	523	LastDelay	0.676829	676829	1	6
34.3288	0	1	523	FullDelay	29.6082	2.96082e+07	3	6
34.3588	0	1	524	LastDelay	0.700002	700002	1	6
34.3588	0	1	524	FullDelay	29.6314	2.96314e+07	3	6
34.3678	0	1	525	LastDelay	0.702241	702241	1	6
34.3678	0	1	525	FullDelay	29.6337	2.96337e+07	3	6
34.4399	0	1	527	LastDelay	0.760642	760642	1	6
34.4399	0	1	527	FullDelay	29.6921	2.96921e+07	3	6
34.4522	0	1	528	LastDelay	0.7661	766100	1	6
34.4522	0	1	528	FullDelay	29.6975	2.96975e+07	3	6
34.4735	0	1	529	LastDelay	0.780605	780605	1	6
34.4735	0	1	529	FullDelay	29.712	2.9712e+07	3	6
34.4826	0	1	530	LastDelay	0.782905	782905	1	6
34.4826	0	1	530	FullDelay	29.7143	2.97143e+07	3	6
34.5138	0	1	532	LastDelay	0.800448	800448	1	6
34.5138	0	1	532	FullDelay	29.7319	2.97319e+07	3	6
34.5545	0	1	534	LastDelay	0.827504	827504	1	6
34.5545	0	1	534	FullDelay	29.7589	2.97589e+07	3	6
34.5637	0	1	535	LastDelay	0.829803	829803	1	6
34.5637	0	1	535	FullDelay	29.7544	2.97544e+07	3	6
34.5845	0	1	537	LastDelay	0.836958	836958	1	6
34.5845	0	1	537	FullDelay	29.7615	2.97615e+07	3	6
34.596	0	1	538	LastDelay	0.841686	841686	1	6
34.596	0	1	538	FullDelay	29.7663	2.97663e+07	3	6
34.606	0	1	539	LastDelay	0.844809	844809	1	6
34.606	0	1	539	FullDelay	29.7694	2.97694e+07	3	6
34.6349	0	1	540	LastDelay	0.866888	866888	1	6
34.6349	0	1	540	FullDelay	29.7915	2.97915e+07	3	6
34.6579	0	1	541	LastDelay	0.883042	883042	1	6
34.6579	0	1	541	FullDelay	29.8008	2.98008e+07	3	6
34.6695	0	1	542	LastDelay	0.887817	887817	1	6
34.6695	0	1	542	FullDelay	29.8056	2.98056e+07	3	6
34.7291	0	1	543	LastDelay	0.940629	940629	1	6
34.7291	0	1	543	FullDelay	29.8584	2.98584e+07	3	6
34.7383	0	1	544	LastDelay	0.943028	943028	1	6
34.7383	0	1	544	FullDelay	29.8608	2.98608e+07	3	6
34.7475	0	1	545	LastDelay	0.945327	945327	1	6
34.7475	0	1	545	FullDelay	29.8631	2.98631e+07	3	6
34.7768	0	1	546	LastDelay	0.967812	967812	1	6
34.7768	0	1	546	FullDelay	29.8856	2.98856e+07	3	6
34.7974	0	1	547	LastDelay	0.981648	981648	1	6
34.7974	0	1	547	FullDelay	29.8994	2.98994e+07	3	6
34.8087	0	1	548	LastDelay	0.98608	986080	1	6
34.8087	0	1	548	FullDelay	29.897	2.9897e+07	3	6
34.8942	0	1	550	LastDelay	1.05797	1.05797e+06	1	6
34.8942	0	1	550	FullDelay	29.9689	2.99689e+07	3	6
34.9131	0	1	551	LastDelay	1.07004	1.07004e+06	1	6
34.9131	0	1	551	FullDelay	29.981	2.9981e+07	3	6
34.9223	0	1	552	LastDelay	1.07236	1.07236e+06	1	6
34.9223	0	1	552	FullDelay	29.9833	2.99833e+07	3	6
34.9331	0	1	553	LastDelay	1.07639	1.07639e+06	1	6
34.9331	0	1	553	FullDelay	29.9873	2.99873e+07	3	6
34.9433	0	1	554	LastDelay	1.07977	1.07977e+06	1	6
34.9433	0	1	554	FullDelay	29.9907	2.99907e+07	3	6
34.9779	0	1	555	LastDelay	1.10746	1.10746e+06	1	6
34.9779	0	1	555	FullDelay	30.0184	3.00184e+07	3	6
34.988	0	1	556	LastDelay	1.11078	1.11078e+06	1	6
34.988	0	1	556	FullDelay	30.0217	3.00217e+07	3	6
35.0246	0	1	558	LastDelay	1.13373	1.13373e+06	1	6
35.0246	0	1	558	FullDelay	30.0447	3.00447e+07	3	6
35.0341	0	1	559	LastDelay	1.13637	1.13637e+06	1	6
35.0341	0	1	559	FullDelay	30.0473	3.00473e+07	3	6
35.0662	0	1	560	LastDelay	1.16164	1.16164e+06	1	6
35.0662	0	1	560	FullDelay	30.0726	3.00726e+07	3	6
35.0763	0	1	561	LastDelay	1.1649	1.1649e+06	1	6
35.0763	0	1	561	FullDelay	30.0758	3.00758e+07	3	6
35.1008	0	1	562	LastDelay	1.18266	1.18266e+06	1	6
35.1008	0	1	562	FullDelay	30.0936	3.00936e+07	3	6
35.1191	0	1	563	LastDelay	1.19409	1.19409e+06	1	6
35.1191	0	1	563	FullDelay	30.105	3.0105e+07	3	6
35.1305	0	1	564	LastDelay	1.19863	1.19863e+06	1	6
35.1305	0	1	564	FullDelay	30.1096	3.01096e+07	3	6
35.1854	0	1	566	LastDelay	1.23995	1.23995e+06	1	6
35.1854	0	1	566	FullDelay	30.1509	3.01509e+07	3	6
35.2065	0	1	567	LastDelay	1.25419	1.25419e+06	1	6
35.2065	0	1	567	FullDelay	30.1651	3.01651e+07	3	6
35.2279	0	1	569	LastDelay	1.26192	1.26192e+06	1	6
35.2279	0	1	569	FullDelay	30.1592	3.01592e+07	3	6
35.2413	0	1	570	LastDelay	1.26849	1.26849e+06	1	6
35.2413	0	1	570	FullDelay	30.1658	3.01658e+07	3	6
35.2609	0	1	571	LastDelay	1.28129	1.28129e+06	1	6
35.2609	0	1	571	FullDelay	30.1786	3.01786e+07	3	6
35.2973	0	1	572	LastDelay	1.31087	1.31087e+06	1	6
35.2973	0	1	572	FullDelay	30.2082	3.02082e+07	3	6
35.3344	0	1	574	LastDelay	1.33426	1.33426e+06	1	6
35.3344	0	1	574	FullDelay	30.2247	3.02247e+07	3	6
35.3556	0	1	575	LastDelay	1.3487	1.3487e+06	1	6
35.3556	0	1	575	FullDelay	30.2392	3.02392e+07	3	6
35.3898	0	1	576	LastDelay	1.37605	1.37605e+06	1	6
35.3898	0	1	576	FullDelay	30.2665	3.02665e+07	3	6
35.3993	0	1	577	LastDelay	1.37875	1.37875e+06	1	6
35.3993	0	1	577	FullDelay	30.2692	3.02692e+07	3	6
35.4103	0	1	578	LastDelay	1.38293	1.38293e+06	1	6
35.4103	0	1	578	FullDelay	30.2734	3.02734e+07	3	6
35.4224	0	1	579	LastDelay	1.38812	1.38812e+06	1	6
35.4224	0	1	579	FullDelay	30.2786	3.02786e+07	3	6
35.4691	0	1	580	LastDelay	1.428	1.428e+06	1	6
35.4691	0	1	580	FullDelay	30.3184	3.03184e+07	3	6
35.518	0	1	583	LastDelay	1.45642	1.45642e+06	1	6
35.518	0	1	583	FullDelay	30.3469	3.03469e+07	3	6
35.5415	0	1	584	LastDelay	1.47316	1.47316e+06	1	6
35.5415	0	1	584	FullDelay	30.3636	3.03636e+07	3	6
35.5544	0	1	585	LastDelay	1.47917	1.47917e+06	1	6
35.5544	0	1	585	FullDelay	30.3696	3.03696e+07	3	6
35.5672	0	1	586	LastDelay	1.48517	1.48517e+06	1	6
35.5672	0	1	586	FullDelay	30.3756	3.03756e+07	3	6
35.5995	0	1	587	LastDelay	1.5107	1.5107e+06	1	6
35.5995	0	1	587	FullDelay	30.4011	3.04011e+07	3	6
35.6198	0	1	588	LastDelay	1.52409	1.52409e+06	1	6
35.6198	0	1	588	FullDelay	30.4145	3.04145e+07	3	6
35.6415	0	1	589	LastDelay	1.539	1.539e+06	1	6
35.6415	0	1	589	FullDelay	30.4295	3.04295e+07	3	6
35.6773	0	1	590	LastDelay	1.56797	1.56797e+06	1	6
35.6773	0	1	590	FullDelay	30.4584	3.04584e+07	3	6
35.6873	0	1	591	LastDelay	1.57114	1.57114e+06	1	6
35.6873	0	1	591	FullDelay	30.4616	3.04616e+07	3	6
35.6965	0	1	592	LastDelay	1.57352	1.57352e+06	1	6
35.6965	0	1	592	FullDelay	30.464	3.0464e+07	3	6
35.7417	0	1	594	LastDelay	1.60504	1.60504e+06	1	6
35.7417	0	1	594	FullDelay	30.4955	3.04955e+07	3	6
35.7534	0	1	595	LastDelay	1.60993	1.60993e+06	1	6
35.7534	0	1	595	FullDelay	30.4936	3.04936e+07	3	6
35.7625	0	1	596	LastDelay	1.61217	1.61217e+06	1	6
35.7625	0	1	596	FullDelay	30.4958	3.04958e+07	3	6
35.8015	0	1	597	LastDelay	1.6444	1.6444e+06	1	6
35.8015	0	1	597	FullDelay	30.528	3.0528e+07	3	6
35.8106	0	1	598	LastDelay	1.64664	1.64664e+06	1	6
35.8106	0	1	598	FullDelay	30.5303	3.05303e+07	3	6
35.8241	0	1	599	LastDelay	1.65333	1.65333e+06	1	6
35.8241	0	1	599	FullDelay	30.537	3.0537e+07	3	6
35.8826	0	1	603	LastDelay	1.68456	1.68456e+06	1	6
35.8826	0	1	603	FullDelay	30.5614	3.05614e+07	3	6
35.8928	0	1	604	LastDelay	1.68792	1.68792e+06	1	6
35.8928	0	1	604	FullDelay	30.5647	3.05647e+07	3	6
35.9029	0	1	605	LastDelay	1.6912	1.6912e+06	1	6
35.9029	0	1	605	FullDelay	30.568	3.0568e+07	3	6
35.9324	0	1	607	LastDelay	1.707	1.707e+06	1	6
35.9324	0	1	607	FullDelay	30.5838	3.05838e+07	3	6
35.9425	0	1	608	LastDelay	1.71029	1.71029e+06	1	6
35.9425	0	1	608	FullDelay	30.5871	3.05871e+07	3	6
35.9549	0	1	609	LastDelay	1.71585	1.71585e+06	1	6
35.9549	0	1	609	FullDelay	30.5926	3.05926e+07	3	6
35.9741	0	1	610	LastDelay	1.72825	1.72825e+06	1	6
35.9741	0	1	610	FullDelay	30.605	3.0605e+07	3	6
35.9855	0	1	611	LastDelay	1.7328	1.7328e+06	1	6
35.9855	0	1	611	FullDelay	30.6096	3.06096e+07	3	6
35.997	0	1	612	LastDelay	1.73752	1.73752e+06	1	6
35.997	0	1	612	FullDelay	30.6143	3.06143e+07	3	6
36.0143	0	1	613	LastDelay	1.74794	1.74794e+06	1	6
36.0143	0	1	613	FullDelay	30.6247	3.06247e+07	3	6
36.0259	0	1	614	LastDelay	1.75272	1.75272e+06	1	6
36.0259	0	1	614	FullDelay	30.6295	3.06295e+07	3	6
36.0413	0	1	615	LastDelay	1.7613	1.7613e+06	1	6
36.0413	0	1	615	FullDelay	30.6244	3.06244e+07	3	6
36.0504	0	1	616	LastDelay	1.76358	1.76358e+06	1	6
36.0504	0	1	616	FullDelay	30.6267	3.06267e+07	3	6
36.0595	0	1	617	LastDelay	1.76588	1.76588e+06	1	6
36.0595	0	1	617	FullDelay	30.629	3.0629e+07	3	6
36.0686	0	1	618	LastDelay	1.76816	1.76816e+06	1	6
36.0686	0	1	618	FullDelay	30.6313	3.06313e+07	3	6
36.0794	0	1	619	LastDelay	1.77206	1.77206e+06	1	6
36.0794	0	1	619	FullDelay	30.6352	3.06352e+07	3	6
36.0945	0	1	620	LastDelay	1.7804	1.7804e+06	1	6
36.0945	0	1	620	FullDelay	30.6435	3.06435e+07	3	6
36.1046	0	1	621	LastDelay	1.78361	1.78361e+06	1	6
36.1046	0	1	621	FullDelay	30.6468	3.06468e+07	3	6
36.1274	0	1	622	LastDelay	1.79961	1.79961e+06	1	6
36.1274	0	1	622	FullDelay	30.6628	3.06628e+07	3	6
36.1365	0	1	623	LastDelay	1.80185	1.80185e+06	1	6
36.1365	0	1	623	FullDelay	30.665	3.0665e+07	3	6
36.1514	0	1	624	LastDelay	1.80998	1.80998e+06	1	6
36.1514	0	1	624	FullDelay	30.6731	3.06731e+07	3	6
36.1726	0	1	625	LastDelay	1.82438	1.82438e+06	1	6
36.1726	0	1	625	FullDelay	30.6875	3.06875e+07	3	6
36.1826	0	1	626	LastDelay	1.82752	1.82752e+06	1	6
36.1826	0	1	626	FullDelay	30.6907	3.06907e+07	3	6
36.1926	0	1	627	LastDelay	1.83065	1.83065e+06	1	6
36.1926	0	1	627	FullDelay	30.6938	3.06938e+07	3	6
36.2057	0	1	628	LastDelay	1.83695	1.83695e+06	1	6
36.2057	0	1	628	FullDelay	30.7001	3.07001e+07	3	6
36.219	0	1	629	LastDelay	1.84343	1.84343e+06	1	6
36.219	0	1	629	FullDelay	30.7066	3.07066e+07	3	6
36.2609	0	1	632	LastDelay	1.86489	1.86489e+06	1	6
36.2609	0	1	632	FullDelay	30.728	3.0728e+07	3	6
36.273	0	1	633	LastDelay	1.87014	1.87014e+06	1	6
36.273	0	1	633	FullDelay	30.7333	3.07333e+07	3	6
36.294	0	1	634	LastDelay	1.88431	1.88431e+06	1	6
36.294	0	1	634	FullDelay	30.7475	3.07475e+07	3	6
36.3041	0	1	635	LastDelay	1.88754	1.88754e+06	1	6
36.3041	0	1	635	FullDelay	30.7507	3.07507e+07	3	6
36.3139	0	1	636	LastDelay	1.89059	1.89059e+06	1	6
36.3139	0	1	636	FullDelay	30.7537	3.07537e+07	3	6
36.3326	0	1	637	LastDelay	1.90239	1.90239e+06	1	6
36.3326	0	1	637	FullDelay	30.7655	3.07655e+07	3	6
36.354	0	1	639	LastDelay	1.91017	1.91017e+06	1	6
36.354	0	1	639	FullDelay	30.7733	3.07733e+07	3	6
36.3684	0	1	640	LastDelay	1.91773	1.91773e+06	1	6
36.3684	0	1	640	FullDelay	30.7809	3.07809e+07	3	6
36.3775	0	1	641	LastDelay	1.92001	1.92001e+06	1	6
36.3775	0	1	641	FullDelay	30.7832	3.07832e+07	3	6
36.3928	0	1	642	LastDelay	1.92849	1.92849e+06	1	6
36.3928	0	1	642	FullDelay	30.7916	3.07916e+07	3	6
36.4026	0	1	643	LastDelay	1.93144	1.93144e+06	1	6
36.4026	0	1	643	FullDelay	30.7946	3.07946e+07	3	6
36.4204	0	1	644	LastDelay	1.94244	1.94244e+06	1	6
36.4204	0	1	644	FullDelay	30.8056	3.08056e+07	3	6
36.4302	0	1	645	LastDelay	1.94542	1.94542e+06	1	6
36.4302	0	1	645	FullDelay	30.8086	3.08086e+07	3	6
36.4432	0	1	646	LastDelay	1.95161	1.95161e+06	1	6
36.4432	0	1	646	FullDelay	30.8148	3.08148e+07	3	6
36.4552	0	1	647	LastDelay	1.9568	1.9568e+06	1	6
36.4552	0	1	647	FullDelay	30.8199	3.08199e+07	3	6
36.4667	0	1	648	LastDelay	1.96146	1.96146e+06	1	6
36.4667	0	1	648	FullDelay	30.8246	3.08246e+07	3	6
36.5091	0	1	650	LastDelay	1.99016	1.99016e+06	1	6
36.5091	0	1	650	FullDelay	30.8533	3.08533e+07	3	6
36.5182	0	1	651	LastDelay	1.9924	1.9924e+06	1	6
36.5182	0	1	651	FullDelay	30.8555	3.08555e+07	3	6
51.0055	0	1	3072	LastDelay	0.0411353	41135.3	1	6
51.0055	0	1	3072	FullDelay	20.8283	2.08283e+07	2	6
51.0283	0	1	3073	LastDelay	0.0570592	57059.2	1	6
51.0283	0	1	3073	FullDelay	20.8443	2.08443e+07	2	6
51.0383	0	1	3074	LastDelay	0.0603252	60325.2	1	6
51.0383	0	1	3074	FullDelay	20.8475	2.08475e+07	2	6
51.0912	0	1	3075	LastDelay	0.106375	106375	1	6
51.0912	0	1	3075	FullDelay	20.8936	2.08936e+07	2	6
51.1023	0	1	3076	LastDelay	0.11059	110590	1	6
51.1023	0	1	3076	FullDelay	20.8978	2.08978e+07	2	6
51.1256	0	1	3078	LastDelay	0.12028	120280	1	6
51.1256	0	1	3078	FullDelay	20.9075	2.09075e+07	2	6
51.174	0	1	3079	LastDelay	0.161839	161839	1	6
51.174	0	1	3079	FullDelay	20.949	2.0949e+07	2	6
51.1839	0	1	3080	LastDelay	0.164904	164904	1	6
51.1839	0	1	3080	FullDelay	20.9521	2.09521e+07	2	6
51.2257	0	1	3082	LastDelay	0.193071	193071	1	6
51.2257	0	1	3082	FullDelay	20.9803	2.09803e+07	2	6
51.2562	0	1	3083	LastDelay	0.216759	216759	1	6
51.2562	0	1	3083	FullDelay	21.004	2.1004e+07	2	6
51.2653	0	1	3084	LastDelay	0.219018	219018	1	6
51.2653	0	1	3084	FullDelay	21.0062	2.10062e+07	2	6
51.279	0	1	3085	LastDelay	0.225858	225858	1	6
51.279	0	1	3085	FullDelay	21.0131	2.10131e+07	2	6
51.3279	0	1	3087	LastDelay	0.261088	261088	1	6
51.3279	0	1	3087	FullDelay	21.0483	2.10483e+07	2	6
51.3369	0	1	3088	LastDelay	0.263348	263348	1	6
51.3369	0	1	3088	FullDelay	21.0505	2.10505e+07	2	6
51.3461	0	1	3089	LastDelay	0.265707	265707	1	6
51.3461	0	1	3089	FullDelay	21.0529	2.10529e+07	2	6
51.3568	0	1	3090	LastDelay	0.269576	269576	1	6
51.3568	0	1	3090	FullDelay	21.0568	2.10568e+07	2	6
51.3659	0	1	3091	LastDelay	0.271836	271836	1	6
51.3659	0	1	3091	FullDelay	21.059	2.1059e+07	2	6
51.3966	0	1	3092	LastDelay	0.29571	295710	1	6
51.3966	0	1	3092	FullDelay	21.0829	2.10829e+07	2	6
51.4064	0	1	3093	LastDelay	0.298712	298712	1	6
51.4064	0	1	3093	FullDelay	21.0859	2.10859e+07	2	6
51.463	0	1	3094	LastDelay	0.348453	348453	1	6
51.463	0	1	3094	FullDelay	21.1357	2.11357e+07	2	6
51.4815	0	1	3095	LastDelay	0.360119	360119	1	6
51.4815	0	1	3095	FullDelay	21.1473	2.11473e+07	2	6
51.4907	0	1	3096	LastDelay	0.362479	362479	1	6
51.4907	0	1	3096	FullDelay	21.1497	2.11497e+07	2	6
51.5098	0	1	3097	LastDelay	0.374731	374731	1	6
51.5098	0	1	3097	FullDelay	21.1619	2.11619e+07	2	6
51.5788	0	1	3099	LastDelay	0.430121	430121	1	6
51.5788	0	1	3099	FullDelay	21.2173	2.12173e+07	2	6
51.588	0	1	3100	LastDelay	0.43244	432440	1	6
51.588	0	1	3100	FullDelay	21.2196	2.12196e+07	2	6
51.5974	0	1	3101	LastDelay	0.43502	435020	1	6
51.5974	0	1	3101	FullDelay	21.2222	2.12222e+07	2	6
51.6181	0	1	3102	LastDelay	0.448943	448943	1	6
51.6181	0	1	3102	FullDelay	21.2361	2.12361e+07	2	6
51.649	0	1	3103	LastDelay	0.473013	473013	1	6
51.649	0	1	3103	FullDelay	21.2602	2.12602e+07	2	6
51.6684	0	1	3104	LastDelay	0.48557	485570	1	6
51.6684	0	1	3104	FullDelay	21.2728	2.12728e+07	2	6
51.6899	0	1	3105	LastDelay	0.500294	500294	1	6
51.6899	0	1	3105	FullDelay	21.2875	2.12875e+07	2	6
51.7332	0	1	3107	LastDelay	0.529927	529927	1	6
51.7332	0	1	3107	FullDelay	21.3171	2.13171e+07	2	6
51.7423	0	1	3108	LastDelay	0.532206	532206	1	6
51.7423	0	1	3108	FullDelay	21.3194	2.13194e+07	2	6
51.7617	0	1	3109	LastDelay	0.544763	544763	1	6
51.7617	0	1	3109	FullDelay	21.332	2.1332e+07	2	6
51.7842	0	1	3110	LastDelay	0.560435	560435	1	6
51.7842	0	1	3110	FullDelay	21.3476	2.13476e+07	2	6
51.7934	0	1	3111	LastDelay	0.562755	562755	1	6
51.7934	0	1	3111	FullDelay	21.35	2.135e+07	2	6
51.8031	0	1	3112	LastDelay	0.565704	565704	1	6
51.8031	0	1	3112	FullDelay	21.3529	2.13529e+07	2	6
51.8223	0	1	3113	LastDelay	0.578076	578076	1	6
51.8223	0	1	3113	FullDelay	21.3653	2.13653e+07	2	6
51.8641	0	1	3115	LastDelay	0.606155	606155	1	6
51.8641	0	1	3115	FullDelay	21.3934	2.13934e+07	2	6
51.9216	0	1	3117	LastDelay	0.650017	650017	1	6
51.9216	0	1	3117	FullDelay	21.4372	2.14372e+07	2	6
51.9323	0	1	3118	LastDelay	0.653923	653923	1	6
51.9323	0	1	3118	FullDelay	21.4411	2.14411e+07	2	6
51.9415	0	1	3119	LastDelay	0.656242	656242	1	6
51.9415	0	1	3119	FullDelay	21.4434	2.14434e+07	2	6
51.9534	0	1	3120	LastDelay	0.66138	661380	1	6
51.9534	0	1	3120	FullDelay	21.4486	2.14486e+07	2	6
51.9743	0	1	3121	LastDelay	0.675445	675445	1	6
51.9743	0	1	3121	FullDelay	21.4626	2.14626e+07	2	6
51.9944	0	1	3123	LastDelay	0.681856	681856	1	6
51.9944	0	1	3123	FullDelay	21.4691	2.14691e+07	2	6
52.0098	0	1	3124	LastDelay	0.690458	690458	1	6
52.0098	0	1	3124	FullDelay	21.4777	2.14777e+07	2	6
52.0682	0	1	3125	LastDelay	0.742026	742026	1	6
52.0682	0	1	3125	FullDelay	21.5292	2.15292e+07	2	6
52.0864	0	1	3126	LastDelay	0.753412	753412	1	6
52.0864	0	1	3126	FullDelay	21.5406	2.15406e+07	2	6
52.114	0	1	3127	LastDelay	0.774205	774205	1	6
52.114	0	1	3127	FullDelay	21.5614	2.15614e+07	2	6
52.1246	0	1	3128	LastDelay	0.777891	777891	1	6
52.1246	0	1	3128	FullDelay	21.5651	2.15651e+07	2	6
52.1444	0	1	3129	LastDelay	0.790942	790942	1	6
52.1444	0	1	3129	FullDelay	21.5781	2.15781e+07	2	6
52.1536	0	1	3130	LastDelay	0.793302	793302	1	6
52.1536	0	1	3130	FullDelay	21.5805	2.15805e+07	2	6
52.2016	0	1	3131	LastDelay	0.834479	834479	1	6
52.2016	0	1	3131	FullDelay	21.6217	2.16217e+07	2	6
52.2362	0	1	3132	LastDelay	0.862202	862202	1	6
52.2362	0	1	3132	FullDelay	21.6494	2.16494e+07	2	6
52.2547	0	1	3134	LastDelay	0.867061	867061	1	6
52.2547	0	1	3134	FullDelay	21.6543	2.16543e+07	2	6
52.2737	0	1	3135	LastDelay	0.879233	879233	1	6
52.2737	0	1	3135	FullDelay	21.6664	2.16664e+07	2	6
52.2857	0	1	3136	LastDelay	0.884439	884439	1	6
52.2857	0	1	3136	FullDelay	21.6716	2.16716e+07	2	6
52.2971	0	1	3137	LastDelay	0.889018	889018	1	6
52.2971	0	1	3137	FullDelay	21.6762	2.16762e+07	2	6
52.3496	0	1	3138	LastDelay	0.934623	934623	1	6
52.3496	0	1	3138	FullDelay	21.7218	2.17218e+07	2	6
52.377	0	1	3140	LastDelay	0.948368	948368	1	6
52.377	0	1	3140	FullDelay	21.7356	2.17356e+07	2	6
52.3887	0	1	3141	LastDelay	0.953311	953311	1	6
52.3887	0	1	3141	FullDelay	21.7405	2.17405e+07	2	6
52.4075	0	1	3142	LastDelay	0.965265	965265	1	6
52.4075	0	1	3142	FullDelay	21.7525	2.17525e+07	2	6
52.4184	0	1	3143	LastDelay	0.969297	969297	1	6
52.4184	0	1	3143	FullDelay	21.7565	2.17565e+07	2	6
52.4796	0	1	3145	LastDelay	1.01692	1.01692e+06	1	6
52.4796	0	1	3145	FullDelay	21.8041	2.18041e+07	2	6
52.5209	0	1	3147	LastDelay	1.04456	1.04456e+06	1	6
52.5209	0	1	3147	FullDelay	21.8318	2.18318e+07	2	6
52.5495	0	1	3148	LastDelay	1.06628	1.06628e+06	1	6
52.5495	0	1	3148	FullDelay	21.8535	2.18535e+07	2	6
52.5677	0	1	3150	LastDelay	1.07084	1.07084e+06	1	6
52.5677	0	1	3150	FullDelay	21.858	2.1858e+07	2	6
52.6229	0	1	3151	LastDelay	1.11919	1.11919e+06	1	6
52.6229	0	1	3151	FullDelay	21.9064	2.19064e+07	2	6
52.6554	0	1	3152	LastDelay	1.14489	1.14489e+06	1	6
52.6554	0	1	3152	FullDelay	21.9321	2.19321e+07	2	6
52.6653	0	1	3153	LastDelay	1.14801	1.14801e+06	1	6
52.6653	0	1	3153	FullDelay	21.9352	2.19352e+07	2	6
52.6767	0	1	3154	LastDelay	1.15253	1.15253e+06	1	6
52.6767	0	1	3154	FullDelay	21.9397	2.19397e+07	2	6
52.6964	0	1	3156	LastDelay	1.15857	1.15857e+06	1	6
52.6964	0	1	3156	FullDelay	21.9458	2.19458e+07	2	6
52.8021	0	1	3159	LastDelay	1.24377	1.24377e+06	1	6
52.8021	0	1	3159	FullDelay	22.031	2.2031e+07	2	6
52.8212	0	1	3160	LastDelay	1.25606	1.25606e+06	1	6
52.8212	0	1	3160	FullDelay	22.0433	2.20433e+07	2	6
52.8318	0	1	3161	LastDelay	1.25983	1.25983e+06	1	6
52.8318	0	1	3161	FullDelay	22.047	2.2047e+07	2	6
52.8519	0	1	3162	LastDelay	1.27318	1.27318e+06	1	6
52.8519	0	1	3162	FullDelay	22.0604	2.20604e+07	2	6
52.861	0	1	3163	LastDelay	1.27542	1.27542e+06	1	6
52.861	0	1	3163	FullDelay	22.0626	2.20626e+07	2	6
52.88	0	1	3164	LastDelay	1.28762	1.28762e+06	1	6
52.88	0	1	3164	FullDelay	22.0748	2.20748e+07	2	6
52.9058	0	1	3165	LastDelay	1.3065	1.3065e+06	1	6
52.9058	0	1	3165	FullDelay	22.0937	2.20937e+07	2	6
52.9148	0	1	3166	LastDelay	1.30876	1.30876e+06	1	6
52.9148	0	1	3166	FullDelay	22.096	2.2096e+07	2	6
52.9253	0	1	3167	LastDelay	1.3124	1.3124e+06	1	6
52.9253	0	1	3167	FullDelay	22.0996	2.20996e+07	2	6
52.9356	0	1	3168	LastDelay	1.31591	1.31591e+06	1	6
52.9356	0	1	3168	FullDelay	22.1031	2.21031e+07	2	6
52.9465	0	1	3169	LastDelay	1.31994	1.31994e+06	1	6
52.9465	0	1	3169	FullDelay	22.1071	2.21071e+07	2	6
52.9572	0	1	3170	LastDelay	1.32382	1.32382e+06	1	6
52.9572	0	1	3170	FullDelay	22.111	2.2111e+07	2	6
