Time	Node	AppId	SeqNo	Type	DelayS	DelayUS	RetxCount	HopCount
1.02468	0	1	0	LastDelay	0.0246835	24683.5	1	4
1.02468	0	1	0	FullDelay	0.0246835	24683.5	1	4
1.04282	0	1	1	LastDelay	0.0359884	35988.4	1	4
1.04282	0	1	1	FullDelay	0.0359884	35988.4	1	4
1.06408	0	1	2	LastDelay	0.0504247	50424.7	1	4
1.06408	0	1	2	FullDelay	0.0504247	50424.7	1	4
1.09492	0	1	4	LastDelay	0.0676118	67611.8	1	4
1.09492	0	1	4	FullDelay	0.0676118	67611.8	1	4
1.11373	0	1	5	LastDelay	0.0795993	79599.3	1	4
1.11373	0	1	5	FullDelay	0.0795993	79599.3	1	4
1.14148	0	1	7	LastDelay	0.0936933	93693.3	1	4
1.14148	0	1	7	FullDelay	0.0936933	93693.3	1	4
1.15568	0	1	8	LastDelay	0.101068	101068	1	4
1.15568	0	1	8	FullDelay	0.101068	101068	1	4
1.19077	0	1	10	LastDelay	0.122507	122507	1	4
1.19077	0	1	10	FullDelay	0.122507	122507	1	4
1.20591	0	1	11	LastDelay	0.130816	130816	1	4
1.20591	0	1	11	FullDelay	0.130816	130816	1	4
1.22068	0	1	12	LastDelay	0.138764	138764	1	4
1.22068	0	1	12	FullDelay	0.138764	138764	1	4
1.2373	0	1	13	LastDelay	0.148552	148552	1	4
1.2373	0	1	13	FullDelay	0.148552	148552	1	4
1.26174	0	1	14	LastDelay	0.166163	166163	1	4
1.26174	0	1	14	FullDelay	0.166163	166163	1	4
1.27903	0	1	15	LastDelay	0.176626	176626	1	4
1.27903	0	1	15	FullDelay	0.176626	176626	1	4
1.289	0	1	16	LastDelay	0.179775	179775	1	4
1.289	0	1	16	FullDelay	0.179775	179775	1	4
1.31076	0	1	17	LastDelay	0.19471	194710	1	4
1.31076	0	1	17	FullDelay	0.19471	194710	1	4
1.31984	0	1	18	LastDelay	0.196961	196961	1	4
1.31984	0	1	18	FullDelay	0.196961	196961	1	4
1.33869	0	1	19	LastDelay	0.208983	208983	1	4
1.33869	0	1	19	FullDelay	0.208983	208983	1	4
1.36739	0	1	20	LastDelay	0.230853	230853	1	4
1.36739	0	1	20	FullDelay	0.230853	230853	1	4
1.3773	0	1	21	LastDelay	0.233943	233943	1	4
1.3773	0	1	21	FullDelay	0.233943	233943	1	4
1.39555	0	1	22	LastDelay	0.245365	245365	1	4
1.39555	0	1	22	FullDelay	0.245365	245365	1	4
1.43139	0	1	24	LastDelay	0.267548	267548	1	4
1.43139	0	1	24	FullDelay	0.267548	267548	1	4
1.4546	0	1	25	LastDelay	0.28393	283930	1	4
1.4546	0	1	25	FullDelay	0.28393	283930	1	4
1.46877	0	1	26	LastDelay	0.291276	291276	1	4
1.46877	0	1	26	FullDelay	0.291276	291276	1	4
1.49272	0	1	27	LastDelay	0.308396	308396	1	4
1.49272	0	1	27	FullDelay	0.308396	308396	1	4
1.55532	0	1	30	LastDelay	0.350519	350519	1	4
1.55532	0	1	30	FullDelay	0.350519	350519	1	4
1.5655	0	1	31	LastDelay	0.35387	353870	1	4
1.5655	0	1	31	FullDelay	0.35387	353870	1	4
1.60368	0	1	33	LastDelay	0.378401	378401	1	4
1.60368	0	1	33	FullDelay	0.378401	378401	1	4
1.62353	0	1	35	LastDelay	0.384601	384601	1	4
1.62353	0	1	35	FullDelay	0.384601	384601	1	4
1.67167	0	1	37	LastDelay	0.419079	419079	1	4
1.67167	0	1	37	FullDelay	0.419079	419079	1	4
1.6833	0	1	38	LastDelay	0.423887	423887	1	4
1.6833	0	1	38	FullDelay	0.423887	423887	1	4
1.70228	0	1	39	LastDelay	0.436041	436041	1	4
1.70228	0	1	39	FullDelay	0.436041	436041	1	4
1.72306	0	1	40	LastDelay	0.449993	449993	1	4
1.72306	0	1	40	FullDelay	0.449993	449993	1	4
1.73554	0	1	41	LastDelay	0.455642	455642	1	4
1.73554	0	1	41	FullDelay	0.455642	455642	1	4
1.76052	0	1	42	LastDelay	0.473798	473798	1	4
1.76052	0	1	42	FullDelay	0.473798	473798	1	4
1.77389	0	1	43	LastDelay	0.480344	480344	1	4
1.77389	0	1	43	FullDelay	0.480344	480344	1	4
1.78554	0	1	44	LastDelay	0.485171	485171	1	4
1.78554	0	1	44	FullDelay	0.485171	485171	1	4
1.79708	0	1	45	LastDelay	0.489882	489882	1	4
1.79708	0	1	45	FullDelay	0.489882	489882	1	4
1.84075	0	1	48	LastDelay	0.513071	513071	1	4
1.84075	0	1	48	FullDelay	0.513071	513071	1	4
1.85228	0	1	49	LastDelay	0.517778	517778	1	4
1.85228	0	1	49	FullDelay	0.517778	517778	1	4
1.88667	0	1	50	LastDelay	0.545332	545332	1	4
1.88667	0	1	50	FullDelay	0.545332	545332	1	4
1.89655	0	1	51	LastDelay	0.548385	548385	1	4
1.89655	0	1	51	FullDelay	0.548385	548385	1	4
1.91224	0	1	52	LastDelay	0.557253	557253	1	4
1.91224	0	1	52	FullDelay	0.557253	557253	1	4
1.93152	0	1	54	LastDelay	0.562875	562875	1	4
1.93152	0	1	54	FullDelay	0.562875	562875	1	4
2.00389	0	1	57	LastDelay	0.614773	614773	1	4
2.00389	0	1	57	FullDelay	0.614773	614773	1	4
2.03241	0	1	59	LastDelay	0.629637	629637	1	4
2.03241	0	1	59	FullDelay	0.629637	629637	1	4
2.04684	0	1	60	LastDelay	0.63724	637240	1	4
2.04684	0	1	60	FullDelay	0.63724	637240	1	4
2.06778	0	1	61	LastDelay	0.65135	651350	1	4
2.06778	0	1	61	FullDelay	0.65135	651350	1	4
2.07688	0	1	62	LastDelay	0.653622	653622	1	4
2.07688	0	1	62	FullDelay	0.653622	653622	1	4
2.08913	0	1	63	LastDelay	0.659051	659051	1	4
2.08913	0	1	63	FullDelay	0.659051	659051	1	4
2.10254	0	1	64	LastDelay	0.665637	665637	1	4
2.10254	0	1	64	FullDelay	0.665637	665637	1	4
2.13975	0	1	65	LastDelay	0.696017	696017	1	4
2.13975	0	1	65	FullDelay	0.696017	696017	1	4
2.16023	0	1	66	LastDelay	0.709669	709669	1	4
2.16023	0	1	66	FullDelay	0.709669	709669	1	4
2.1713	0	1	67	LastDelay	0.713915	713915	1	4
2.1713	0	1	67	FullDelay	0.713915	713915	1	4
2.18704	0	1	68	LastDelay	0.722829	722829	1	4
2.18704	0	1	68	FullDelay	0.722829	722829	1	4
2.21421	0	1	69	LastDelay	0.743174	743174	1	4
2.21421	0	1	69	FullDelay	0.743174	743174	1	4
2.22601	0	1	70	LastDelay	0.748144	748144	1	4
2.22601	0	1	70	FullDelay	0.748144	748144	1	4
2.23507	0	1	71	LastDelay	0.750376	750376	1	4
2.23507	0	1	71	FullDelay	0.750376	750376	1	4
2.25437	0	1	72	LastDelay	0.762845	762845	1	4
2.25437	0	1	72	FullDelay	0.762845	762845	1	4
2.26499	0	1	73	LastDelay	0.766647	766647	1	4
2.26499	0	1	73	FullDelay	0.766647	766647	1	4
2.30132	0	1	74	LastDelay	0.796149	796149	1	4
2.30132	0	1	74	FullDelay	0.796149	796149	1	4
2.32411	0	1	75	LastDelay	0.812114	812114	1	4
2.32411	0	1	75	FullDelay	0.812114	812114	1	4
2.33604	0	1	76	LastDelay	0.817218	817218	1	4
2.33604	0	1	76	FullDelay	0.817218	817218	1	4
2.34799	0	1	77	LastDelay	0.822342	822342	1	4
2.34799	0	1	77	FullDelay	0.822342	822342	1	4
2.37276	0	1	78	LastDelay	0.840283	840283	1	4
2.37276	0	1	78	FullDelay	0.840283	840283	1	4
2.39554	0	1	79	LastDelay	0.856229	856229	1	4
2.39554	0	1	79	FullDelay	0.856229	856229	1	4
2.42477	0	1	80	LastDelay	0.878634	878634	1	4
2.42477	0	1	80	FullDelay	0.878634	878634	1	4
2.4615	0	1	82	LastDelay	0.901716	901716	1	4
2.4615	0	1	82	FullDelay	0.901716	901716	1	4
2.48365	0	1	83	LastDelay	0.917039	917039	1	4
2.48365	0	1	83	FullDelay	0.917039	917039	1	4
2.50879	0	1	85	LastDelay	0.92852	928520	1	4
2.50879	0	1	85	FullDelay	0.92852	928520	1	4
2.56504	0	1	88	LastDelay	0.964297	964297	1	4
2.56504	0	1	88	FullDelay	0.964297	964297	1	4
2.60209	0	1	89	LastDelay	0.994517	994517	1	4
2.60209	0	1	89	FullDelay	0.994517	994517	1	4
2.61747	0	1	90	LastDelay	1.00307	1.00307e+06	1	4
2.61747	0	1	90	FullDelay	1.00307	1.00307e+06	1	4
2.63168	0	1	91	LastDelay	1.01045	1.01045e+06	1	4
2.63168	0	1	91	FullDelay	1.01045	1.01045e+06	1	4
2.6557	0	1	92	LastDelay	1.02764	1.02764e+06	1	4
2.6557	0	1	92	FullDelay	1.02764	1.02764e+06	1	4
2.67204	0	1	93	LastDelay	1.03716	1.03716e+06	1	4
2.67204	0	1	93	FullDelay	1.03716	1.03716e+06	1	4
2.6903	0	1	94	LastDelay	1.0486	1.0486e+06	1	4
2.6903	0	1	94	FullDelay	1.0486	1.0486e+06	1	4
2.69936	0	1	95	LastDelay	1.05083	1.05083e+06	1	4
2.69936	0	1	95	FullDelay	1.05083	1.05083e+06	1	4
2.71426	0	1	96	LastDelay	1.0589	1.0589e+06	1	4
2.71426	0	1	96	FullDelay	1.0589	1.0589e+06	1	4
2.73858	0	1	98	LastDelay	1.06957	1.06957e+06	1	4
2.73858	0	1	98	FullDelay	1.06957	1.06957e+06	1	4
2.74942	0	1	99	LastDelay	1.07358	1.07358e+06	1	4
2.74942	0	1	99	FullDelay	1.07358	1.07358e+06	1	4
2.77582	0	1	100	LastDelay	1.09315	1.09315e+06	1	4
2.77582	0	1	100	FullDelay	1.09315	1.09315e+06	1	4
2.80228	0	1	101	LastDelay	1.11278	1.11278e+06	1	4
2.80228	0	1	101	FullDelay	1.11278	1.11278e+06	1	4
2.84794	0	1	102	LastDelay	1.15162	1.15162e+06	1	4
2.84794	0	1	102	FullDelay	1.15162	1.15162e+06	1	4
2.87007	0	1	103	LastDelay	1.16692	1.16692e+06	1	4
2.87007	0	1	103	FullDelay	1.16692	1.16692e+06	1	4
2.88088	0	1	104	LastDelay	1.1709	1.1709e+06	1	4
2.88088	0	1	104	FullDelay	1.1709	1.1709e+06	1	4
2.90583	0	1	105	LastDelay	1.18903	1.18903e+06	1	4
2.90583	0	1	105	FullDelay	1.18903	1.18903e+06	1	4
2.93736	0	1	106	LastDelay	1.21373	1.21373e+06	1	4
2.93736	0	1	106	FullDelay	1.21373	1.21373e+06	1	4
2.94649	0	1	107	LastDelay	1.21604	1.21604e+06	1	4
2.94649	0	1	107	FullDelay	1.21604	1.21604e+06	1	4
2.95917	0	1	108	LastDelay	1.22189	1.22189e+06	1	4
2.95917	0	1	108	FullDelay	1.22189	1.22189e+06	1	4
2.97273	0	1	109	LastDelay	1.22862	1.22862e+06	1	4
2.97273	0	1	109	FullDelay	1.22862	1.22862e+06	1	4
2.98755	0	1	110	LastDelay	1.23662	1.23662e+06	1	4
2.98755	0	1	110	FullDelay	1.23662	1.23662e+06	1	4
2.99777	0	1	111	LastDelay	1.24002	1.24002e+06	1	4
2.99777	0	1	111	FullDelay	1.24002	1.24002e+06	1	4
3.02507	0	1	112	LastDelay	1.26048	1.26048e+06	1	4
3.02507	0	1	112	FullDelay	1.26048	1.26048e+06	1	4
3.03947	0	1	113	LastDelay	1.26806	1.26806e+06	1	4
3.03947	0	1	113	FullDelay	1.26806	1.26806e+06	1	4
3.05119	0	1	114	LastDelay	1.27295	1.27295e+06	1	4
3.05119	0	1	114	FullDelay	1.27295	1.27295e+06	1	4
3.06025	0	1	115	LastDelay	1.27518	1.27518e+06	1	4
3.06025	0	1	115	FullDelay	1.27518	1.27518e+06	1	4
3.07779	0	1	116	LastDelay	1.2859	1.2859e+06	1	4
3.07779	0	1	116	FullDelay	1.2859	1.2859e+06	1	4
3.10842	0	1	118	LastDelay	1.30287	1.30287e+06	1	4
3.10842	0	1	118	FullDelay	1.30287	1.30287e+06	1	4
3.14496	0	1	120	LastDelay	1.32576	1.32576e+06	1	4
3.14496	0	1	120	FullDelay	1.32576	1.32576e+06	1	4
3.1645	0	1	121	LastDelay	1.33847	1.33847e+06	1	4
3.1645	0	1	121	FullDelay	1.33847	1.33847e+06	1	4
3.19728	0	1	123	LastDelay	1.3576	1.3576e+06	1	4
3.19728	0	1	123	FullDelay	1.3576	1.3576e+06	1	4
3.20642	0	1	124	LastDelay	1.35992	1.35992e+06	1	4
3.20642	0	1	124	FullDelay	1.35992	1.35992e+06	1	4
3.22394	0	1	125	LastDelay	1.37061	1.37061e+06	1	4
3.22394	0	1	125	FullDelay	1.37061	1.37061e+06	1	4
3.24631	0	1	126	LastDelay	1.38615	1.38615e+06	1	4
3.24631	0	1	126	FullDelay	1.38615	1.38615e+06	1	4
3.27065	0	1	128	LastDelay	1.39684	1.39684e+06	1	4
3.27065	0	1	128	FullDelay	1.39684	1.39684e+06	1	4
3.28224	0	1	129	LastDelay	1.4016	1.4016e+06	1	4
3.28224	0	1	129	FullDelay	1.4016	1.4016e+06	1	4
3.3094	0	1	3	LastDelay	1.40828	1.40828e+06	1	2
3.3094	0	1	3	FullDelay	2.28892	2.28892e+06	2	2
3.32025	0	1	130	LastDelay	1.43278	1.43278e+06	1	4
3.32025	0	1	130	FullDelay	1.43278	1.43278e+06	1	4
3.35346	0	1	132	LastDelay	1.44551	1.44551e+06	1	4
3.35346	0	1	132	FullDelay	1.44551	1.44551e+06	1	4
3.36342	0	1	133	LastDelay	1.44865	1.44865e+06	1	4
3.36342	0	1	133	FullDelay	1.44865	1.44865e+06	1	4
3.37337	0	1	134	LastDelay	1.45177	1.45177e+06	1	4
3.37337	0	1	134	FullDelay	1.45177	1.45177e+06	1	4
3.39632	0	1	135	LastDelay	1.46789	1.46789e+06	1	4
3.39632	0	1	135	FullDelay	1.46789	1.46789e+06	1	4
3.41457	0	1	6	LastDelay	1.45884	1.45884e+06	1	2
3.41457	0	1	6	FullDelay	2.37361	2.37361e+06	2	2
3.42741	0	1	136	LastDelay	1.49216	1.49216e+06	1	4
3.42741	0	1	136	FullDelay	1.49216	1.49216e+06	1	4
3.44057	0	1	137	LastDelay	1.49849	1.49849e+06	1	4
3.44057	0	1	137	FullDelay	1.49849	1.49849e+06	1	4
3.45144	0	1	138	LastDelay	1.50253	1.50253e+06	1	4
3.45144	0	1	138	FullDelay	1.50253	1.50253e+06	1	4
3.47271	0	1	9	LastDelay	1.51015	1.51015e+06	1	2
3.47271	0	1	9	FullDelay	2.41127	2.41127e+06	2	2
3.49686	0	1	139	LastDelay	1.52747	1.52747e+06	1	4
3.49686	0	1	139	FullDelay	1.52747	1.52747e+06	1	4
3.50935	0	1	140	LastDelay	1.53314	1.53314e+06	1	4
3.50935	0	1	140	FullDelay	1.53314	1.53314e+06	1	4
3.52614	0	1	141	LastDelay	1.5431	1.5431e+06	1	4
3.52614	0	1	141	FullDelay	1.5431	1.5431e+06	1	4
3.53689	0	1	142	LastDelay	1.54702	1.54702e+06	1	4
3.53689	0	1	142	FullDelay	1.54702	1.54702e+06	1	4
3.57378	0	1	143	LastDelay	1.57709	1.57709e+06	1	4
3.57378	0	1	143	FullDelay	1.57709	1.57709e+06	1	4
3.589	0	1	144	LastDelay	1.58548	1.58548e+06	1	4
3.589	0	1	144	FullDelay	1.58548	1.58548e+06	1	4
3.62543	0	1	145	LastDelay	1.61508	1.61508e+06	1	4
3.62543	0	1	145	FullDelay	1.61508	1.61508e+06	1	4
3.64493	0	1	146	LastDelay	1.62776	1.62776e+06	1	4
3.64493	0	1	146	FullDelay	1.62776	1.62776e+06	1	4
3.65933	0	1	147	LastDelay	1.63533	1.63533e+06	1	4
3.65933	0	1	147	FullDelay	1.63533	1.63533e+06	1	4
3.68439	0	1	149	LastDelay	1.64674	1.64674e+06	1	4
3.68439	0	1	149	FullDelay	1.64674	1.64674e+06	1	4
3.6979	0	1	150	LastDelay	1.65342	1.65342e+06	1	4
3.6979	0	1	150	FullDelay	1.65342	1.65342e+06	1	4
3.70871	0	1	151	LastDelay	1.6574	1.6574e+06	1	4
3.70871	0	1	151	FullDelay	1.6574	1.6574e+06	1	4
3.72788	0	1	153	LastDelay	1.66292	1.66292e+06	1	4
3.72788	0	1	153	FullDelay	1.66292	1.66292e+06	1	4
3.73785	0	1	154	LastDelay	1.66606	1.66606e+06	1	4
3.73785	0	1	154	FullDelay	1.66606	1.66606e+06	1	4
3.74786	0	1	155	LastDelay	1.66924	1.66924e+06	1	4
3.74786	0	1	155	FullDelay	1.66924	1.66924e+06	1	4
3.76298	0	1	156	LastDelay	1.67754	1.67754e+06	1	4
3.76298	0	1	156	FullDelay	1.67754	1.67754e+06	1	4
3.77559	0	1	157	LastDelay	1.68332	1.68332e+06	1	4
3.77559	0	1	157	FullDelay	1.68332	1.68332e+06	1	4
3.81551	0	1	159	LastDelay	1.70959	1.70959e+06	1	4
3.81551	0	1	159	FullDelay	1.70959	1.70959e+06	1	4
3.82813	0	1	160	LastDelay	1.71539	1.71539e+06	1	4
3.82813	0	1	160	FullDelay	1.71539	1.71539e+06	1	4
3.85745	0	1	161	LastDelay	1.73787	1.73787e+06	1	4
3.85745	0	1	161	FullDelay	1.73787	1.73787e+06	1	4
3.89113	0	1	163	LastDelay	1.7579	1.7579e+06	1	4
3.89113	0	1	163	FullDelay	1.7579	1.7579e+06	1	4
3.91311	0	1	164	LastDelay	1.77305	1.77305e+06	1	4
3.91311	0	1	164	FullDelay	1.77305	1.77305e+06	1	4
3.9277	0	1	165	LastDelay	1.78082	1.78082e+06	1	4
3.9277	0	1	165	FullDelay	1.78082	1.78082e+06	1	4
3.9376	0	1	166	LastDelay	1.7839	1.7839e+06	1	4
3.9376	0	1	166	FullDelay	1.7839	1.7839e+06	1	4
3.95281	0	1	167	LastDelay	1.79228	1.79228e+06	1	4
3.95281	0	1	167	FullDelay	1.79228	1.79228e+06	1	4
3.97308	0	1	168	LastDelay	1.80572	1.80572e+06	1	4
3.97308	0	1	168	FullDelay	1.80572	1.80572e+06	1	4
4.0282	0	1	170	LastDelay	1.84718	1.84718e+06	1	4
4.0282	0	1	170	FullDelay	1.84718	1.84718e+06	1	4
4.04604	0	1	171	LastDelay	1.8582	1.8582e+06	1	4
4.04604	0	1	171	FullDelay	1.8582	1.8582e+06	1	4
4.05596	0	1	172	LastDelay	1.86129	1.86129e+06	1	4
4.05596	0	1	172	FullDelay	1.86129	1.86129e+06	1	4
4.07133	0	1	173	LastDelay	1.86983	1.86983e+06	1	4
4.07133	0	1	173	FullDelay	1.86983	1.86983e+06	1	4
4.08577	0	1	174	LastDelay	1.87745	1.87745e+06	1	4
4.08577	0	1	174	FullDelay	1.87745	1.87745e+06	1	4
4.10411	0	1	175	LastDelay	1.88896	1.88896e+06	1	4
4.10411	0	1	175	FullDelay	1.88896	1.88896e+06	1	4
4.1201	0	1	176	LastDelay	1.89813	1.89813e+06	1	4
4.1201	0	1	176	FullDelay	1.89813	1.89813e+06	1	4
4.13003	0	1	177	LastDelay	1.90123	1.90123e+06	1	4
4.13003	0	1	177	FullDelay	1.90123	1.90123e+06	1	4
4.19802	0	1	23	LastDelay	1.94192	1.94192e+06	1	2
4.19802	0	1	23	FullDelay	3.04101	3.04101e+06	2	2
4.20708	0	1	179	LastDelay	1.96463	1.96463e+06	1	4
4.20708	0	1	179	FullDelay	1.96463	1.96463e+06	1	4
4.21734	0	1	180	LastDelay	1.96806	1.96806e+06	1	4
4.21734	0	1	180	FullDelay	1.96806	1.96806e+06	1	4
4.28376	0	1	182	LastDelay	2.014	2.014e+06	1	4
4.28376	0	1	182	FullDelay	2.014	2.014e+06	1	4
4.33996	0	1	184	LastDelay	2.05655	2.05655e+06	1	4
4.33996	0	1	184	FullDelay	2.05655	2.05655e+06	1	4
4.54938	0	1	192	LastDelay	2.18405	2.18405e+06	1	4
4.54938	0	1	192	FullDelay	2.18405	2.18405e+06	1	4
4.57441	0	1	193	LastDelay	2.20225	2.20225e+06	1	4
4.57441	0	1	193	FullDelay	2.20225	2.20225e+06	1	4
4.58847	0	1	194	LastDelay	2.20948	2.20948e+06	1	4
4.58847	0	1	194	FullDelay	2.20948	2.20948e+06	1	4
4.60119	0	1	195	LastDelay	2.21538	2.21538e+06	1	4
4.60119	0	1	195	FullDelay	2.21538	2.21538e+06	1	4
4.6341	0	1	197	LastDelay	2.23463	2.23463e+06	1	4
4.6341	0	1	197	FullDelay	2.23463	2.23463e+06	1	4
4.64747	0	1	198	LastDelay	2.24118	2.24118e+06	1	4
4.64747	0	1	198	FullDelay	2.24118	2.24118e+06	1	4
4.66441	0	1	199	LastDelay	2.25129	2.25129e+06	1	4
4.66441	0	1	199	FullDelay	2.25129	2.25129e+06	1	4
4.68947	0	1	201	LastDelay	2.2627	2.2627e+06	1	4
4.68947	0	1	201	FullDelay	2.2627	2.2627e+06	1	4
4.71231	0	1	202	LastDelay	2.27871	2.27871e+06	1	4
4.71231	0	1	202	FullDelay	2.27871	2.27871e+06	1	4
4.78193	0	1	205	LastDelay	2.32102	2.32102e+06	1	4
4.78193	0	1	205	FullDelay	2.32102	2.32102e+06	1	4
4.8087	0	1	207	LastDelay	2.33414	2.33414e+06	1	4
4.8087	0	1	207	FullDelay	2.33414	2.33414e+06	1	4
4.83377	0	1	209	LastDelay	2.34556	2.34556e+06	1	4
4.83377	0	1	209	FullDelay	2.34556	2.34556e+06	1	4
4.85523	0	1	210	LastDelay	2.36019	2.36019e+06	1	4
4.85523	0	1	210	FullDelay	2.36019	2.36019e+06	1	4
4.88894	0	1	213	LastDelay	2.37342	2.37342e+06	1	4
4.88894	0	1	213	FullDelay	2.37342	2.37342e+06	1	4
4.91502	0	1	215	LastDelay	2.38585	2.38585e+06	1	4
4.91502	0	1	215	FullDelay	2.38585	2.38585e+06	1	4
4.93459	0	1	216	LastDelay	2.39859	2.39859e+06	1	4
4.93459	0	1	216	FullDelay	2.39859	2.39859e+06	1	4
4.96651	0	1	217	LastDelay	2.42368	2.42368e+06	1	4
4.96651	0	1	217	FullDelay	2.42368	2.42368e+06	1	4
4.98332	0	1	218	LastDelay	2.43367	2.43367e+06	1	4
4.98332	0	1	218	FullDelay	2.43367	2.43367e+06	1	4
4.99649	0	1	219	LastDelay	2.44001	2.44001e+06	1	4
4.99649	0	1	219	FullDelay	2.44001	2.44001e+06	1	4
5.01833	0	1	220	LastDelay	2.45503	2.45503e+06	1	4
5.01833	0	1	220	FullDelay	2.45503	2.45503e+06	1	4
5.05233	0	1	221	LastDelay	2.48219	2.48219e+06	1	4
5.05233	0	1	221	FullDelay	2.48219	2.48219e+06	1	4
5.07757	0	1	223	LastDelay	2.49378	2.49378e+06	1	4
5.07757	0	1	223	FullDelay	2.49378	2.49378e+06	1	4
5.09331	0	1	224	LastDelay	2.5027	2.5027e+06	1	4
5.09331	0	1	224	FullDelay	2.5027	2.5027e+06	1	4
5.12761	0	1	225	LastDelay	2.53017	2.53017e+06	1	4
5.12761	0	1	225	FullDelay	2.53017	2.53017e+06	1	4
5.19154	0	1	228	LastDelay	2.57362	2.57362e+06	1	4
5.19154	0	1	228	FullDelay	2.57362	2.57362e+06	1	4
5.25259	0	1	230	LastDelay	2.62102	2.62102e+06	1	4
5.25259	0	1	230	FullDelay	2.62102	2.62102e+06	1	4
5.27751	0	1	231	LastDelay	2.63911	2.63911e+06	1	4
5.27751	0	1	231	FullDelay	2.63911	2.63911e+06	1	4
5.28743	0	1	232	LastDelay	2.64221	2.64221e+06	1	4
5.28743	0	1	232	FullDelay	2.64221	2.64221e+06	1	4
5.29999	0	1	233	LastDelay	2.64794	2.64794e+06	1	4
5.29999	0	1	233	FullDelay	2.64794	2.64794e+06	1	4
5.33846	0	1	235	LastDelay	2.67276	2.67276e+06	1	4
5.33846	0	1	235	FullDelay	2.67276	2.67276e+06	1	4
5.35111	0	1	236	LastDelay	2.67858	2.67858e+06	1	4
5.35111	0	1	236	FullDelay	2.67858	2.67858e+06	1	4
5.42923	0	1	240	LastDelay	2.72939	2.72939e+06	1	4
5.42923	0	1	240	FullDelay	2.72939	2.72939e+06	1	4
5.44087	0	1	241	LastDelay	2.73421	2.73421e+06	1	4
5.44087	0	1	241	FullDelay	2.73421	2.73421e+06	1	4
5.46078	0	1	243	LastDelay	2.74046	2.74046e+06	1	4
5.46078	0	1	243	FullDelay	2.74046	2.74046e+06	1	4
5.53241	0	1	248	LastDelay	2.76431	2.76431e+06	1	4
5.53241	0	1	248	FullDelay	2.76431	2.76431e+06	1	4
5.55038	0	1	250	LastDelay	2.76862	2.76862e+06	1	4
5.55038	0	1	250	FullDelay	2.76862	2.76862e+06	1	4
5.56477	0	1	251	LastDelay	2.77619	2.77619e+06	1	4
5.56477	0	1	251	FullDelay	2.77619	2.77619e+06	1	4
5.64103	0	1	256	LastDelay	2.81148	2.81148e+06	1	4
5.64103	0	1	256	FullDelay	2.81148	2.81148e+06	1	4
5.67275	0	1	257	LastDelay	2.83638	2.83638e+06	1	4
5.67275	0	1	257	FullDelay	2.83638	2.83638e+06	1	4
5.68288	0	1	258	LastDelay	2.83969	2.83969e+06	1	4
5.68288	0	1	258	FullDelay	2.83969	2.83969e+06	1	4
5.70288	0	1	259	LastDelay	2.85286	2.85286e+06	1	4
5.70288	0	1	259	FullDelay	2.85286	2.85286e+06	1	4
5.72224	0	1	260	LastDelay	2.86539	2.86539e+06	1	4
5.72224	0	1	260	FullDelay	2.86539	2.86539e+06	1	4
5.76293	0	1	269	LastDelay	2.84463	2.84463e+06	1	4
5.76293	0	1	269	FullDelay	2.84463	2.84463e+06	1	4
5.77199	0	1	270	LastDelay	2.84687	2.84687e+06	1	4
5.77199	0	1	270	FullDelay	2.84687	2.84687e+06	1	4
5.79407	0	1	274	LastDelay	2.84165	2.84165e+06	1	4
5.79407	0	1	274	FullDelay	2.84165	2.84165e+06	1	4
5.80702	0	1	277	LastDelay	2.83411	2.83411e+06	1	4
5.80702	0	1	277	FullDelay	2.83411	2.83411e+06	1	4
5.90522	0	1	285	LastDelay	2.85722	2.85722e+06	1	4
5.90522	0	1	285	FullDelay	2.85722	2.85722e+06	1	4
5.91513	0	1	286	LastDelay	2.86031	2.86031e+06	1	4
5.91513	0	1	286	FullDelay	2.86031	2.86031e+06	1	4
5.94108	0	1	287	LastDelay	2.87943	2.87943e+06	1	4
5.94108	0	1	287	FullDelay	2.87943	2.87943e+06	1	4
6.00472	0	1	290	LastDelay	2.92259	2.92259e+06	1	4
6.00472	0	1	290	FullDelay	2.92259	2.92259e+06	1	4
6.04199	0	1	293	LastDelay	2.93938	2.93938e+06	1	4
6.04199	0	1	293	FullDelay	2.93938	2.93938e+06	1	4
6.05108	0	1	294	LastDelay	2.94164	2.94164e+06	1	4
6.05108	0	1	294	FullDelay	2.94164	2.94164e+06	1	4
6.13079	0	1	307	LastDelay	2.93261	2.93261e+06	1	4
6.13079	0	1	307	FullDelay	2.93261	2.93261e+06	1	4
6.15214	0	1	311	LastDelay	2.92665	2.92665e+06	1	4
6.15214	0	1	311	FullDelay	2.92665	2.92665e+06	1	4
6.89316	0	1	391	LastDelay	3.06692	3.06692e+06	1	4
6.89316	0	1	391	FullDelay	3.06692	3.06692e+06	1	4
6.92103	0	1	395	LastDelay	3.06065	3.06065e+06	1	4
6.92103	0	1	395	FullDelay	3.06065	3.06065e+06	1	4
6.93872	0	1	400	LastDelay	3.04421	3.04421e+06	1	4
6.93872	0	1	400	FullDelay	3.04421	3.04421e+06	1	4
6.96848	0	1	401	LastDelay	3.06715	3.06715e+06	1	4
6.96848	0	1	401	FullDelay	3.06715	3.06715e+06	1	4
7.00676	0	1	403	LastDelay	3.09178	3.09178e+06	1	4
7.00676	0	1	403	FullDelay	3.09178	3.09178e+06	1	4
7.0194	0	1	405	LastDelay	3.09076	3.09076e+06	1	4
7.0194	0	1	405	FullDelay	3.09076	3.09076e+06	1	4
7.04862	0	1	409	LastDelay	3.09267	3.09267e+06	1	4
7.04862	0	1	409	FullDelay	3.09267	3.09267e+06	1	4
7.06755	0	1	410	LastDelay	3.10478	3.10478e+06	1	4
7.06755	0	1	410	FullDelay	3.10478	3.10478e+06	1	4
7.14627	0	1	418	LastDelay	3.12205	3.12205e+06	1	4
7.14627	0	1	418	FullDelay	3.12205	3.12205e+06	1	4
7.19413	0	1	419	LastDelay	3.16309	3.16309e+06	1	4
7.19413	0	1	419	FullDelay	3.16309	3.16309e+06	1	4
7.207	0	1	420	LastDelay	3.16913	3.16913e+06	1	4
7.207	0	1	420	FullDelay	3.16913	3.16913e+06	1	4
7.23595	0	1	422	LastDelay	3.18443	3.18443e+06	1	4
7.23595	0	1	422	FullDelay	3.18443	3.18443e+06	1	4
7.26996	0	1	426	LastDelay	3.19113	3.19113e+06	1	4
7.26996	0	1	426	FullDelay	3.19113	3.19113e+06	1	4
9.73959	0	1	1079	LastDelay	0.0833785	83378.5	1	4
9.73959	0	1	1079	FullDelay	0.0833785	83378.5	1	4
9.77617	0	1	1081	LastDelay	0.106305	106305	1	4
9.77617	0	1	1081	FullDelay	0.106305	106305	1	4
9.81401	0	1	1082	LastDelay	0.137313	137313	1	4
9.81401	0	1	1082	FullDelay	0.137313	137313	1	4
9.82652	0	1	1083	LastDelay	0.143001	143001	1	4
9.82652	0	1	1083	FullDelay	0.143001	143001	1	4
9.85199	0	1	1084	LastDelay	0.161647	161647	1	4
9.85199	0	1	1084	FullDelay	0.161647	161647	1	4
9.88478	0	1	1085	LastDelay	0.187611	187611	1	4
9.88478	0	1	1085	FullDelay	0.187611	187611	1	4
9.89478	0	1	1086	LastDelay	0.190777	190777	1	4
9.89478	0	1	1086	FullDelay	0.190777	190777	1	4
9.93672	0	1	1087	LastDelay	0.225893	225893	1	4
9.93672	0	1	1087	FullDelay	0.225893	225893	1	4
9.96042	0	1	1088	LastDelay	0.24277	242770	1	4
9.96042	0	1	1088	FullDelay	0.24277	242770	1	4
10.0439	0	1	1092	LastDelay	0.298981	298981	1	4
10.0439	0	1	1092	FullDelay	0.298981	298981	1	4
10.1028	0	1	1093	LastDelay	0.351047	351047	1	4
10.1028	0	1	1093	FullDelay	0.351047	351047	1	4
10.1455	0	1	1094	LastDelay	0.386914	386914	1	4
10.1455	0	1	1094	FullDelay	0.386914	386914	1	4
10.1811	0	1	1096	LastDelay	0.408817	408817	1	4
10.1811	0	1	1096	FullDelay	0.408817	408817	1	4
10.1992	0	1	1097	LastDelay	0.420137	420137	1	4
10.1992	0	1	1097	FullDelay	0.420137	420137	1	4
10.2225	0	1	1098	LastDelay	0.436546	436546	1	4
10.2225	0	1	1098	FullDelay	0.436546	436546	1	4
10.2525	0	1	1099	LastDelay	0.459719	459719	1	4
10.2525	0	1	1099	FullDelay	0.459719	459719	1	4
10.2649	0	1	1100	LastDelay	0.465306	465306	1	4
10.2649	0	1	1100	FullDelay	0.465306	465306	1	4
10.3813	0	1	1101	LastDelay	0.574874	574874	1	4
10.3813	0	1	1101	FullDelay	0.574874	574874	1	4
10.3912	0	1	1102	LastDelay	0.578	578000	1	4
10.3912	0	1	1102	FullDelay	0.578	578000	1	4
10.4258	0	1	1103	LastDelay	0.605792	605792	1	4
10.4258	0	1	1103	FullDelay	0.605792	605792	1	4
10.485	0	1	1104	LastDelay	0.658139	658139	1	4
10.485	0	1	1104	FullDelay	0.658139	658139	1	4
10.4988	0	1	1105	LastDelay	0.665047	665047	1	4
10.4988	0	1	1105	FullDelay	0.665047	665047	1	4
10.5678	0	1	1106	LastDelay	0.727296	727296	1	4
10.5678	0	1	1106	FullDelay	0.727296	727296	1	4
10.5965	0	1	1108	LastDelay	0.742331	742331	1	4
10.5965	0	1	1108	FullDelay	0.742331	742331	1	4
10.628	0	1	1109	LastDelay	0.766996	766996	1	4
10.628	0	1	1109	FullDelay	0.766996	766996	1	4
10.6834	0	1	1111	LastDelay	0.808758	808758	1	4
10.6834	0	1	1111	FullDelay	0.808758	808758	1	4
10.713	0	1	1112	LastDelay	0.831542	831542	1	4
10.713	0	1	1112	FullDelay	0.831542	831542	1	4
10.723	0	1	1113	LastDelay	0.834641	834641	1	4
10.723	0	1	1113	FullDelay	0.834641	834641	1	4
10.732	0	1	1114	LastDelay	0.83688	836880	1	4
10.732	0	1	1114	FullDelay	0.83688	836880	1	4
10.7497	0	1	1115	LastDelay	0.847698	847698	1	4
10.7497	0	1	1115	FullDelay	0.847698	847698	1	4
10.7597	0	1	1116	LastDelay	0.850863	850863	1	4
10.7597	0	1	1116	FullDelay	0.850863	850863	1	4
10.8031	0	1	1117	LastDelay	0.887429	887429	1	4
10.8031	0	1	1117	FullDelay	0.887429	887429	1	4
10.8459	0	1	1118	LastDelay	0.923399	923399	1	4
10.8459	0	1	1118	FullDelay	0.923399	923399	1	4
10.8632	0	1	1119	LastDelay	0.933955	933955	1	4
10.8632	0	1	1119	FullDelay	0.933955	933955	1	4
10.88	0	1	1120	LastDelay	0.943891	943891	1	4
10.88	0	1	1120	FullDelay	0.943891	943891	1	4
10.9086	0	1	1121	LastDelay	0.965686	965686	1	4
10.9086	0	1	1121	FullDelay	0.965686	965686	1	4
11.0337	0	1	1123	LastDelay	1.07711	1.07711e+06	1	4
11.0337	0	1	1123	FullDelay	1.07711	1.07711e+06	1	4
11.0581	0	1	1124	LastDelay	1.09472	1.09472e+06	1	4
11.0581	0	1	1124	FullDelay	1.09472	1.09472e+06	1	4
11.07	0	1	1125	LastDelay	1.09973	1.09973e+06	1	4
11.07	0	1	1125	FullDelay	1.09973	1.09973e+06	1	4
11.0865	0	1	1126	LastDelay	1.1094	1.1094e+06	1	4
11.0865	0	1	1126	FullDelay	1.1094	1.1094e+06	1	4
11.1053	0	1	1127	LastDelay	1.12142	1.12142e+06	1	4
11.1053	0	1	1127	FullDelay	1.12142	1.12142e+06	1	4
11.149	0	1	1128	LastDelay	1.1583	1.1583e+06	1	4
11.149	0	1	1128	FullDelay	1.1583	1.1583e+06	1	4
11.1608	0	1	1129	LastDelay	1.16324	1.16324e+06	1	4
11.1608	0	1	1129	FullDelay	1.16324	1.16324e+06	1	4
11.1796	0	1	379	LastDelay	1.17518	1.17518e+06	1	4
11.1796	0	1	379	FullDelay	7.45571	7.45571e+06	2	4
11.1999	0	1	380	LastDelay	1.18869	1.18869e+06	1	4
11.1999	0	1	380	FullDelay	7.46923	7.46923e+06	2	4
11.2215	0	1	381	LastDelay	1.20352	1.20352e+06	1	4
11.2215	0	1	381	FullDelay	7.48405	7.48405e+06	2	4
11.2357	0	1	382	LastDelay	1.21083	1.21083e+06	1	4
11.2357	0	1	382	FullDelay	7.49137	7.49137e+06	2	4
11.2503	0	1	383	LastDelay	1.21859	1.21859e+06	1	4
11.2503	0	1	383	FullDelay	7.49913	7.49913e+06	2	4
11.2786	0	1	384	LastDelay	1.24005	1.24005e+06	1	4
11.2786	0	1	384	FullDelay	7.52058	7.52058e+06	2	4
11.3308	0	1	385	LastDelay	1.28547	1.28547e+06	1	4
11.3308	0	1	385	FullDelay	7.566	7.566e+06	2	4
11.3432	0	1	117	LastDelay	1.29106	1.29106e+06	1	4
11.3432	0	1	117	FullDelay	9.5445	9.5445e+06	3	4
11.3695	0	1	119	LastDelay	1.31054	1.31054e+06	1	4
11.3695	0	1	119	FullDelay	9.55715	9.55715e+06	3	4
11.4489	0	1	122	LastDelay	1.38309	1.38309e+06	1	4
11.4489	0	1	122	FullDelay	9.61605	9.61605e+06	3	4
11.4658	0	1	127	LastDelay	1.39314	1.39314e+06	1	4
11.4658	0	1	127	FullDelay	9.59879	9.59879e+06	3	4
11.4774	0	1	131	LastDelay	1.39797	1.39797e+06	1	4
11.4774	0	1	131	FullDelay	9.58315	9.58315e+06	3	4
11.5047	0	1	386	LastDelay	1.4184	1.4184e+06	1	4
11.5047	0	1	386	FullDelay	7.73307	7.73307e+06	2	4
11.5219	0	1	387	LastDelay	1.4288	1.4288e+06	1	4
11.5219	0	1	387	FullDelay	7.74347	7.74347e+06	2	4
11.5614	0	1	388	LastDelay	1.46141	1.46141e+06	1	4
11.5614	0	1	388	FullDelay	7.77608	7.77608e+06	2	4
11.5768	0	1	389	LastDelay	1.47002	1.47002e+06	1	4
11.5768	0	1	389	FullDelay	7.78468	7.78468e+06	2	4
11.5894	0	1	390	LastDelay	1.47578	1.47578e+06	1	4
11.5894	0	1	390	FullDelay	7.79045	7.79045e+06	2	4
11.649	0	1	393	LastDelay	1.52179	1.52179e+06	1	4
11.649	0	1	393	FullDelay	7.80915	7.80915e+06	2	4
11.6581	0	1	394	LastDelay	1.52405	1.52405e+06	1	4
11.6581	0	1	394	FullDelay	7.81141	7.81141e+06	2	4
11.6932	0	1	396	LastDelay	1.55232	1.55232e+06	1	4
11.6932	0	1	396	FullDelay	7.82602	7.82602e+06	2	4
11.7056	0	1	397	LastDelay	1.55782	1.55782e+06	1	4
11.7056	0	1	397	FullDelay	7.83152	7.83152e+06	2	4
11.7335	0	1	28	LastDelay	1.57893	1.57893e+06	1	4
11.7335	0	1	28	FullDelay	10.5423	1.05423e+07	4	4
11.7457	0	1	29	LastDelay	1.58436	1.58436e+06	1	4
11.7457	0	1	29	FullDelay	10.5478	1.05478e+07	4	4
11.759	0	1	32	LastDelay	1.59076	1.59076e+06	1	4
11.759	0	1	32	FullDelay	10.5405	1.05405e+07	4	4
11.815	0	1	34	LastDelay	1.64	1.64e+06	1	4
11.815	0	1	34	FullDelay	10.5829	1.05829e+07	4	4
11.8835	0	1	148	LastDelay	1.70162	1.70162e+06	1	4
11.8835	0	1	148	FullDelay	9.85266	9.85266e+06	3	4
11.8933	0	1	152	LastDelay	1.70462	1.70462e+06	1	4
11.8933	0	1	152	FullDelay	9.83517	9.83517e+06	3	4
11.9049	0	1	158	LastDelay	1.70938	1.70938e+06	1	4
11.9049	0	1	158	FullDelay	9.8058	9.8058e+06	3	4
11.9175	0	1	36	LastDelay	1.71516	1.71516e+06	1	4
11.9175	0	1	36	FullDelay	10.6717	1.06717e+07	4	4
11.9293	0	1	46	LastDelay	1.7201	1.7201e+06	1	4
11.9293	0	1	46	FullDelay	10.6152	1.06152e+07	4	4
11.9395	0	1	47	LastDelay	1.72348	1.72348e+06	1	4
11.9395	0	1	47	FullDelay	10.6186	1.06186e+07	4	4
11.9648	0	1	53	LastDelay	1.74194	1.74194e+06	1	4
11.9648	0	1	53	FullDelay	10.603	1.0603e+07	4	4
11.9951	0	1	162	LastDelay	1.76549	1.76549e+06	1	4
11.9951	0	1	162	FullDelay	9.86874	9.86874e+06	3	4
12.0065	0	1	169	LastDelay	1.76998	1.76998e+06	1	4
12.0065	0	1	169	FullDelay	9.83228	9.83228e+06	3	4
12.0181	0	1	178	LastDelay	1.77483	1.77483e+06	1	4
12.0181	0	1	178	FullDelay	9.78251	9.78251e+06	3	4
12.0575	0	1	56	LastDelay	1.80055	1.80055e+06	1	4
12.0575	0	1	56	FullDelay	10.6752	1.06752e+07	4	4
12.0765	0	1	58	LastDelay	1.81275	1.81275e+06	1	4
12.0765	0	1	58	FullDelay	10.6806	1.06806e+07	4	4
12.0875	0	1	81	LastDelay	1.81684	1.81684e+06	1	4
12.0875	0	1	81	FullDelay	10.5345	1.05345e+07	4	4
12.1	0	1	84	LastDelay	1.82251	1.82251e+06	1	4
12.1	0	1	84	FullDelay	10.5265	1.05265e+07	4	4
12.1331	0	1	86	LastDelay	1.8488	1.8488e+06	1	4
12.1331	0	1	86	FullDelay	10.546	1.0546e+07	4	4
12.145	0	1	87	LastDelay	1.85393	1.85393e+06	1	4
12.145	0	1	87	FullDelay	10.5511	1.05511e+07	4	4
12.1576	0	1	97	LastDelay	1.85969	1.85969e+06	1	4
12.1576	0	1	97	FullDelay	10.4954	1.04954e+07	4	4
12.1844	0	1	181	LastDelay	1.8797	1.8797e+06	1	4
12.1844	0	1	181	FullDelay	9.92151	9.92151e+06	3	4
12.1935	0	1	183	LastDelay	1.88197	1.88197e+06	1	4
12.1935	0	1	183	FullDelay	9.91696	9.91696e+06	3	4
12.2381	0	1	185	LastDelay	1.91968	1.91968e+06	1	4
12.2381	0	1	185	FullDelay	9.94784	9.94784e+06	3	4
12.2566	0	1	186	LastDelay	1.93136	1.93136e+06	1	4
12.2566	0	1	186	FullDelay	9.95952	9.95952e+06	3	4
12.2767	0	1	187	LastDelay	1.94468	1.94468e+06	1	4
12.2767	0	1	187	FullDelay	9.94553	9.94553e+06	3	4
12.2926	0	1	188	LastDelay	1.95372	1.95372e+06	1	4
12.2926	0	1	188	FullDelay	9.95458	9.95458e+06	3	4
12.3323	0	1	189	LastDelay	1.98657	1.98657e+06	1	4
12.3323	0	1	189	FullDelay	9.98742	9.98742e+06	3	4
23.618	0	1	2241	LastDelay	0.212922	212922	1	4
23.618	0	1	2241	FullDelay	0.212922	212922	1	4
23.6349	0	1	2242	LastDelay	0.222938	222938	1	4
23.6349	0	1	2242	FullDelay	0.222938	222938	1	4
23.6816	0	1	2243	LastDelay	0.262781	262781	1	4
23.6816	0	1	2243	FullDelay	0.262781	262781	1	4
23.7127	0	1	2244	LastDelay	0.287136	287136	1	4
23.7127	0	1	2244	FullDelay	0.287136	287136	1	4
23.7218	0	1	2245	LastDelay	0.289415	289415	1	4
23.7218	0	1	2245	FullDelay	0.289415	289415	1	4
23.7491	0	1	2246	LastDelay	0.309832	309832	1	4
23.7491	0	1	2246	FullDelay	0.309832	309832	1	4
23.788	0	1	2247	LastDelay	0.341902	341902	1	4
23.788	0	1	2247	FullDelay	0.341902	341902	1	4
23.8124	0	1	2248	LastDelay	0.359486	359486	1	4
23.8124	0	1	2248	FullDelay	0.359486	359486	1	4
23.8234	0	1	2249	LastDelay	0.363645	363645	1	4
23.8234	0	1	2249	FullDelay	0.363645	363645	1	4
23.8467	0	1	2250	LastDelay	0.38014	380140	1	4
23.8467	0	1	2250	FullDelay	0.38014	380140	1	4
23.8996	0	1	2251	LastDelay	0.426234	426234	1	4
23.8996	0	1	2251	FullDelay	0.426234	426234	1	4
23.9219	0	1	2252	LastDelay	0.441701	441701	1	4
23.9219	0	1	2252	FullDelay	0.441701	441701	1	4
23.9537	0	1	2253	LastDelay	0.466657	466657	1	4
23.9537	0	1	2253	FullDelay	0.466657	466657	1	4
23.9674	0	1	2254	LastDelay	0.473585	473585	1	4
23.9674	0	1	2254	FullDelay	0.473585	473585	1	4
23.9766	0	1	2255	LastDelay	0.475864	475864	1	4
23.9766	0	1	2255	FullDelay	0.475864	475864	1	4
24.0176	0	1	2256	LastDelay	0.510109	510109	1	4
24.0176	0	1	2256	FullDelay	0.510109	510109	1	4
24.0713	0	1	2257	LastDelay	0.556974	556974	1	4
24.0713	0	1	2257	FullDelay	0.556974	556974	1	4
24.1039	0	1	2259	LastDelay	0.575898	575898	1	4
24.1039	0	1	2259	FullDelay	0.575898	575898	1	4
24.1374	0	1	2260	LastDelay	0.602622	602622	1	4
24.1374	0	1	2260	FullDelay	0.602622	602622	1	4
24.1769	0	1	2261	LastDelay	0.635206	635206	1	4
24.1769	0	1	2261	FullDelay	0.635206	635206	1	4
24.2081	0	1	2262	LastDelay	0.65965	659650	1	4
24.2081	0	1	2262	FullDelay	0.65965	659650	1	4
24.2202	0	1	2263	LastDelay	0.664853	664853	1	4
24.2202	0	1	2263	FullDelay	0.664853	664853	1	4
24.2451	0	1	2264	LastDelay	0.682975	682975	1	4
24.2451	0	1	2264	FullDelay	0.682975	682975	1	4
24.2813	0	1	2265	LastDelay	0.712317	712317	1	4
24.2813	0	1	2265	FullDelay	0.712317	712317	1	4
24.3002	0	1	2266	LastDelay	0.724382	724382	1	4
24.3002	0	1	2266	FullDelay	0.724382	724382	1	4
24.3276	0	1	2268	LastDelay	0.738174	738174	1	4
24.3276	0	1	2268	FullDelay	0.738174	738174	1	4
24.3718	0	1	2269	LastDelay	0.775507	775507	1	4
24.3718	0	1	2269	FullDelay	0.775507	775507	1	4
24.4218	0	1	2270	LastDelay	0.818696	818696	1	4
24.4218	0	1	2270	FullDelay	0.818696	818696	1	4
24.4409	0	1	2271	LastDelay	0.830988	830988	1	4
24.4409	0	1	2271	FullDelay	0.830988	830988	1	4
24.5063	0	1	2272	LastDelay	0.889533	889533	1	4
24.5063	0	1	2272	FullDelay	0.889533	889533	1	4
24.5154	0	1	2273	LastDelay	0.891852	891852	1	4
24.5154	0	1	2273	FullDelay	0.891852	891852	1	4
24.5453	0	1	2275	LastDelay	0.908057	908057	1	4
24.5453	0	1	2275	FullDelay	0.908057	908057	1	4
24.5635	0	1	2276	LastDelay	0.919483	919483	1	4
24.5635	0	1	2276	FullDelay	0.919483	919483	1	4
24.6448	0	1	191	LastDelay	0.980249	980249	1	4
24.6448	0	1	191	FullDelay	22.2863	2.22863e+07	4	4
24.6572	0	1	196	LastDelay	0.985823	985823	1	4
24.6572	0	1	196	FullDelay	22.2645	2.22645e+07	4	4
24.6889	0	1	200	LastDelay	1.0107	1.0107e+06	1	4
24.6889	0	1	200	FullDelay	22.2689	2.22689e+07	4	4
24.7002	0	1	203	LastDelay	1.01519	1.01519e+06	1	4
24.7002	0	1	203	FullDelay	22.2598	2.22598e+07	4	4
24.7336	0	1	204	LastDelay	1.04173	1.04173e+06	1	4
24.7336	0	1	204	FullDelay	22.2863	2.22863e+07	4	4
24.747	0	1	206	LastDelay	1.04829	1.04829e+06	1	4
24.747	0	1	206	FullDelay	22.2792	2.22792e+07	4	4
24.7861	0	1	208	LastDelay	1.0806	1.0806e+06	1	4
24.7861	0	1	208	FullDelay	22.3047	2.23047e+07	4	4
24.8087	0	1	211	LastDelay	1.09641	1.09641e+06	1	4
24.8087	0	1	211	FullDelay	22.3069	2.23069e+07	4	4
24.8444	0	1	214	LastDelay	1.1184	1.1184e+06	1	4
24.8444	0	1	214	FullDelay	22.322	2.2322e+07	4	4
24.8641	0	1	222	LastDelay	1.13126	1.13126e+06	1	4
24.8641	0	1	222	FullDelay	22.2871	2.22871e+07	4	4
24.874	0	1	226	LastDelay	1.13442	1.13442e+06	1	4
24.874	0	1	226	FullDelay	22.2698	2.22698e+07	4	4
24.8832	0	1	227	LastDelay	1.13677	1.13677e+06	1	4
24.8832	0	1	227	FullDelay	22.2721	2.22721e+07	4	4
24.9025	0	1	229	LastDelay	1.14927	1.14927e+06	1	4
24.9025	0	1	229	FullDelay	22.2778	2.22778e+07	4	4
24.9116	0	1	234	LastDelay	1.15152	1.15152e+06	1	4
24.9116	0	1	234	FullDelay	22.2527	2.22527e+07	4	4
24.9288	0	1	237	LastDelay	1.16188	1.16188e+06	1	4
24.9288	0	1	237	FullDelay	22.2495	2.22495e+07	4	4
24.9387	0	1	238	LastDelay	1.16498	1.16498e+06	1	4
24.9387	0	1	238	FullDelay	22.2526	2.22526e+07	4	4
24.9636	0	1	242	LastDelay	1.17618	1.17618e+06	1	4
24.9636	0	1	242	FullDelay	22.2501	2.22501e+07	4	4
24.9966	0	1	244	LastDelay	1.20231	1.20231e+06	1	4
24.9966	0	1	244	FullDelay	22.2694	2.22694e+07	4	4
25.0222	0	1	246	LastDelay	1.21433	1.21433e+06	1	4
25.0222	0	1	246	FullDelay	22.2814	2.22814e+07	4	4
25.0567	0	1	249	LastDelay	1.23512	1.23512e+06	1	4
25.0567	0	1	249	FullDelay	22.2817	2.22817e+07	4	4
25.0675	0	1	252	LastDelay	1.2391	1.2391e+06	1	4
25.0675	0	1	252	FullDelay	22.2721	2.22721e+07	4	4
25.0785	0	1	253	LastDelay	1.24327	1.24327e+06	1	4
25.0785	0	1	253	FullDelay	22.2694	2.22694e+07	4	4
25.0937	0	1	254	LastDelay	1.2517	1.2517e+06	1	4
25.0937	0	1	254	FullDelay	22.2778	2.22778e+07	4	4
25.1035	0	1	255	LastDelay	1.2547	1.2547e+06	1	4
25.1035	0	1	255	FullDelay	22.2808	2.22808e+07	4	4
25.1204	0	1	261	LastDelay	1.26475	1.26475e+06	1	4
25.1204	0	1	261	FullDelay	22.2568	2.22568e+07	4	4
25.1342	0	1	262	LastDelay	1.27165	1.27165e+06	1	4
25.1342	0	1	262	FullDelay	22.2637	2.22637e+07	4	4
25.1605	0	1	263	LastDelay	1.29116	1.29116e+06	1	4
25.1605	0	1	263	FullDelay	22.2832	2.22832e+07	4	4
25.1751	0	1	264	LastDelay	1.29899	1.29899e+06	1	4
25.1751	0	1	264	FullDelay	22.291	2.2291e+07	4	4
25.1887	0	1	265	LastDelay	1.30576	1.30576e+06	1	4
25.1887	0	1	265	FullDelay	22.2978	2.22978e+07	4	4
25.2213	0	1	266	LastDelay	1.33147	1.33147e+06	1	4
25.2213	0	1	266	FullDelay	22.3235	2.23235e+07	4	4
25.2474	0	1	267	LastDelay	1.3508	1.3508e+06	1	4
25.2474	0	1	267	FullDelay	22.3428	2.23428e+07	4	4
25.2705	0	1	271	LastDelay	1.36024	1.36024e+06	1	4
25.2705	0	1	271	FullDelay	22.3386	2.23386e+07	4	4
25.3109	0	1	273	LastDelay	1.387	1.387e+06	1	4
25.3109	0	1	273	FullDelay	22.3653	2.23653e+07	4	4
25.3227	0	1	275	LastDelay	1.39191	1.39191e+06	1	4
25.3227	0	1	275	FullDelay	22.3634	2.23634e+07	4	4
25.3349	0	1	276	LastDelay	1.39732	1.39732e+06	1	4
25.3349	0	1	276	FullDelay	22.3688	2.23688e+07	4	4
25.3506	0	1	278	LastDelay	1.40619	1.40619e+06	1	4
25.3506	0	1	278	FullDelay	22.3709	2.23709e+07	4	4
25.371	0	1	279	LastDelay	1.41979	1.41979e+06	1	4
25.371	0	1	279	FullDelay	22.3845	2.23845e+07	4	4
25.4065	0	1	280	LastDelay	1.44838	1.44838e+06	1	4
25.4065	0	1	280	FullDelay	22.4131	2.24131e+07	4	4
25.4183	0	1	281	LastDelay	1.45341	1.45341e+06	1	4
25.4183	0	1	281	FullDelay	22.3976	2.23976e+07	4	4
25.4277	0	1	282	LastDelay	1.45599	1.45599e+06	1	4
25.4277	0	1	282	FullDelay	22.4002	2.24002e+07	4	4
25.4389	0	1	283	LastDelay	1.46031	1.46031e+06	1	4
25.4389	0	1	283	FullDelay	22.4045	2.24045e+07	4	4
25.4491	0	1	284	LastDelay	1.46374	1.46374e+06	1	4
25.4491	0	1	284	FullDelay	22.408	2.2408e+07	4	4
25.4602	0	1	288	LastDelay	1.468	1.468e+06	1	4
25.4602	0	1	288	FullDelay	22.3917	2.23917e+07	4	4
25.4788	0	1	289	LastDelay	1.47972	1.47972e+06	1	4
25.4788	0	1	289	FullDelay	22.4034	2.24034e+07	4	4
25.4952	0	1	291	LastDelay	1.4893	1.4893e+06	1	4
25.4952	0	1	291	FullDelay	22.4062	2.24062e+07	4	4
25.5043	0	1	292	LastDelay	1.49158	1.49158e+06	1	4
25.5043	0	1	292	FullDelay	22.4085	2.24085e+07	4	4
25.5416	0	1	295	LastDelay	1.52205	1.52205e+06	1	4
25.5416	0	1	295	FullDelay	22.4253	2.24253e+07	4	4
25.5587	0	1	296	LastDelay	1.53234	1.53234e+06	1	4
25.5587	0	1	296	FullDelay	22.4356	2.24356e+07	4	4
25.5716	0	1	297	LastDelay	1.53846	1.53846e+06	1	4
25.5716	0	1	297	FullDelay	22.4417	2.24417e+07	4	4
25.6028	0	1	298	LastDelay	1.56282	1.56282e+06	1	4
25.6028	0	1	298	FullDelay	22.4661	2.24661e+07	4	4
25.6126	0	1	299	LastDelay	1.56578	1.56578e+06	1	4
25.6126	0	1	299	FullDelay	22.469	2.2469e+07	4	4
25.6576	0	1	300	LastDelay	1.60398	1.60398e+06	1	4
25.6576	0	1	300	FullDelay	22.5072	2.25072e+07	4	4
25.6676	0	1	301	LastDelay	1.60709	1.60709e+06	1	4
25.6676	0	1	301	FullDelay	22.5103	2.25103e+07	4	4
25.7053	0	1	302	LastDelay	1.63804	1.63804e+06	1	4
25.7053	0	1	302	FullDelay	22.5413	2.25413e+07	4	4
25.7162	0	1	303	LastDelay	1.64211	1.64211e+06	1	4
25.7162	0	1	303	FullDelay	22.5454	2.25454e+07	4	4
25.7299	0	1	304	LastDelay	1.64895	1.64895e+06	1	4
25.7299	0	1	304	FullDelay	22.5522	2.25522e+07	4	4
25.7428	0	1	305	LastDelay	1.65502	1.65502e+06	1	4
25.7428	0	1	305	FullDelay	22.5583	2.25583e+07	4	4
25.767	0	1	306	LastDelay	1.67239	1.67239e+06	1	4
25.767	0	1	306	FullDelay	22.5756	2.25756e+07	4	4
25.798	0	1	308	LastDelay	1.69661	1.69661e+06	1	4
25.798	0	1	308	FullDelay	22.593	2.2593e+07	4	4
25.8099	0	1	309	LastDelay	1.70165	1.70165e+06	1	4
25.8099	0	1	309	FullDelay	22.5981	2.25981e+07	4	4
25.8339	0	1	310	LastDelay	1.71879	1.71879e+06	1	4
25.8339	0	1	310	FullDelay	22.6152	2.26152e+07	4	4
25.8543	0	1	312	LastDelay	1.73235	1.73235e+06	1	4
25.8543	0	1	312	FullDelay	22.6219	2.26219e+07	4	4
25.9129	0	1	313	LastDelay	1.78417	1.78417e+06	1	4
25.9129	0	1	313	FullDelay	22.6738	2.26738e+07	4	4
25.9246	0	1	314	LastDelay	1.78906	1.78906e+06	1	4
25.9246	0	1	314	FullDelay	22.6787	2.26787e+07	4	4
25.9449	0	1	315	LastDelay	1.80249	1.80249e+06	1	4
25.9449	0	1	315	FullDelay	22.6853	2.26853e+07	4	4
25.956	0	1	316	LastDelay	1.80681	1.80681e+06	1	4
25.956	0	1	316	FullDelay	22.6896	2.26896e+07	4	4
25.9779	0	1	317	LastDelay	1.82189	1.82189e+06	1	4
25.9779	0	1	317	FullDelay	22.7047	2.27047e+07	4	4
26.0048	0	1	318	LastDelay	1.84194	1.84194e+06	1	4
26.0048	0	1	318	FullDelay	22.7247	2.27247e+07	4	4
26.0423	0	1	319	LastDelay	1.8726	1.8726e+06	1	4
26.0423	0	1	319	FullDelay	22.7554	2.27554e+07	4	4
26.0516	0	1	320	LastDelay	1.87506	1.87506e+06	1	4
26.0516	0	1	320	FullDelay	22.7578	2.27578e+07	4	4
26.0641	0	1	321	LastDelay	1.88076	1.88076e+06	1	4
26.0641	0	1	321	FullDelay	22.7431	2.27431e+07	4	4
26.0755	0	1	322	LastDelay	1.88527	1.88527e+06	1	4
26.0755	0	1	322	FullDelay	22.7476	2.27476e+07	4	4
26.093	0	1	323	LastDelay	1.896	1.896e+06	1	4
26.093	0	1	323	FullDelay	22.7583	2.27583e+07	4	4
26.1366	0	1	327	LastDelay	1.91224	1.91224e+06	1	4
26.1366	0	1	327	FullDelay	22.7745	2.27745e+07	4	4
26.1582	0	1	328	LastDelay	1.92708	1.92708e+06	1	4
26.1582	0	1	328	FullDelay	22.7894	2.27894e+07	4	4
26.17	0	1	329	LastDelay	1.93198	1.93198e+06	1	4
26.17	0	1	329	FullDelay	22.7943	2.27943e+07	4	4
26.1993	0	1	330	LastDelay	1.95451	1.95451e+06	1	4
26.1993	0	1	330	FullDelay	22.8168	2.28168e+07	4	4
26.2084	0	1	331	LastDelay	1.95677	1.95677e+06	1	4
26.2084	0	1	331	FullDelay	22.8191	2.28191e+07	4	4
26.2304	0	1	332	LastDelay	1.97193	1.97193e+06	1	4
26.2304	0	1	332	FullDelay	22.8342	2.28342e+07	4	4
26.2483	0	1	333	LastDelay	1.983	1.983e+06	1	4
26.2483	0	1	333	FullDelay	22.8453	2.28453e+07	4	4
26.2662	0	1	334	LastDelay	1.99408	1.99408e+06	1	4
26.2662	0	1	334	FullDelay	22.8564	2.28564e+07	4	4
35.3992	0	1	2009	LastDelay	0.183915	183915	1	4
35.3992	0	1	2009	FullDelay	13.5778	1.35778e+07	2	4
35.4212	0	1	2010	LastDelay	0.19908	199080	1	4
35.4212	0	1	2010	FullDelay	13.593	1.3593e+07	2	4
35.4431	0	1	2011	LastDelay	0.214205	214205	1	4
35.4431	0	1	2011	FullDelay	13.6081	1.36081e+07	2	4
35.4602	0	1	2012	LastDelay	0.224485	224485	1	4
35.4602	0	1	2012	FullDelay	13.6184	1.36184e+07	2	4
35.5217	0	1	2013	LastDelay	0.279189	279189	1	4
35.5217	0	1	2013	FullDelay	13.6731	1.36731e+07	2	4
35.5629	0	1	2014	LastDelay	0.313543	313543	1	4
35.5629	0	1	2014	FullDelay	13.7075	1.37075e+07	2	4
35.5821	0	1	2015	LastDelay	0.325857	325857	1	4
35.5821	0	1	2015	FullDelay	13.7198	1.37198e+07	2	4
35.6054	0	1	2016	LastDelay	0.342361	342361	1	4
35.6054	0	1	2016	FullDelay	13.7363	1.37363e+07	2	4
35.6401	0	1	2017	LastDelay	0.370194	370194	1	4
35.6401	0	1	2017	FullDelay	13.7641	1.37641e+07	2	4
35.665	0	1	2019	LastDelay	0.381526	381526	1	4
35.665	0	1	2019	FullDelay	13.7754	1.37754e+07	2	4
35.6869	0	1	2020	LastDelay	0.396511	396511	1	4
35.6869	0	1	2020	FullDelay	13.7904	1.37904e+07	2	4
35.7086	0	1	2021	LastDelay	0.411423	411423	1	4
35.7086	0	1	2021	FullDelay	13.8053	1.38053e+07	2	4
35.7218	0	1	2022	LastDelay	0.417839	417839	1	4
35.7218	0	1	2022	FullDelay	13.8118	1.38118e+07	2	4
35.7532	0	1	2023	LastDelay	0.442388	442388	1	4
35.7532	0	1	2023	FullDelay	13.8363	1.38363e+07	2	4
35.7641	0	1	2024	LastDelay	0.446401	446401	1	4
35.7641	0	1	2024	FullDelay	13.8403	1.38403e+07	2	4
35.7911	0	1	2025	LastDelay	0.466668	466668	1	4
35.7911	0	1	2025	FullDelay	13.8606	1.38606e+07	2	4
35.822	0	1	2027	LastDelay	0.483832	483832	1	4
35.822	0	1	2027	FullDelay	13.8778	1.38778e+07	2	4
35.8378	0	1	2028	LastDelay	0.492864	492864	1	4
35.8378	0	1	2028	FullDelay	13.8868	1.38868e+07	2	4
35.8569	0	1	2029	LastDelay	0.50509	505090	1	4
35.8569	0	1	2029	FullDelay	13.899	1.3899e+07	2	4
35.8803	0	1	2030	LastDelay	0.521667	521667	1	4
35.8803	0	1	2030	FullDelay	13.9156	1.39156e+07	2	4
35.9317	0	1	2031	LastDelay	0.566292	566292	1	4
35.9317	0	1	2031	FullDelay	13.9602	1.39602e+07	2	4
35.9408	0	1	2032	LastDelay	0.568532	568532	1	4
35.9408	0	1	2032	FullDelay	13.9625	1.39625e+07	2	4
35.9991	0	1	2034	LastDelay	0.613143	613143	1	4
35.9991	0	1	2034	FullDelay	14.0071	1.40071e+07	2	4
36.0091	0	1	2035	LastDelay	0.61639	616390	1	4
36.0091	0	1	2035	FullDelay	14.0103	1.40103e+07	2	4
36.0509	0	1	2037	LastDelay	0.644499	644499	1	4
36.0509	0	1	2037	FullDelay	14.0384	1.40384e+07	2	4
36.1214	0	1	2038	LastDelay	0.708175	708175	1	4
36.1214	0	1	2038	FullDelay	14.1021	1.41021e+07	2	4
36.1422	0	1	2039	LastDelay	0.722139	722139	1	4
36.1422	0	1	2039	FullDelay	14.1161	1.41161e+07	2	4
36.1761	0	1	2041	LastDelay	0.742397	742397	1	4
36.1761	0	1	2041	FullDelay	14.1363	1.41363e+07	2	4
36.1852	0	1	2042	LastDelay	0.744717	744717	1	4
36.1852	0	1	2042	FullDelay	14.1386	1.41386e+07	2	4
36.2308	0	1	2043	LastDelay	0.783473	783473	1	4
36.2308	0	1	2043	FullDelay	14.1774	1.41774e+07	2	4
36.2445	0	1	2044	LastDelay	0.790291	790291	1	4
36.2445	0	1	2044	FullDelay	14.1842	1.41842e+07	2	4
36.2976	0	1	2046	LastDelay	0.829725	829725	1	4
36.2976	0	1	2046	FullDelay	14.2236	1.42236e+07	2	4
36.332	0	1	2047	LastDelay	0.857312	857312	1	4
36.332	0	1	2047	FullDelay	14.2512	1.42512e+07	2	4
36.3593	0	1	2048	LastDelay	0.877788	877788	1	4
36.3593	0	1	2048	FullDelay	14.2717	1.42717e+07	2	4
36.381	0	1	2049	LastDelay	0.892679	892679	1	4
36.381	0	1	2049	FullDelay	14.2866	1.42866e+07	2	4
36.415	0	1	2050	LastDelay	0.9199	919900	1	4
36.415	0	1	2050	FullDelay	14.3138	1.43138e+07	2	4
36.4609	0	1	2051	LastDelay	0.958979	958979	1	4
36.4609	0	1	2051	FullDelay	14.3529	1.43529e+07	2	4
36.47	0	1	2052	LastDelay	0.961238	961238	1	4
36.47	0	1	2052	FullDelay	14.3552	1.43552e+07	2	4
36.5385	0	1	2053	LastDelay	1.02287	1.02287e+06	1	4
36.5385	0	1	2053	FullDelay	14.4168	1.44168e+07	2	4
36.5567	0	1	2054	LastDelay	1.03427	1.03427e+06	1	4
36.5567	0	1	2054	FullDelay	14.4282	1.44282e+07	2	4
36.579	0	1	2055	LastDelay	1.04973	1.04973e+06	1	4
36.579	0	1	2055	FullDelay	14.4437	1.44437e+07	2	4
36.6196	0	1	2056	LastDelay	1.08349	1.08349e+06	1	4
36.6196	0	1	2056	FullDelay	14.4774	1.44774e+07	2	4
36.6295	0	1	2057	LastDelay	1.08655	1.08655e+06	1	4
36.6295	0	1	2057	FullDelay	14.4805	1.44805e+07	2	4
36.6395	0	1	2058	LastDelay	1.08972	1.08972e+06	1	4
36.6395	0	1	2058	FullDelay	14.4836	1.44836e+07	2	4
36.6732	0	1	2060	LastDelay	1.1098	1.1098e+06	1	4
36.6732	0	1	2060	FullDelay	14.5037	1.45037e+07	2	4
36.6979	0	1	2061	LastDelay	1.12771	1.12771e+06	1	4
36.6979	0	1	2061	FullDelay	14.5216	1.45216e+07	2	4
36.7634	0	1	2063	LastDelay	1.17947	1.17947e+06	1	4
36.7634	0	1	2063	FullDelay	14.5734	1.45734e+07	2	4
36.7945	0	1	2064	LastDelay	1.20382	1.20382e+06	1	4
36.7945	0	1	2064	FullDelay	14.5977	1.45977e+07	2	4
36.8036	0	1	2065	LastDelay	1.20608	1.20608e+06	1	4
36.8036	0	1	2065	FullDelay	14.6	1.46e+07	2	4
36.8565	0	1	2067	LastDelay	1.24527	1.24527e+06	1	4
36.8565	0	1	2067	FullDelay	14.6392	1.46392e+07	2	4
36.8672	0	1	2068	LastDelay	1.24922	1.24922e+06	1	4
36.8672	0	1	2068	FullDelay	14.6431	1.46431e+07	2	4
36.8872	0	1	2069	LastDelay	1.26236	1.26236e+06	1	4
36.8872	0	1	2069	FullDelay	14.6563	1.46563e+07	2	4
36.8964	0	1	2070	LastDelay	1.26474	1.26474e+06	1	4
36.8964	0	1	2070	FullDelay	14.6587	1.46587e+07	2	4
36.9254	0	1	2071	LastDelay	1.28688	1.28688e+06	1	4
36.9254	0	1	2071	FullDelay	14.6808	1.46808e+07	2	4
36.9588	0	1	2072	LastDelay	1.31351	1.31351e+06	1	4
36.9588	0	1	2072	FullDelay	14.7074	1.47074e+07	2	4
36.9733	0	1	2073	LastDelay	1.3211	1.3211e+06	1	4
36.9733	0	1	2073	FullDelay	14.715	1.4715e+07	2	4
36.9874	0	1	2074	LastDelay	1.32838	1.32838e+06	1	4
36.9874	0	1	2074	FullDelay	14.7223	1.47223e+07	2	4
37.0004	0	1	2075	LastDelay	1.3346	1.3346e+06	1	4
37.0004	0	1	2075	FullDelay	14.7285	1.47285e+07	2	4
37.05	0	1	2076	LastDelay	1.37736	1.37736e+06	1	4
37.05	0	1	2076	FullDelay	14.7713	1.47713e+07	2	4
37.078	0	1	2077	LastDelay	1.39856	1.39856e+06	1	4
37.078	0	1	2077	FullDelay	14.7925	1.47925e+07	2	4
37.0888	0	1	2078	LastDelay	1.40251	1.40251e+06	1	4
37.0888	0	1	2078	FullDelay	14.7964	1.47964e+07	2	4
37.1471	0	1	2079	LastDelay	1.454	1.454e+06	1	4
37.1471	0	1	2079	FullDelay	14.8479	1.48479e+07	2	4
37.1756	0	1	2080	LastDelay	1.4757	1.4757e+06	1	4
37.1756	0	1	2080	FullDelay	14.8696	1.48696e+07	2	4
37.4153	0	1	2081	LastDelay	1.70855	1.70855e+06	1	4
37.4153	0	1	2081	FullDelay	15.1025	1.51025e+07	2	4
37.4393	0	1	2082	LastDelay	1.72571	1.72571e+06	1	4
37.4393	0	1	2082	FullDelay	15.1196	1.51196e+07	2	4
37.4707	0	1	2083	LastDelay	1.75033	1.75033e+06	1	4
37.4707	0	1	2083	FullDelay	15.1442	1.51442e+07	2	4
37.4919	0	1	2084	LastDelay	1.76468	1.76468e+06	1	4
37.4919	0	1	2084	FullDelay	15.1586	1.51586e+07	2	4
37.5186	0	1	2085	LastDelay	1.78457	1.78457e+06	1	4
37.5186	0	1	2085	FullDelay	15.1785	1.51785e+07	2	4
37.5374	0	1	2086	LastDelay	1.79651	1.79651e+06	1	4
37.5374	0	1	2086	FullDelay	15.1904	1.51904e+07	2	4
37.5499	0	1	2087	LastDelay	1.80215	1.80215e+06	1	4
37.5499	0	1	2087	FullDelay	15.1961	1.51961e+07	2	4
37.5589	0	1	2088	LastDelay	1.80439	1.80439e+06	1	4
37.5589	0	1	2088	FullDelay	15.1983	1.51983e+07	2	4
37.5829	0	1	2090	LastDelay	1.81467	1.81467e+06	1	4
37.5829	0	1	2090	FullDelay	15.2086	1.52086e+07	2	4
37.602	0	1	2091	LastDelay	1.82697	1.82697e+06	1	4
37.602	0	1	2091	FullDelay	15.2209	1.52209e+07	2	4
37.6331	0	1	2092	LastDelay	1.85119	1.85119e+06	1	4
37.6331	0	1	2092	FullDelay	15.2451	1.52451e+07	2	4
37.6488	0	1	2093	LastDelay	1.86013	1.86013e+06	1	4
37.6488	0	1	2093	FullDelay	15.254	1.5254e+07	2	4
37.6901	0	1	2095	LastDelay	1.88771	1.88771e+06	1	4
37.6901	0	1	2095	FullDelay	15.2816	1.52816e+07	2	4
37.7111	0	1	2096	LastDelay	1.9019	1.9019e+06	1	4
37.7111	0	1	2096	FullDelay	15.2958	1.52958e+07	2	4
37.7447	0	1	2097	LastDelay	1.92875	1.92875e+06	1	4
37.7447	0	1	2097	FullDelay	15.3227	1.53227e+07	2	4
37.7586	0	1	2098	LastDelay	1.93582	1.93582e+06	1	4
37.7586	0	1	2098	FullDelay	15.3297	1.53297e+07	2	4
37.784	0	1	2099	LastDelay	1.95433	1.95433e+06	1	4
37.784	0	1	2099	FullDelay	15.3483	1.53483e+07	2	4
37.8415	0	1	2101	LastDelay	1.99815	1.99815e+06	1	4
37.8415	0	1	2101	FullDelay	15.3921	1.53921e+07	2	4
