Time	Node	AppId	SeqNo	Type	DelayS	DelayUS	RetxCount	HopCount
1.03135	0	1	0	LastDelay	0.0313512	31351.2	1	6
1.03135	0	1	0	FullDelay	0.0313512	31351.2	1	6
1.04155	0	1	1	LastDelay	0.0347208	34720.8	1	6
1.04155	0	1	1	FullDelay	0.0347208	34720.8	1	6
1.05494	0	1	2	LastDelay	0.0412873	41287.3	1	6
1.05494	0	1	2	FullDelay	0.0412873	41287.3	1	6
1.06703	0	1	3	LastDelay	0.0465476	46547.6	1	6
1.06703	0	1	3	FullDelay	0.0465476	46547.6	1	6
1.08541	0	1	4	LastDelay	0.0580986	58098.6	1	6
1.08541	0	1	4	FullDelay	0.0580986	58098.6	1	6
1.09572	0	1	5	LastDelay	0.0615822	61582.2	1	6
1.09572	0	1	5	FullDelay	0.0615822	61582.2	1	6
1.1059	0	1	6	LastDelay	0.0649378	64937.8	1	6
1.1059	0	1	6	FullDelay	0.0649378	64937.8	1	6
1.12136	0	1	7	LastDelay	0.0735692	73569.2	1	6
1.12136	0	1	7	FullDelay	0.0735692	73569.2	1	6
1.14305	0	1	9	LastDelay	0.0816066	81606.6	1	6
1.14305	0	1	9	FullDelay	0.0816066	81606.6	1	6
1.15397	0	1	10	LastDelay	0.0857064	85706.4	1	6
1.15397	0	1	10	FullDelay	0.0857064	85706.4	1	6
1.16307	0	1	11	LastDelay	0.0879778	87977.8	1	6
1.16307	0	1	11	FullDelay	0.0879778	87977.8	1	6
1.17385	0	1	12	LastDelay	0.0919314	91931.4	1	6
1.17385	0	1	12	FullDelay	0.0919314	91931.4	1	6
1.18743	0	1	13	LastDelay	0.0986859	98685.9	1	6
1.18743	0	1	13	FullDelay	0.0986859	98685.9	1	6
1.19655	0	1	14	LastDelay	0.100977	100977	1	6
1.19655	0	1	14	FullDelay	0.100977	100977	1	6
1.20835	0	1	15	LastDelay	0.10595	105950	1	6
1.20835	0	1	15	FullDelay	0.10595	105950	1	6
1.23693	0	1	17	LastDelay	0.12088	120880	1	6
1.23693	0	1	17	FullDelay	0.12088	120880	1	6
1.25786	0	1	19	LastDelay	0.128158	128158	1	6
1.25786	0	1	19	FullDelay	0.128158	128158	1	6
1.27006	0	1	20	LastDelay	0.133528	133528	1	6
1.27006	0	1	20	FullDelay	0.133528	133528	1	6
1.30595	0	1	23	LastDelay	0.148936	148936	1	6
1.30595	0	1	23	FullDelay	0.148936	148936	1	6
1.31513	0	1	24	LastDelay	0.151287	151287	1	6
1.31513	0	1	24	FullDelay	0.151287	151287	1	6
1.32421	0	1	25	LastDelay	0.153538	153538	1	6
1.32421	0	1	25	FullDelay	0.153538	153538	1	6
1.33326	0	1	26	LastDelay	0.15577	155770	1	6
1.33326	0	1	26	FullDelay	0.15577	155770	1	6
1.35029	0	1	27	LastDelay	0.165966	165966	1	6
1.35029	0	1	27	FullDelay	0.165966	165966	1	6
1.35938	0	1	28	LastDelay	0.168238	168238	1	6
1.35938	0	1	28	FullDelay	0.168238	168238	1	6
1.36856	0	1	29	LastDelay	0.170589	170589	1	6
1.36856	0	1	29	FullDelay	0.170589	170589	1	6
1.37764	0	1	30	LastDelay	0.17284	172840	1	6
1.37764	0	1	30	FullDelay	0.17284	172840	1	6
1.38688	0	1	31	LastDelay	0.175252	175252	1	6
1.38688	0	1	31	FullDelay	0.175252	175252	1	6
1.39614	0	1	32	LastDelay	0.177683	177683	1	6
1.39614	0	1	32	FullDelay	0.177683	177683	1	6
1.42899	0	1	33	LastDelay	0.203712	203712	1	6
1.42899	0	1	33	FullDelay	0.203712	203712	1	6
1.44308	0	1	34	LastDelay	0.210977	210977	1	6
1.44308	0	1	34	FullDelay	0.210977	210977	1	6
1.45312	0	1	35	LastDelay	0.214187	214187	1	6
1.45312	0	1	35	FullDelay	0.214187	214187	1	6
1.46296	0	1	36	LastDelay	0.217199	217199	1	6
1.46296	0	1	36	FullDelay	0.217199	217199	1	6
1.48281	0	1	38	LastDelay	0.223399	223399	1	6
1.48281	0	1	38	FullDelay	0.223399	223399	1	6
1.50123	0	1	40	LastDelay	0.228161	228161	1	6
1.50123	0	1	40	FullDelay	0.228161	228161	1	6
1.51226	0	1	41	LastDelay	0.232369	232369	1	6
1.51226	0	1	41	FullDelay	0.232369	232369	1	6
1.53244	0	1	43	LastDelay	0.238895	238895	1	6
1.53244	0	1	43	FullDelay	0.238895	238895	1	6
1.54226	0	1	44	LastDelay	0.241886	241886	1	6
1.54226	0	1	44	FullDelay	0.241886	241886	1	6
1.55527	0	1	45	LastDelay	0.248069	248069	1	6
1.55527	0	1	45	FullDelay	0.248069	248069	1	6
1.59039	0	1	47	LastDelay	0.269533	269533	1	6
1.59039	0	1	47	FullDelay	0.269533	269533	1	6
1.61229	0	1	49	LastDelay	0.277787	277787	1	6
1.61229	0	1	49	FullDelay	0.277787	277787	1	6
1.63855	0	1	51	LastDelay	0.290389	290389	1	6
1.63855	0	1	51	FullDelay	0.290389	290389	1	6
1.65192	0	1	52	LastDelay	0.296931	296931	1	6
1.65192	0	1	52	FullDelay	0.296931	296931	1	6
1.67367	0	1	53	LastDelay	0.311858	311858	1	6
1.67367	0	1	53	FullDelay	0.311858	311858	1	6
1.68437	0	1	54	LastDelay	0.315729	315729	1	6
1.68437	0	1	54	FullDelay	0.315729	315729	1	6
1.69585	0	1	55	LastDelay	0.320381	320381	1	6
1.69585	0	1	55	FullDelay	0.320381	320381	1	6
1.71594	0	1	57	LastDelay	0.326821	326821	1	6
1.71594	0	1	57	FullDelay	0.326821	326821	1	6
1.72514	0	1	58	LastDelay	0.329193	329193	1	6
1.72514	0	1	58	FullDelay	0.329193	329193	1	6
1.73832	0	1	8	LastDelay	0.335542	335542	1	2
1.73832	0	1	8	FullDelay	0.683702	683702	2	2
1.7606	0	1	59	LastDelay	0.351	351000	1	6
1.7606	0	1	59	FullDelay	0.351	351000	1	6
1.7706	0	1	60	LastDelay	0.35417	354170	1	6
1.7706	0	1	60	FullDelay	0.35417	354170	1	6
1.78198	0	1	61	LastDelay	0.35873	358730	1	6
1.78198	0	1	61	FullDelay	0.35873	358730	1	6
1.792	0	1	62	LastDelay	0.36192	361920	1	6
1.792	0	1	62	FullDelay	0.36192	361920	1	6
1.80231	0	1	63	LastDelay	0.365407	365407	1	6
1.80231	0	1	63	FullDelay	0.365407	365407	1	6
1.81586	0	1	64	LastDelay	0.372123	372123	1	6
1.81586	0	1	64	FullDelay	0.372123	372123	1	6
1.82748	0	1	65	LastDelay	0.376924	376924	1	6
1.82748	0	1	65	FullDelay	0.376924	376924	1	6
1.85001	0	1	67	LastDelay	0.385799	385799	1	6
1.85001	0	1	67	FullDelay	0.385799	385799	1	6
1.85919	0	1	68	LastDelay	0.38815	388150	1	6
1.85919	0	1	68	FullDelay	0.38815	388150	1	6
1.87002	0	1	69	LastDelay	0.392153	392153	1	6
1.87002	0	1	69	FullDelay	0.392153	392153	1	6
1.88125	0	1	70	LastDelay	0.396557	396557	1	6
1.88125	0	1	70	FullDelay	0.396557	396557	1	6
1.89033	0	1	71	LastDelay	0.398808	398808	1	6
1.89033	0	1	71	FullDelay	0.398808	398808	1	6
1.9004	0	1	16	LastDelay	0.395231	395231	1	2
1.9004	0	1	16	FullDelay	0.791177	791177	2	2
1.91093	0	1	18	LastDelay	0.398933	398933	1	2
1.91093	0	1	18	FullDelay	0.788053	788053	2	2
1.92129	0	1	72	LastDelay	0.422944	422944	1	6
1.92129	0	1	72	FullDelay	0.422944	422944	1	6
1.9374	0	1	73	LastDelay	0.418578	418578	1	6
1.9374	0	1	73	FullDelay	0.418578	418578	1	6
1.94904	0	1	21	LastDelay	0.396079	396079	1	2
1.94904	0	1	21	FullDelay	0.805679	805679	2	2
1.95931	0	1	74	LastDelay	0.433658	433658	1	6
1.95931	0	1	74	FullDelay	0.433658	433658	1	6
1.97094	0	1	22	LastDelay	0.411152	411152	1	2
1.97094	0	1	22	FullDelay	0.820752	820752	2	2
1.98125	0	1	75	LastDelay	0.448772	448772	1	6
1.98125	0	1	75	FullDelay	0.448772	448772	1	6
1.99031	0	1	76	LastDelay	0.451003	451003	1	6
1.99031	0	1	76	FullDelay	0.451003	451003	1	6
1.99941	0	1	77	LastDelay	0.453274	453274	1	6
1.99941	0	1	77	FullDelay	0.453274	453274	1	6
2.01291	0	1	78	LastDelay	0.446295	446295	1	6
2.01291	0	1	78	FullDelay	0.446295	446295	1	6
2.02496	0	1	79	LastDelay	0.451517	451517	1	6
2.02496	0	1	79	FullDelay	0.451517	451517	1	6
2.03846	0	1	80	LastDelay	0.458193	458193	1	6
2.03846	0	1	80	FullDelay	0.458193	458193	1	6
2.05145	0	1	81	LastDelay	0.464355	464355	1	6
2.05145	0	1	81	FullDelay	0.464355	464355	1	6
2.06266	0	1	82	LastDelay	0.468739	468739	1	6
2.06266	0	1	82	FullDelay	0.468739	468739	1	6
2.07207	0	1	83	LastDelay	0.471327	471327	1	6
2.07207	0	1	83	FullDelay	0.471327	471327	1	6
2.08161	0	1	84	LastDelay	0.474035	474035	1	6
2.08161	0	1	84	FullDelay	0.474035	474035	1	6
2.09442	0	1	85	LastDelay	0.480015	480015	1	6
2.09442	0	1	85	FullDelay	0.480015	480015	1	6
2.11468	0	1	87	LastDelay	0.486632	486632	1	6
2.11468	0	1	87	FullDelay	0.486632	486632	1	6
2.12908	0	1	88	LastDelay	0.494202	494202	1	6
2.12908	0	1	88	FullDelay	0.494202	494202	1	6
2.1395	0	1	89	LastDelay	0.497789	497789	1	6
2.1395	0	1	89	FullDelay	0.497789	497789	1	6
2.153	0	1	90	LastDelay	0.504469	504469	1	6
2.153	0	1	90	FullDelay	0.504469	504469	1	6
2.16361	0	1	91	LastDelay	0.508252	508252	1	6
2.16361	0	1	91	FullDelay	0.508252	508252	1	6
2.17342	0	1	92	LastDelay	0.511236	511236	1	6
2.17342	0	1	92	FullDelay	0.511236	511236	1	6
2.20005	0	1	94	LastDelay	0.524215	524215	1	6
2.20005	0	1	94	FullDelay	0.524215	524215	1	6
2.21034	0	1	95	LastDelay	0.527669	527669	1	6
2.21034	0	1	95	FullDelay	0.527669	527669	1	6
2.22066	0	1	96	LastDelay	0.531163	531163	1	6
2.22066	0	1	96	FullDelay	0.531163	531163	1	6
2.23469	0	1	97	LastDelay	0.538374	538374	1	6
2.23469	0	1	97	FullDelay	0.538374	538374	1	6
2.24377	0	1	98	LastDelay	0.540625	540625	1	6
2.24377	0	1	98	FullDelay	0.540625	540625	1	6
2.25463	0	1	99	LastDelay	0.544654	544654	1	6
2.25463	0	1	99	FullDelay	0.544654	544654	1	6
2.26705	0	1	100	LastDelay	0.550253	550253	1	6
2.26705	0	1	100	FullDelay	0.550253	550253	1	6
2.2785	0	1	101	LastDelay	0.554869	554869	1	6
2.2785	0	1	101	FullDelay	0.554869	554869	1	6
2.28882	0	1	102	LastDelay	0.558363	558363	1	6
2.28882	0	1	102	FullDelay	0.558363	558363	1	6
2.29893	0	1	103	LastDelay	0.561652	561652	1	6
2.29893	0	1	103	FullDelay	0.561652	561652	1	6
2.31171	0	1	104	LastDelay	0.567601	567601	1	6
2.31171	0	1	104	FullDelay	0.567601	567601	1	6
2.3281	0	1	105	LastDelay	0.577165	577165	1	6
2.3281	0	1	105	FullDelay	0.577165	577165	1	6
2.33874	0	1	106	LastDelay	0.580984	580984	1	6
2.33874	0	1	106	FullDelay	0.580984	580984	1	6
2.34964	0	1	107	LastDelay	0.585052	585052	1	6
2.34964	0	1	107	FullDelay	0.585052	585052	1	6
2.35944	0	1	108	LastDelay	0.588023	588023	1	6
2.35944	0	1	108	FullDelay	0.588023	588023	1	6
2.3748	0	1	109	LastDelay	0.596563	596563	1	6
2.3748	0	1	109	FullDelay	0.596563	596563	1	6
2.38482	0	1	110	LastDelay	0.599753	599753	1	6
2.38482	0	1	110	FullDelay	0.599753	599753	1	6
2.40683	0	1	112	LastDelay	0.608113	608113	1	6
2.40683	0	1	112	FullDelay	0.608113	608113	1	6
2.41866	0	1	113	LastDelay	0.613109	613109	1	6
2.41866	0	1	113	FullDelay	0.613109	613109	1	6
2.43294	0	1	114	LastDelay	0.620565	620565	1	6
2.43294	0	1	114	FullDelay	0.620565	620565	1	6
2.44314	0	1	115	LastDelay	0.623939	623939	1	6
2.44314	0	1	115	FullDelay	0.623939	623939	1	6
2.45621	0	1	37	LastDelay	0.60288	602880	1	2
2.45621	0	1	37	FullDelay	1.20363	1.20363e+06	2	2
2.46699	0	1	39	LastDelay	0.60683	606830	1	2
2.46699	0	1	39	FullDelay	1.20075	1.20075e+06	2	2
2.47727	0	1	116	LastDelay	0.651244	651244	1	6
2.47727	0	1	116	FullDelay	0.651244	651244	1	6
2.48637	0	1	117	LastDelay	0.653515	653515	1	6
2.48637	0	1	117	FullDelay	0.653515	653515	1	6
2.49567	0	1	118	LastDelay	0.655991	655991	1	6
2.49567	0	1	118	FullDelay	0.655991	655991	1	6
2.50649	0	1	119	LastDelay	0.659979	659979	1	6
2.50649	0	1	119	FullDelay	0.659979	659979	1	6
2.51663	0	1	42	LastDelay	0.649639	649639	1	2
2.51663	0	1	42	FullDelay	1.22991	1.22991e+06	2	2
2.53027	0	1	120	LastDelay	0.656452	656452	1	6
2.53027	0	1	120	FullDelay	0.656452	656452	1	6
2.55151	0	1	122	LastDelay	0.664047	664047	1	6
2.55151	0	1	122	FullDelay	0.664047	664047	1	6
2.56423	0	1	46	LastDelay	0.663112	663112	1	2
2.56423	0	1	46	FullDelay	1.25021	1.25021e+06	2	2
2.57628	0	1	48	LastDelay	0.668335	668335	1	2
2.57628	0	1	48	FullDelay	1.2486	1.2486e+06	2	2
2.60063	0	1	123	LastDelay	0.706338	706338	1	6
2.60063	0	1	123	FullDelay	0.706338	706338	1	6
2.61847	0	1	124	LastDelay	0.696874	696874	1	6
2.61847	0	1	124	FullDelay	0.696874	696874	1	6
2.63176	0	1	125	LastDelay	0.703332	703332	1	6
2.63176	0	1	125	FullDelay	0.703332	703332	1	6
2.64627	0	1	126	LastDelay	0.711013	711013	1	6
2.64627	0	1	126	FullDelay	0.711013	711013	1	6
2.65532	0	1	127	LastDelay	0.713244	713244	1	6
2.65532	0	1	127	FullDelay	0.713244	713244	1	6
2.66544	0	1	128	LastDelay	0.716531	716531	1	6
2.66544	0	1	128	FullDelay	0.716531	716531	1	6
2.67523	0	1	129	LastDelay	0.719496	719496	1	6
2.67523	0	1	129	FullDelay	0.719496	719496	1	6
2.69492	0	1	130	LastDelay	0.732358	732358	1	6
2.69492	0	1	130	FullDelay	0.732358	732358	1	6
2.70516	0	1	131	LastDelay	0.735772	735772	1	6
2.70516	0	1	131	FullDelay	0.735772	735772	1	6
2.71648	0	1	132	LastDelay	0.740269	740269	1	6
2.71648	0	1	132	FullDelay	0.740269	740269	1	6
2.72562	0	1	133	LastDelay	0.74258	742580	1	6
2.72562	0	1	133	FullDelay	0.74258	742580	1	6
2.74686	0	1	135	LastDelay	0.750162	750162	1	6
2.74686	0	1	135	FullDelay	0.750162	750162	1	6
2.75685	0	1	136	LastDelay	0.753332	753332	1	6
2.75685	0	1	136	FullDelay	0.753332	753332	1	6
2.76693	0	1	137	LastDelay	0.756587	756587	1	6
2.76693	0	1	137	FullDelay	0.756587	756587	1	6
2.77611	0	1	138	LastDelay	0.758939	758939	1	6
2.77611	0	1	138	FullDelay	0.758939	758939	1	6
2.80384	0	1	56	LastDelay	0.752534	752534	1	2
2.80384	0	1	56	FullDelay	1.42155	1.42155e+06	2	2
2.81487	0	1	140	LastDelay	0.784048	784048	1	6
2.81487	0	1	140	FullDelay	0.784048	784048	1	6
2.82417	0	1	141	LastDelay	0.78652	786520	1	6
2.82417	0	1	141	FullDelay	0.78652	786520	1	6
2.83443	0	1	142	LastDelay	0.789949	789949	1	6
2.83443	0	1	142	FullDelay	0.789949	789949	1	6
2.84351	0	1	143	LastDelay	0.785374	785374	1	6
2.84351	0	1	143	FullDelay	0.785374	785374	1	6
2.8537	0	1	144	LastDelay	0.788743	788743	1	6
2.8537	0	1	144	FullDelay	0.788743	788743	1	6
3.72579	0	1	373	LastDelay	0.0565633	56563.3	1	6
3.72579	0	1	373	FullDelay	0.0565633	56563.3	1	6
3.76902	0	1	375	LastDelay	0.0861426	86142.6	1	6
3.76902	0	1	375	FullDelay	0.0861426	86142.6	1	6
3.78044	0	1	376	LastDelay	0.0907354	90735.4	1	6
3.78044	0	1	376	FullDelay	0.0907354	90735.4	1	6
3.79245	0	1	377	LastDelay	0.0959128	95912.8	1	6
3.79245	0	1	377	FullDelay	0.0959128	95912.8	1	6
3.81183	0	1	378	LastDelay	0.108471	108471	1	6
3.81183	0	1	378	FullDelay	0.108471	108471	1	6
3.83566	0	1	379	LastDelay	0.12547	125470	1	6
3.83566	0	1	379	FullDelay	0.12547	125470	1	6
3.87385	0	1	380	LastDelay	0.156834	156834	1	6
3.87385	0	1	380	FullDelay	0.156834	156834	1	6
3.89888	0	1	381	LastDelay	0.175043	175043	1	6
3.89888	0	1	381	FullDelay	0.175043	175043	1	6
3.91066	0	1	382	LastDelay	0.179998	179998	1	6
3.91066	0	1	382	FullDelay	0.179998	179998	1	6
3.9306	0	1	383	LastDelay	0.193105	193105	1	6
3.9306	0	1	383	FullDelay	0.193105	193105	1	6
3.95159	0	1	384	LastDelay	0.207269	207269	1	6
3.95159	0	1	384	FullDelay	0.207269	207269	1	6
3.96159	0	1	66	LastDelay	0.210445	210445	1	4
3.96159	0	1	66	FullDelay	2.5042	2.5042e+06	3	4
4.00544	0	1	134	LastDelay	0.247465	247465	1	4
4.00544	0	1	134	FullDelay	2.01557	2.01557e+06	2	4
4.01573	0	1	139	LastDelay	0.250929	250929	1	4
4.01573	0	1	139	FullDelay	1.99173	1.99173e+06	2	4
4.04025	0	1	146	LastDelay	0.261793	261793	1	4
4.04025	0	1	146	FullDelay	1.96163	1.96163e+06	2	4
4.06196	0	1	148	LastDelay	0.269849	269849	1	4
4.06196	0	1	148	FullDelay	1.96969	1.96969e+06	2	4
4.08103	0	1	149	LastDelay	0.282097	282097	1	4
4.08103	0	1	149	FullDelay	1.98194	1.98194e+06	2	4
4.09095	0	1	150	LastDelay	0.285188	285188	1	4
4.09095	0	1	150	FullDelay	1.9782	1.9782e+06	2	4
4.10319	0	1	151	LastDelay	0.290608	290608	1	4
4.10319	0	1	151	FullDelay	1.98362	1.98362e+06	2	4
4.14484	0	1	153	LastDelay	0.318602	318602	1	4
4.14484	0	1	153	FullDelay	2.01161	2.01161e+06	2	4
4.15478	0	1	154	LastDelay	0.321711	321711	1	4
4.15478	0	1	154	FullDelay	2.01472	2.01472e+06	2	4
4.175	0	1	155	LastDelay	0.335111	335111	1	4
4.175	0	1	155	FullDelay	2.02812	2.02812e+06	2	4
4.19712	0	1	157	LastDelay	0.343577	343577	1	4
4.19712	0	1	157	FullDelay	2.03659	2.03659e+06	2	4
4.20712	0	1	158	LastDelay	0.346746	346746	1	4
4.20712	0	1	158	FullDelay	2.03976	2.03976e+06	2	4
4.21825	0	1	159	LastDelay	0.351048	351048	1	4
4.21825	0	1	159	FullDelay	2.04406	2.04406e+06	2	4
4.23953	0	1	160	LastDelay	0.365507	365507	1	4
4.23953	0	1	160	FullDelay	2.05852	2.05852e+06	2	4
4.28199	0	1	162	LastDelay	0.394308	394308	1	4
4.28199	0	1	162	FullDelay	2.08732	2.08732e+06	2	4
4.30176	0	1	163	LastDelay	0.407255	407255	1	4
4.30176	0	1	163	FullDelay	2.10027	2.10027e+06	2	4
4.3119	0	1	86	LastDelay	0.410571	410571	1	4
4.3119	0	1	86	FullDelay	2.69068	2.69068e+06	3	4
4.33204	0	1	165	LastDelay	0.41705	417050	1	4
4.33204	0	1	165	FullDelay	2.11689	2.11689e+06	2	4
4.36214	0	1	166	LastDelay	0.440325	440325	1	4
4.36214	0	1	166	FullDelay	2.14016	2.14016e+06	2	4
4.37398	0	1	167	LastDelay	0.445337	445337	1	4
4.37398	0	1	167	FullDelay	2.14518	2.14518e+06	2	4
4.38578	0	1	168	LastDelay	0.450309	450309	1	4
4.38578	0	1	168	FullDelay	2.15015	2.15015e+06	2	4
4.40743	0	1	169	LastDelay	0.46514	465140	1	4
4.40743	0	1	169	FullDelay	2.16498	2.16498e+06	2	4
4.42292	0	1	170	LastDelay	0.473805	473805	1	4
4.42292	0	1	170	FullDelay	2.17364	2.17364e+06	2	4
4.4503	0	1	93	LastDelay	0.494353	494353	1	4
4.4503	0	1	93	FullDelay	2.78129	2.78129e+06	3	4
4.50739	0	1	171	LastDelay	0.537791	537791	1	4
4.50739	0	1	171	FullDelay	2.25128	2.25128e+06	2	4
4.52989	0	1	172	LastDelay	0.553464	553464	1	4
4.52989	0	1	172	FullDelay	2.26696	2.26696e+06	2	4
4.58704	0	1	175	LastDelay	0.590129	590129	1	4
4.58704	0	1	175	FullDelay	2.30362	2.30362e+06	2	4
4.63198	0	1	50	LastDelay	0.628242	628242	1	4
4.63198	0	1	50	FullDelay	3.29064	3.29064e+06	4	4
4.65258	0	1	121	LastDelay	0.642018	642018	1	4
4.65258	0	1	121	FullDelay	2.77194	2.77194e+06	3	4
4.66195	0	1	176	LastDelay	0.644565	644565	1	4
4.66195	0	1	176	FullDelay	2.37171	2.37171e+06	2	4
4.67105	0	1	177	LastDelay	0.646837	646837	1	4
4.67105	0	1	177	FullDelay	2.37398	2.37398e+06	2	4
4.6821	0	1	178	LastDelay	0.651059	651059	1	4
4.6821	0	1	178	FullDelay	2.37821	2.37821e+06	2	4
4.69726	0	1	179	LastDelay	0.659393	659393	1	4
4.69726	0	1	179	FullDelay	2.38654	2.38654e+06	2	4
4.7071	0	1	180	LastDelay	0.662403	662403	1	4
4.7071	0	1	180	FullDelay	2.38955	2.38955e+06	2	4
4.71854	0	1	181	LastDelay	0.667022	667022	1	4
4.71854	0	1	181	FullDelay	2.39417	2.39417e+06	2	4
4.74908	0	1	183	LastDelay	0.68391	683910	1	4
4.74908	0	1	183	FullDelay	2.41106	2.41106e+06	2	4
4.7716	0	1	185	LastDelay	0.69277	692770	1	4
4.7716	0	1	185	FullDelay	2.41309	2.41309e+06	2	4
4.78515	0	1	186	LastDelay	0.699499	699499	1	4
4.78515	0	1	186	FullDelay	2.41982	2.41982e+06	2	4
4.79664	0	1	187	LastDelay	0.704156	704156	1	4
4.79664	0	1	187	FullDelay	2.42448	2.42448e+06	2	4
4.81221	0	1	188	LastDelay	0.7129	712900	1	4
4.81221	0	1	188	FullDelay	2.43322	2.43322e+06	2	4
4.82165	0	1	189	LastDelay	0.715516	715516	1	4
4.82165	0	1	189	FullDelay	2.43584	2.43584e+06	2	4
4.83121	0	1	190	LastDelay	0.718251	718251	1	4
4.83121	0	1	190	FullDelay	2.43857	2.43857e+06	2	4
4.8424	0	1	191	LastDelay	0.722617	722617	1	4
4.8424	0	1	191	FullDelay	2.44294	2.44294e+06	2	4
4.85427	0	1	192	LastDelay	0.727657	727657	1	4
4.85427	0	1	192	FullDelay	2.44115	2.44115e+06	2	4
4.86333	0	1	193	LastDelay	0.729889	729889	1	4
4.86333	0	1	193	FullDelay	2.44338	2.44338e+06	2	4
4.87601	0	1	194	LastDelay	0.735747	735747	1	4
4.87601	0	1	194	FullDelay	2.44924	2.44924e+06	2	4
4.88576	0	1	195	LastDelay	0.738666	738666	1	4
4.88576	0	1	195	FullDelay	2.45216	2.45216e+06	2	4
4.89522	0	1	196	LastDelay	0.741302	741302	1	4
4.89522	0	1	196	FullDelay	2.4548	2.4548e+06	2	4
4.9094	0	1	197	LastDelay	0.748649	748649	1	4
4.9094	0	1	197	FullDelay	2.46214	2.46214e+06	2	4
4.91851	0	1	198	LastDelay	0.75094	750940	1	4
4.91851	0	1	198	FullDelay	2.46443	2.46443e+06	2	4
4.92924	0	1	199	LastDelay	0.754839	754839	1	4
4.92924	0	1	199	FullDelay	2.46833	2.46833e+06	2	4
4.93834	0	1	200	LastDelay	0.75711	757110	1	4
4.93834	0	1	200	FullDelay	2.4706	2.4706e+06	2	4
4.96348	0	1	202	LastDelay	0.768602	768602	1	4
4.96348	0	1	202	FullDelay	2.4821	2.4821e+06	2	4
4.97284	0	1	203	LastDelay	0.771134	771134	1	4
4.97284	0	1	203	FullDelay	2.48463	2.48463e+06	2	4
4.9962	0	1	205	LastDelay	0.780838	780838	1	4
4.9962	0	1	205	FullDelay	2.49433	2.49433e+06	2	4
5.01746	0	1	206	LastDelay	0.795272	795272	1	4
5.01746	0	1	206	FullDelay	2.50877	2.50877e+06	2	4
5.02802	0	1	207	LastDelay	0.799002	799002	1	4
5.02802	0	1	207	FullDelay	2.5125	2.5125e+06	2	4
5.03725	0	1	208	LastDelay	0.801414	801414	1	4
5.03725	0	1	208	FullDelay	2.51491	2.51491e+06	2	4
5.04771	0	1	209	LastDelay	0.805043	805043	1	4
5.04771	0	1	209	FullDelay	2.51854	2.51854e+06	2	4
5.05762	0	1	210	LastDelay	0.808124	808124	1	4
5.05762	0	1	210	FullDelay	2.52162	2.52162e+06	2	4
5.06673	0	1	211	LastDelay	0.810415	810415	1	4
5.06673	0	1	211	FullDelay	2.52391	2.52391e+06	2	4
5.07813	0	1	212	LastDelay	0.814984	814984	1	4
5.07813	0	1	212	FullDelay	2.52848	2.52848e+06	2	4
5.08886	0	1	213	LastDelay	0.818884	818884	1	4
5.08886	0	1	213	FullDelay	2.53238	2.53238e+06	2	4
5.10069	0	1	214	LastDelay	0.823887	823887	1	4
5.10069	0	1	214	FullDelay	2.53738	2.53738e+06	2	4
5.11362	0	1	215	LastDelay	0.829994	829994	1	4
5.11362	0	1	215	FullDelay	2.54349	2.54349e+06	2	4
5.12739	0	1	216	LastDelay	0.836939	836939	1	4
5.12739	0	1	216	FullDelay	2.55043	2.55043e+06	2	4
5.13811	0	1	217	LastDelay	0.840827	840827	1	4
5.13811	0	1	217	FullDelay	2.55432	2.55432e+06	2	4
5.14943	0	1	218	LastDelay	0.845325	845325	1	4
5.14943	0	1	218	FullDelay	2.55882	2.55882e+06	2	4
5.15956	0	1	219	LastDelay	0.848623	848623	1	4
5.15956	0	1	219	FullDelay	2.56212	2.56212e+06	2	4
5.17406	0	1	220	LastDelay	0.856296	856296	1	4
5.17406	0	1	220	FullDelay	2.56979	2.56979e+06	2	4
5.18313	0	1	221	LastDelay	0.858548	858548	1	4
5.18313	0	1	221	FullDelay	2.57204	2.57204e+06	2	4
5.19235	0	1	222	LastDelay	0.860939	860939	1	4
5.19235	0	1	222	FullDelay	2.57443	2.57443e+06	2	4
5.2081	0	1	223	LastDelay	0.869862	869862	1	4
5.2081	0	1	223	FullDelay	2.58336	2.58336e+06	2	4
5.21893	0	1	224	LastDelay	0.873859	873859	1	4
5.21893	0	1	224	FullDelay	2.58735	2.58735e+06	2	4
5.23016	0	1	225	LastDelay	0.878263	878263	1	4
5.23016	0	1	225	FullDelay	2.59176	2.59176e+06	2	4
5.24074	0	1	226	LastDelay	0.882025	882025	1	4
5.24074	0	1	226	FullDelay	2.59552	2.59552e+06	2	4
5.26201	0	1	228	LastDelay	0.889635	889635	1	4
5.26201	0	1	228	FullDelay	2.60313	2.60313e+06	2	4
5.274	0	1	229	LastDelay	0.894805	894805	1	4
5.274	0	1	229	FullDelay	2.6083	2.6083e+06	2	4
5.28346	0	1	230	LastDelay	0.897433	897433	1	4
5.28346	0	1	230	FullDelay	2.61093	2.61093e+06	2	4
5.2934	0	1	231	LastDelay	0.900551	900551	1	4
5.2934	0	1	231	FullDelay	2.61404	2.61404e+06	2	4
5.30503	0	1	232	LastDelay	0.905355	905355	1	4
5.30503	0	1	232	FullDelay	2.61885	2.61885e+06	2	4
5.32446	0	1	233	LastDelay	0.917956	917956	1	4
5.32446	0	1	233	FullDelay	2.63145	2.63145e+06	2	4
5.3344	0	1	234	LastDelay	0.921068	921068	1	4
5.3344	0	1	234	FullDelay	2.63456	2.63456e+06	2	4
5.34443	0	1	235	LastDelay	0.924266	924266	1	4
5.34443	0	1	235	FullDelay	2.63093	2.63093e+06	2	4
5.35473	0	1	236	LastDelay	0.927744	927744	1	4
5.35473	0	1	236	FullDelay	2.63441	2.63441e+06	2	4
5.36407	0	1	237	LastDelay	0.930256	930256	1	4
5.36407	0	1	237	FullDelay	2.63692	2.63692e+06	2	4
5.39441	0	1	239	LastDelay	0.946943	946943	1	4
5.39441	0	1	239	FullDelay	2.65361	2.65361e+06	2	4
5.40503	0	1	240	LastDelay	0.950742	950742	1	4
5.40503	0	1	240	FullDelay	2.65741	2.65741e+06	2	4
5.41583	0	1	241	LastDelay	0.954707	954707	1	4
5.41583	0	1	241	FullDelay	2.66137	2.66137e+06	2	4
5.43514	0	1	243	LastDelay	0.960365	960365	1	4
5.43514	0	1	243	FullDelay	2.66703	2.66703e+06	2	4
5.45051	0	1	244	LastDelay	0.968908	968908	1	4
5.45051	0	1	244	FullDelay	2.67557	2.67557e+06	2	4
5.47378	0	1	246	LastDelay	0.978526	978526	1	4
5.47378	0	1	246	FullDelay	2.68519	2.68519e+06	2	4
5.48374	0	1	247	LastDelay	0.981664	981664	1	4
5.48374	0	1	247	FullDelay	2.68833	2.68833e+06	2	4
5.49383	0	1	248	LastDelay	0.984922	984922	1	4
5.49383	0	1	248	FullDelay	2.68476	2.68476e+06	2	4
5.5043	0	1	249	LastDelay	0.988565	988565	1	4
5.5043	0	1	249	FullDelay	2.6884	2.6884e+06	2	4
5.51528	0	1	250	LastDelay	0.99272	992720	1	4
5.51528	0	1	250	FullDelay	2.69256	2.69256e+06	2	4
5.52506	0	1	251	LastDelay	0.995671	995671	1	4
5.52506	0	1	251	FullDelay	2.69551	2.69551e+06	2	4
5.53699	0	1	252	LastDelay	1.00077	1.00077e+06	1	4
5.53699	0	1	252	FullDelay	2.70061	2.70061e+06	2	4
5.54717	0	1	253	LastDelay	1.00413	1.00413e+06	1	4
5.54717	0	1	253	FullDelay	2.70397	2.70397e+06	2	4
5.55623	0	1	254	LastDelay	1.00636	1.00636e+06	1	4
5.55623	0	1	254	FullDelay	2.7062	2.7062e+06	2	4
5.57136	0	1	255	LastDelay	1.01466	1.01466e+06	1	6
5.57136	0	1	255	FullDelay	2.7145	2.7145e+06	2	6
5.58052	0	1	256	LastDelay	1.017	1.017e+06	1	6
5.58052	0	1	256	FullDelay	2.71684	2.71684e+06	2	6
5.59082	0	1	257	LastDelay	1.02047	1.02047e+06	1	6
5.59082	0	1	257	FullDelay	2.72031	2.72031e+06	2	6
5.61202	0	1	258	LastDelay	1.03485	1.03485e+06	1	6
5.61202	0	1	258	FullDelay	2.73469	2.73469e+06	2	6
5.62199	0	1	259	LastDelay	1.03799	1.03799e+06	1	6
5.62199	0	1	259	FullDelay	2.73783	2.73783e+06	2	6
5.64465	0	1	261	LastDelay	1.047	1.047e+06	1	6
5.64465	0	1	261	FullDelay	2.74684	2.74684e+06	2	6
5.65382	0	1	262	LastDelay	1.04934	1.04934e+06	1	6
5.65382	0	1	262	FullDelay	2.74235	2.74235e+06	2	6
5.66651	0	1	263	LastDelay	1.0552	1.0552e+06	1	6
5.66651	0	1	263	FullDelay	2.74822	2.74822e+06	2	6
5.68759	0	1	265	LastDelay	1.06263	1.06263e+06	1	6
5.68759	0	1	265	FullDelay	2.75564	2.75564e+06	2	6
5.70222	0	1	385	LastDelay	1.07043	1.07043e+06	1	6
5.70222	0	1	385	FullDelay	1.07043	1.07043e+06	1	6
5.7132	0	1	386	LastDelay	1.07459	1.07459e+06	1	6
5.7132	0	1	386	FullDelay	1.07459	1.07459e+06	1	6
5.73234	0	1	388	LastDelay	1.08007	1.08007e+06	1	6
5.73234	0	1	388	FullDelay	1.08007	1.08007e+06	1	6
5.74412	0	1	389	LastDelay	1.08503	1.08503e+06	1	6
5.74412	0	1	389	FullDelay	1.08503	1.08503e+06	1	6
5.75681	0	1	390	LastDelay	1.09089	1.09089e+06	1	6
5.75681	0	1	390	FullDelay	1.09089	1.09089e+06	1	6
5.76802	0	1	391	LastDelay	1.09528	1.09528e+06	1	6
5.76802	0	1	391	FullDelay	1.09528	1.09528e+06	1	6
5.778	0	1	392	LastDelay	1.09842	1.09842e+06	1	6
5.778	0	1	392	FullDelay	1.09842	1.09842e+06	1	6
5.7871	0	1	393	LastDelay	1.1007	1.1007e+06	1	6
5.7871	0	1	393	FullDelay	1.1007	1.1007e+06	1	6
5.79973	0	1	394	LastDelay	1.1065	1.1065e+06	1	6
5.79973	0	1	394	FullDelay	1.1065	1.1065e+06	1	6
5.81401	0	1	395	LastDelay	1.11395	1.11395e+06	1	6
5.81401	0	1	395	FullDelay	1.11395	1.11395e+06	1	6
5.83094	0	1	396	LastDelay	1.12406	1.12406e+06	1	6
5.83094	0	1	396	FullDelay	1.12406	1.12406e+06	1	6
5.84114	0	1	397	LastDelay	1.12743	1.12743e+06	1	6
5.84114	0	1	397	FullDelay	1.12743	1.12743e+06	1	6
5.85641	0	1	398	LastDelay	1.13588	1.13588e+06	1	6
5.85641	0	1	398	FullDelay	1.13588	1.13588e+06	1	6
5.88141	0	1	400	LastDelay	1.14722	1.14722e+06	1	6
5.88141	0	1	400	FullDelay	1.14722	1.14722e+06	1	6
5.89107	0	1	401	LastDelay	1.15006	1.15006e+06	1	6
5.89107	0	1	401	FullDelay	1.15006	1.15006e+06	1	6
5.90014	0	1	402	LastDelay	1.1523	1.1523e+06	1	6
5.90014	0	1	402	FullDelay	1.1523	1.1523e+06	1	6
5.91028	0	1	403	LastDelay	1.15561	1.15561e+06	1	6
5.91028	0	1	403	FullDelay	1.15561	1.15561e+06	1	6
5.9206	0	1	404	LastDelay	1.15911	1.15911e+06	1	6
5.9206	0	1	404	FullDelay	1.15911	1.15911e+06	1	6
5.93151	0	1	405	LastDelay	1.16319	1.16319e+06	1	6
5.93151	0	1	405	FullDelay	1.16319	1.16319e+06	1	6
5.94348	0	1	406	LastDelay	1.16833	1.16833e+06	1	6
5.94348	0	1	406	FullDelay	1.16833	1.16833e+06	1	6
5.96473	0	1	408	LastDelay	1.17593	1.17593e+06	1	6
5.96473	0	1	408	FullDelay	1.17593	1.17593e+06	1	6
5.97633	0	1	409	LastDelay	1.18071	1.18071e+06	1	6
5.97633	0	1	409	FullDelay	1.18071	1.18071e+06	1	6
5.98558	0	1	410	LastDelay	1.18313	1.18313e+06	1	6
5.98558	0	1	410	FullDelay	1.18313	1.18313e+06	1	6
5.9974	0	1	411	LastDelay	1.18812	1.18812e+06	1	6
5.9974	0	1	411	FullDelay	1.18812	1.18812e+06	1	6
6.02535	0	1	413	LastDelay	1.20242	1.20242e+06	1	6
6.02535	0	1	413	FullDelay	1.20242	1.20242e+06	1	6
6.0498	0	1	415	LastDelay	1.21321	1.21321e+06	1	6
6.0498	0	1	415	FullDelay	1.21321	1.21321e+06	1	6
6.07091	0	1	417	LastDelay	1.22067	1.22067e+06	1	6
6.07091	0	1	417	FullDelay	1.22067	1.22067e+06	1	6
6.08088	0	1	418	LastDelay	1.22382	1.22382e+06	1	6
6.08088	0	1	418	FullDelay	1.22382	1.22382e+06	1	6
6.09013	0	1	419	LastDelay	1.22624	1.22624e+06	1	6
6.09013	0	1	419	FullDelay	1.22624	1.22624e+06	1	6
6.09957	0	1	420	LastDelay	1.22885	1.22885e+06	1	6
6.09957	0	1	420	FullDelay	1.22885	1.22885e+06	1	6
6.10905	0	1	421	LastDelay	1.23151	1.23151e+06	1	6
6.10905	0	1	421	FullDelay	1.23151	1.23151e+06	1	6
6.1202	0	1	422	LastDelay	1.23583	1.23583e+06	1	6
6.1202	0	1	422	FullDelay	1.23583	1.23583e+06	1	6
6.13491	0	1	423	LastDelay	1.24371	1.24371e+06	1	6
6.13491	0	1	423	FullDelay	1.24371	1.24371e+06	1	6
6.14778	0	1	424	LastDelay	1.24975	1.24975e+06	1	6
6.14778	0	1	424	FullDelay	1.24975	1.24975e+06	1	6
6.15964	0	1	425	LastDelay	1.25479	1.25479e+06	1	6
6.15964	0	1	425	FullDelay	1.25479	1.25479e+06	1	6
6.1823	0	1	427	LastDelay	1.2638	1.2638e+06	1	6
6.1823	0	1	427	FullDelay	1.2638	1.2638e+06	1	6
6.20935	0	1	429	LastDelay	1.27719	1.27719e+06	1	6
6.20935	0	1	429	FullDelay	1.27719	1.27719e+06	1	6
6.21971	0	1	430	LastDelay	1.28072	1.28072e+06	1	6
6.21971	0	1	430	FullDelay	1.28072	1.28072e+06	1	6
6.23086	0	1	431	LastDelay	1.28505	1.28505e+06	1	6
6.23086	0	1	431	FullDelay	1.28505	1.28505e+06	1	6
6.24073	0	1	432	LastDelay	1.28809	1.28809e+06	1	6
6.24073	0	1	432	FullDelay	1.28809	1.28809e+06	1	6
6.25384	0	1	433	LastDelay	1.29438	1.29438e+06	1	6
6.25384	0	1	433	FullDelay	1.29438	1.29438e+06	1	6
6.26417	0	1	434	LastDelay	1.29788	1.29788e+06	1	6
6.26417	0	1	434	FullDelay	1.29788	1.29788e+06	1	6
6.2908	0	1	436	LastDelay	1.31085	1.31085e+06	1	6
6.2908	0	1	436	FullDelay	1.31085	1.31085e+06	1	6
6.30108	0	1	437	LastDelay	1.31431	1.31431e+06	1	6
6.30108	0	1	437	FullDelay	1.31431	1.31431e+06	1	6
6.31216	0	1	438	LastDelay	1.31856	1.31856e+06	1	6
6.31216	0	1	438	FullDelay	1.31856	1.31856e+06	1	6
6.33505	0	1	440	LastDelay	1.3278	1.3278e+06	1	6
6.33505	0	1	440	FullDelay	1.3278	1.3278e+06	1	6
6.34581	0	1	441	LastDelay	1.33173	1.33173e+06	1	6
6.34581	0	1	441	FullDelay	1.33173	1.33173e+06	1	6
6.35496	0	1	442	LastDelay	1.33405	1.33405e+06	1	6
6.35496	0	1	442	FullDelay	1.33405	1.33405e+06	1	6
6.3668	0	1	443	LastDelay	1.33907	1.33907e+06	1	6
6.3668	0	1	443	FullDelay	1.33907	1.33907e+06	1	6
6.38267	0	1	444	LastDelay	1.34811	1.34811e+06	1	6
6.38267	0	1	444	FullDelay	1.34811	1.34811e+06	1	6
6.39262	0	1	445	LastDelay	1.35124	1.35124e+06	1	6
6.39262	0	1	445	FullDelay	1.35124	1.35124e+06	1	6
6.40169	0	1	446	LastDelay	1.35348	1.35348e+06	1	6
6.40169	0	1	446	FullDelay	1.35348	1.35348e+06	1	6
6.41081	0	1	447	LastDelay	1.35578	1.35578e+06	1	6
6.41081	0	1	447	FullDelay	1.35578	1.35578e+06	1	6
6.43444	0	1	449	LastDelay	1.36574	1.36574e+06	1	6
6.43444	0	1	449	FullDelay	1.36574	1.36574e+06	1	6
6.44533	0	1	450	LastDelay	1.36981	1.36981e+06	1	6
6.44533	0	1	450	FullDelay	1.36981	1.36981e+06	1	6
6.4549	0	1	451	LastDelay	1.37255	1.37255e+06	1	6
6.4549	0	1	451	FullDelay	1.37255	1.37255e+06	1	6
6.46396	0	1	452	LastDelay	1.37479	1.37479e+06	1	6
6.46396	0	1	452	FullDelay	1.37479	1.37479e+06	1	6
6.47995	0	1	453	LastDelay	1.38395	1.38395e+06	1	6
6.47995	0	1	453	FullDelay	1.38395	1.38395e+06	1	6
6.48904	0	1	454	LastDelay	1.38621	1.38621e+06	1	6
6.48904	0	1	454	FullDelay	1.38621	1.38621e+06	1	6
6.49943	0	1	455	LastDelay	1.38978	1.38978e+06	1	6
6.49943	0	1	455	FullDelay	1.38978	1.38978e+06	1	6
6.51045	0	1	456	LastDelay	1.39397	1.39397e+06	1	6
6.51045	0	1	456	FullDelay	1.39397	1.39397e+06	1	6
6.53993	0	1	458	LastDelay	1.4098	1.4098e+06	1	6
6.53993	0	1	458	FullDelay	1.4098	1.4098e+06	1	6
6.54911	0	1	459	LastDelay	1.41216	1.41216e+06	1	6
6.54911	0	1	459	FullDelay	1.41216	1.41216e+06	1	6
6.56088	0	1	460	LastDelay	1.41709	1.41709e+06	1	6
6.56088	0	1	460	FullDelay	1.41709	1.41709e+06	1	6
6.57178	0	1	461	LastDelay	1.42116	1.42116e+06	1	6
6.57178	0	1	461	FullDelay	1.42116	1.42116e+06	1	6
6.58122	0	1	462	LastDelay	1.42378	1.42378e+06	1	6
6.58122	0	1	462	FullDelay	1.42378	1.42378e+06	1	6
6.59314	0	1	463	LastDelay	1.42887	1.42887e+06	1	6
6.59314	0	1	463	FullDelay	1.42887	1.42887e+06	1	6
6.60244	0	1	464	LastDelay	1.43135	1.43135e+06	1	6
6.60244	0	1	464	FullDelay	1.43135	1.43135e+06	1	6
6.61334	0	1	465	LastDelay	1.43542	1.43542e+06	1	6
6.61334	0	1	465	FullDelay	1.43542	1.43542e+06	1	6
6.6272	0	1	466	LastDelay	1.44245	1.44245e+06	1	6
6.6272	0	1	466	FullDelay	1.44245	1.44245e+06	1	6
6.64195	0	1	467	LastDelay	1.45037	1.45037e+06	1	6
6.64195	0	1	467	FullDelay	1.45037	1.45037e+06	1	6
6.65111	0	1	468	LastDelay	1.45271	1.45271e+06	1	6
6.65111	0	1	468	FullDelay	1.45271	1.45271e+06	1	6
6.66032	0	1	469	LastDelay	1.45509	1.45509e+06	1	6
6.66032	0	1	469	FullDelay	1.45509	1.45509e+06	1	6
6.66956	0	1	470	LastDelay	1.45751	1.45751e+06	1	6
6.66956	0	1	470	FullDelay	1.45751	1.45751e+06	1	6
6.67865	0	1	471	LastDelay	1.45977	1.45977e+06	1	6
6.67865	0	1	471	FullDelay	1.45977	1.45977e+06	1	6
6.68778	0	1	472	LastDelay	1.46207	1.46207e+06	1	6
6.68778	0	1	472	FullDelay	1.46207	1.46207e+06	1	6
6.69795	0	1	473	LastDelay	1.46542	1.46542e+06	1	6
6.69795	0	1	473	FullDelay	1.46542	1.46542e+06	1	6
6.70915	0	1	474	LastDelay	1.46979	1.46979e+06	1	6
6.70915	0	1	474	FullDelay	1.46979	1.46979e+06	1	6
6.71839	0	1	475	LastDelay	1.47221	1.47221e+06	1	6
6.71839	0	1	475	FullDelay	1.47221	1.47221e+06	1	6
6.73896	0	1	477	LastDelay	1.47912	1.47912e+06	1	6
6.73896	0	1	477	FullDelay	1.47912	1.47912e+06	1	6
6.75056	0	1	478	LastDelay	1.48389	1.48389e+06	1	6
6.75056	0	1	478	FullDelay	1.48389	1.48389e+06	1	6
6.76264	0	1	479	LastDelay	1.48914	1.48914e+06	1	6
6.76264	0	1	479	FullDelay	1.48914	1.48914e+06	1	6
6.78133	0	1	481	LastDelay	1.49418	1.49418e+06	1	6
6.78133	0	1	481	FullDelay	1.49418	1.49418e+06	1	6
6.7978	0	1	482	LastDelay	1.50383	1.50383e+06	1	6
6.7978	0	1	482	FullDelay	1.50383	1.50383e+06	1	6
6.80786	0	1	483	LastDelay	1.50706	1.50706e+06	1	6
6.80786	0	1	483	FullDelay	1.50706	1.50706e+06	1	6
6.81801	0	1	484	LastDelay	1.51038	1.51038e+06	1	6
6.81801	0	1	484	FullDelay	1.51038	1.51038e+06	1	6
6.8281	0	1	485	LastDelay	1.51365	1.51365e+06	1	6
6.8281	0	1	485	FullDelay	1.51365	1.51365e+06	1	6
6.84518	0	1	486	LastDelay	1.5239	1.5239e+06	1	6
6.84518	0	1	486	FullDelay	1.5239	1.5239e+06	1	6
6.85428	0	1	487	LastDelay	1.52618	1.52618e+06	1	6
6.85428	0	1	487	FullDelay	1.52618	1.52618e+06	1	6
6.8637	0	1	488	LastDelay	1.52876	1.52876e+06	1	6
6.8637	0	1	488	FullDelay	1.52876	1.52876e+06	1	6
6.87307	0	1	489	LastDelay	1.53131	1.53131e+06	1	6
6.87307	0	1	489	FullDelay	1.53131	1.53131e+06	1	6
6.88335	0	1	490	LastDelay	1.53477	1.53477e+06	1	6
6.88335	0	1	490	FullDelay	1.53477	1.53477e+06	1	6
6.89413	0	1	491	LastDelay	1.53872	1.53872e+06	1	6
6.89413	0	1	491	FullDelay	1.53872	1.53872e+06	1	6
6.90431	0	1	492	LastDelay	1.54207	1.54207e+06	1	6
6.90431	0	1	492	FullDelay	1.54207	1.54207e+06	1	6
6.91446	0	1	493	LastDelay	1.5454	1.5454e+06	1	6
6.91446	0	1	493	FullDelay	1.5454	1.5454e+06	1	6
6.92956	0	1	494	LastDelay	1.55367	1.55367e+06	1	6
6.92956	0	1	494	FullDelay	1.55367	1.55367e+06	1	6
6.93866	0	1	495	LastDelay	1.55595	1.55595e+06	1	6
6.93866	0	1	495	FullDelay	1.55595	1.55595e+06	1	6
6.94936	0	1	496	LastDelay	1.55981	1.55981e+06	1	6
6.94936	0	1	496	FullDelay	1.55981	1.55981e+06	1	6
6.96207	0	1	497	LastDelay	1.56569	1.56569e+06	1	6
6.96207	0	1	497	FullDelay	1.56569	1.56569e+06	1	6
6.97129	0	1	498	LastDelay	1.56809	1.56809e+06	1	6
6.97129	0	1	498	FullDelay	1.56809	1.56809e+06	1	6
6.98139	0	1	499	LastDelay	1.57136	1.57136e+06	1	6
6.98139	0	1	499	FullDelay	1.57136	1.57136e+06	1	6
6.99073	0	1	500	LastDelay	1.57388	1.57388e+06	1	6
6.99073	0	1	500	FullDelay	1.57388	1.57388e+06	1	6
7.01461	0	1	502	LastDelay	1.5841	1.5841e+06	1	6
7.01461	0	1	502	FullDelay	1.5841	1.5841e+06	1	6
7.02402	0	1	503	LastDelay	1.58668	1.58668e+06	1	6
7.02402	0	1	503	FullDelay	1.58668	1.58668e+06	1	6
7.0333	0	1	504	LastDelay	1.58914	1.58914e+06	1	6
7.0333	0	1	504	FullDelay	1.58914	1.58914e+06	1	6
7.07067	0	1	507	LastDelay	1.60603	1.60603e+06	1	6
7.07067	0	1	507	FullDelay	1.60603	1.60603e+06	1	6
7.07997	0	1	508	LastDelay	1.60851	1.60851e+06	1	6
7.07997	0	1	508	FullDelay	1.60851	1.60851e+06	1	6
7.0893	0	1	509	LastDelay	1.611	1.611e+06	1	6
7.0893	0	1	509	FullDelay	1.611	1.611e+06	1	6
7.09881	0	1	510	LastDelay	1.61369	1.61369e+06	1	6
7.09881	0	1	510	FullDelay	1.61369	1.61369e+06	1	6
7.11069	0	1	511	LastDelay	1.61875	1.61875e+06	1	6
7.11069	0	1	511	FullDelay	1.61875	1.61875e+06	1	6
7.12146	0	1	512	LastDelay	1.62269	1.62269e+06	1	6
7.12146	0	1	512	FullDelay	1.62269	1.62269e+06	1	6
7.13514	0	1	513	LastDelay	1.62954	1.62954e+06	1	6
7.13514	0	1	513	FullDelay	1.62954	1.62954e+06	1	6
7.14511	0	1	514	LastDelay	1.63268	1.63268e+06	1	6
7.14511	0	1	514	FullDelay	1.63268	1.63268e+06	1	6
7.1559	0	1	515	LastDelay	1.63665	1.63665e+06	1	6
7.1559	0	1	515	FullDelay	1.63665	1.63665e+06	1	6
7.16499	0	1	516	LastDelay	1.63891	1.63891e+06	1	6
7.16499	0	1	516	FullDelay	1.63891	1.63891e+06	1	6
7.1892	0	1	518	LastDelay	1.64946	1.64946e+06	1	6
7.1892	0	1	518	FullDelay	1.64946	1.64946e+06	1	6
7.20909	0	1	519	LastDelay	1.66253	1.66253e+06	1	6
7.20909	0	1	519	FullDelay	1.66253	1.66253e+06	1	6
7.23175	0	1	521	LastDelay	1.67154	1.67154e+06	1	6
7.23175	0	1	521	FullDelay	1.67154	1.67154e+06	1	6
7.24094	0	1	522	LastDelay	1.6739	1.6739e+06	1	6
7.24094	0	1	522	FullDelay	1.6739	1.6739e+06	1	6
7.25099	0	1	523	LastDelay	1.67712	1.67712e+06	1	6
7.25099	0	1	523	FullDelay	1.67712	1.67712e+06	1	6
7.26192	0	1	524	LastDelay	1.68123	1.68123e+06	1	6
7.26192	0	1	524	FullDelay	1.68123	1.68123e+06	1	6
7.27296	0	1	525	LastDelay	1.68544	1.68544e+06	1	6
7.27296	0	1	525	FullDelay	1.68544	1.68544e+06	1	6
7.28209	0	1	526	LastDelay	1.68774	1.68774e+06	1	6
7.28209	0	1	526	FullDelay	1.68774	1.68774e+06	1	6
7.29421	0	1	527	LastDelay	1.69304	1.69304e+06	1	6
7.29421	0	1	527	FullDelay	1.69304	1.69304e+06	1	6
7.30534	0	1	528	LastDelay	1.69734	1.69734e+06	1	6
7.30534	0	1	528	FullDelay	1.69734	1.69734e+06	1	6
7.31738	0	1	529	LastDelay	1.70256	1.70256e+06	1	6
7.31738	0	1	529	FullDelay	1.70256	1.70256e+06	1	6
7.32655	0	1	530	LastDelay	1.7049	1.7049e+06	1	6
7.32655	0	1	530	FullDelay	1.7049	1.7049e+06	1	6
7.34677	0	1	532	LastDelay	1.71147	1.71147e+06	1	6
7.34677	0	1	532	FullDelay	1.71147	1.71147e+06	1	6
7.35757	0	1	533	LastDelay	1.71543	1.71543e+06	1	6
7.35757	0	1	533	FullDelay	1.71543	1.71543e+06	1	6
7.36891	0	1	534	LastDelay	1.71995	1.71995e+06	1	6
7.36891	0	1	534	FullDelay	1.71995	1.71995e+06	1	6
7.38034	0	1	535	LastDelay	1.72455	1.72455e+06	1	6
7.38034	0	1	535	FullDelay	1.72455	1.72455e+06	1	6
7.40187	0	1	537	LastDelay	1.73243	1.73243e+06	1	6
7.40187	0	1	537	FullDelay	1.73243	1.73243e+06	1	6
7.41094	0	1	538	LastDelay	1.73467	1.73467e+06	1	6
7.41094	0	1	538	FullDelay	1.73467	1.73467e+06	1	6
7.42772	0	1	539	LastDelay	1.74463	1.74463e+06	1	6
7.42772	0	1	539	FullDelay	1.74463	1.74463e+06	1	6
7.4397	0	1	540	LastDelay	1.74979	1.74979e+06	1	6
7.4397	0	1	540	FullDelay	1.74979	1.74979e+06	1	6
7.44988	0	1	541	LastDelay	1.75313	1.75313e+06	1	6
7.44988	0	1	541	FullDelay	1.75313	1.75313e+06	1	6
7.46071	0	1	542	LastDelay	1.75714	1.75714e+06	1	6
7.46071	0	1	542	FullDelay	1.75714	1.75714e+06	1	6
7.47144	0	1	543	LastDelay	1.76104	1.76104e+06	1	6
7.47144	0	1	543	FullDelay	1.76104	1.76104e+06	1	6
7.4976	0	1	545	LastDelay	1.77355	1.77355e+06	1	6
7.4976	0	1	545	FullDelay	1.77355	1.77355e+06	1	6
7.51877	0	1	547	LastDelay	1.78107	1.78107e+06	1	6
7.51877	0	1	547	FullDelay	1.78107	1.78107e+06	1	6
7.5475	0	1	266	LastDelay	1.79614	1.79614e+06	1	6
7.5475	0	1	266	FullDelay	4.60873	4.60873e+06	2	6
7.55669	0	1	267	LastDelay	1.7985	1.7985e+06	1	6
7.55669	0	1	267	FullDelay	4.61109	4.61109e+06	2	6
7.56927	0	1	268	LastDelay	1.80425	1.80425e+06	1	6
7.56927	0	1	268	FullDelay	4.61684	4.61684e+06	2	6
7.5793	0	1	269	LastDelay	1.80746	1.80746e+06	1	6
7.5793	0	1	269	FullDelay	4.62005	4.62005e+06	2	6
7.59122	0	1	270	LastDelay	1.81255	1.81255e+06	1	6
7.59122	0	1	270	FullDelay	4.62514	4.62514e+06	2	6
7.60123	0	1	271	LastDelay	1.81574	1.81574e+06	1	6
7.60123	0	1	271	FullDelay	4.62832	4.62832e+06	2	6
7.61315	0	1	272	LastDelay	1.82083	1.82083e+06	1	6
7.61315	0	1	272	FullDelay	4.63342	4.63342e+06	2	6
7.64491	0	1	274	LastDelay	1.83894	1.83894e+06	1	6
7.64491	0	1	274	FullDelay	4.65152	4.65152e+06	2	6
7.65488	0	1	275	LastDelay	1.84208	1.84208e+06	1	6
7.65488	0	1	275	FullDelay	4.65467	4.65467e+06	2	6
7.67391	0	1	277	LastDelay	1.84746	1.84746e+06	1	6
7.67391	0	1	277	FullDelay	4.66005	4.66005e+06	2	6
7.68304	0	1	278	LastDelay	1.84976	1.84976e+06	1	6
7.68304	0	1	278	FullDelay	4.66235	4.66235e+06	2	6
7.69239	0	1	279	LastDelay	1.85228	1.85228e+06	1	6
7.69239	0	1	279	FullDelay	4.66487	4.66487e+06	2	6
7.70147	0	1	280	LastDelay	1.85454	1.85454e+06	1	6
7.70147	0	1	280	FullDelay	4.66713	4.66713e+06	2	6
7.71394	0	1	281	LastDelay	1.86018	1.86018e+06	1	6
7.71394	0	1	281	FullDelay	4.67276	4.67276e+06	2	6
7.72332	0	1	282	LastDelay	1.86274	1.86274e+06	1	6
7.72332	0	1	282	FullDelay	4.67532	4.67532e+06	2	6
7.73428	0	1	283	LastDelay	1.86687	1.86687e+06	1	6
7.73428	0	1	283	FullDelay	4.67946	4.67946e+06	2	6
7.74596	0	1	284	LastDelay	1.87172	1.87172e+06	1	6
7.74596	0	1	284	FullDelay	4.68431	4.68431e+06	2	6
7.77312	0	1	145	LastDelay	1.86475	1.86475e+06	1	2
7.77312	0	1	145	FullDelay	5.70133	5.70133e+06	3	2
7.78302	0	1	147	LastDelay	1.86782	1.86782e+06	1	2
7.78302	0	1	147	FullDelay	5.69758	5.69758e+06	3	2
7.79311	0	1	152	LastDelay	1.87109	1.87109e+06	1	2
7.79311	0	1	152	FullDelay	5.66671	5.66671e+06	3	2
7.81235	0	1	286	LastDelay	1.92446	1.92446e+06	1	6
7.81235	0	1	286	FullDelay	4.73704	4.73704e+06	2	6
7.82186	0	1	287	LastDelay	1.92715	1.92715e+06	1	6
7.82186	0	1	287	FullDelay	4.73973	4.73973e+06	2	6
7.83194	0	1	156	LastDelay	1.90309	1.90309e+06	1	2
7.83194	0	1	156	FullDelay	5.67823	5.67823e+06	3	2
7.84284	0	1	161	LastDelay	1.90716	1.90716e+06	1	2
7.84284	0	1	161	FullDelay	5.655	5.655e+06	3	2
10.4603	0	1	1084	LastDelay	0.0463484	46348.4	1	6
10.4603	0	1	1084	FullDelay	0.0463484	46348.4	1	6
10.4706	0	1	1085	LastDelay	0.049768	49768	1	6
10.4706	0	1	1085	FullDelay	0.049768	49768	1	6
10.4798	0	1	1086	LastDelay	0.0521273	52127.3	1	6
10.4798	0	1	1086	FullDelay	0.0521273	52127.3	1	6
10.5043	0	1	1087	LastDelay	0.0698124	69812.4	1	6
10.5043	0	1	1087	FullDelay	0.0698124	69812.4	1	6
10.5265	0	1	1088	LastDelay	0.0852643	85264.3	1	6
10.5265	0	1	1088	FullDelay	0.0852643	85264.3	1	6
10.5578	0	1	1090	LastDelay	0.102889	102889	1	6
10.5578	0	1	1090	FullDelay	0.102889	102889	1	6
10.5897	0	1	1091	LastDelay	0.127986	127986	1	6
10.5897	0	1	1091	FullDelay	0.127986	127986	1	6
10.6208	0	1	1092	LastDelay	0.152168	152168	1	6
10.6208	0	1	1092	FullDelay	0.152168	152168	1	6
10.6476	0	1	1093	LastDelay	0.172204	172204	1	6
10.6476	0	1	1093	FullDelay	0.172204	172204	1	6
10.6576	0	1	1094	LastDelay	0.17537	175370	1	6
10.6576	0	1	1094	FullDelay	0.17537	175370	1	6
10.7713	0	1	1096	LastDelay	0.275387	275387	1	6
10.7713	0	1	1096	FullDelay	0.275387	275387	1	6
10.7805	0	1	273	LastDelay	0.277746	277746	1	6
10.7805	0	1	273	FullDelay	7.79391	7.79391e+06	3	6
10.8026	0	1	285	LastDelay	0.286227	286227	1	6
10.8026	0	1	285	FullDelay	7.73412	7.73412e+06	3	6
10.8143	0	1	544	LastDelay	0.291086	291086	1	6
10.8143	0	1	544	FullDelay	5.09706	5.09706e+06	2	6
10.8721	0	1	548	LastDelay	0.335214	335214	1	6
10.8721	0	1	548	FullDelay	5.12753	5.12753e+06	2	6
10.8955	0	1	1097	LastDelay	0.351803	351803	1	6
10.8955	0	1	1097	FullDelay	0.351803	351803	1	6
10.9073	0	1	111	LastDelay	0.356752	356752	1	6
10.9073	0	1	111	FullDelay	9.11536	9.11536e+06	5	6
10.9512	0	1	1098	LastDelay	0.393849	393849	1	6
10.9512	0	1	1098	FullDelay	0.393849	393849	1	6
10.962	0	1	1099	LastDelay	0.397861	397861	1	6
10.962	0	1	1099	FullDelay	0.397861	397861	1	6
10.9849	0	1	1100	LastDelay	0.413922	413922	1	6
10.9849	0	1	1100	FullDelay	0.413922	413922	1	6
11.0287	0	1	1101	LastDelay	0.450932	450932	1	6
11.0287	0	1	1101	FullDelay	0.450932	450932	1	6
11.0386	0	1	1102	LastDelay	0.453974	453974	1	6
11.0386	0	1	1102	FullDelay	0.453974	453974	1	6
11.0477	0	1	1103	LastDelay	0.456254	456254	1	6
11.0477	0	1	1103	FullDelay	0.456254	456254	1	6
11.0735	0	1	1104	LastDelay	0.47516	475160	1	6
11.0735	0	1	1104	FullDelay	0.47516	475160	1	6
11.0977	0	1	164	LastDelay	0.492608	492608	1	6
11.0977	0	1	164	FullDelay	8.88941	8.88941e+06	4	6
11.1133	0	1	173	LastDelay	0.501392	501392	1	6
11.1133	0	1	173	FullDelay	8.84358	8.84358e+06	4	6
11.135	0	1	174	LastDelay	0.516188	516188	1	6
11.135	0	1	174	FullDelay	8.85837	8.85837e+06	4	6
11.1842	0	1	184	LastDelay	0.5518	551800	1	6
11.1842	0	1	184	FullDelay	8.83937	8.83937e+06	4	6
11.1933	0	1	201	LastDelay	0.554052	554052	1	6
11.1933	0	1	201	FullDelay	8.71874	8.71874e+06	4	6
11.2235	0	1	204	LastDelay	0.577394	577394	1	6
11.2235	0	1	204	FullDelay	8.72843	8.72843e+06	4	6
11.2333	0	1	227	LastDelay	0.580425	580425	1	6
11.2333	0	1	227	FullDelay	8.58128	8.58128e+06	4	6
11.271	0	1	238	LastDelay	0.611221	611221	1	6
11.271	0	1	238	FullDelay	8.53698	8.53698e+06	4	6
11.2912	0	1	242	LastDelay	0.62462	624620	1	6
11.2912	0	1	242	FullDelay	8.5299	8.5299e+06	4	6
11.3021	0	1	245	LastDelay	0.628665	628665	1	6
11.3021	0	1	245	FullDelay	8.52029	8.52029e+06	4	6
11.3158	0	1	260	LastDelay	0.635559	635559	1	6
11.3158	0	1	260	FullDelay	8.42479	8.42479e+06	4	6
11.3384	0	1	264	LastDelay	0.651375	651375	1	6
11.3384	0	1	264	FullDelay	8.41329	8.41329e+06	4	6
11.3602	0	1	288	LastDelay	0.66632	666320	1	6
11.3602	0	1	288	FullDelay	8.27123	8.27123e+06	3	6
11.4209	0	1	289	LastDelay	0.720182	720182	1	6
11.4209	0	1	289	FullDelay	8.32509	8.32509e+06	3	6
11.4717	0	1	290	LastDelay	0.764178	764178	1	6
11.4717	0	1	290	FullDelay	8.36908	8.36908e+06	3	6
11.4808	0	1	291	LastDelay	0.766457	766457	1	6
11.4808	0	1	291	FullDelay	8.37136	8.37136e+06	3	6
11.499	0	1	292	LastDelay	0.777863	777863	1	6
11.499	0	1	292	FullDelay	8.38277	8.38277e+06	3	6
11.5081	0	1	293	LastDelay	0.780103	780102	1	6
11.5081	0	1	293	FullDelay	8.38501	8.38501e+06	3	6
11.5172	0	1	294	LastDelay	0.782362	782362	1	6
11.5172	0	1	294	FullDelay	8.38727	8.38727e+06	3	6
11.541	0	1	295	LastDelay	0.799332	799332	1	6
11.541	0	1	295	FullDelay	8.40424	8.40424e+06	3	6
11.5522	0	1	296	LastDelay	0.803718	803718	1	6
11.5522	0	1	296	FullDelay	8.40862	8.40862e+06	3	6
11.6084	0	1	297	LastDelay	0.853098	853098	1	6
11.6084	0	1	297	FullDelay	8.458	8.458e+06	3	6
11.6217	0	1	298	LastDelay	0.859531	859531	1	6
11.6217	0	1	298	FullDelay	8.46444	8.46444e+06	3	6
11.6307	0	1	299	LastDelay	0.86177	861770	1	6
11.6307	0	1	299	FullDelay	8.46668	8.46668e+06	3	6
11.6405	0	1	300	LastDelay	0.864749	864749	1	6
11.6405	0	1	300	FullDelay	8.46965	8.46965e+06	3	6
11.6847	0	1	302	LastDelay	0.895281	895281	1	6
11.6847	0	1	302	FullDelay	8.50019	8.50019e+06	3	6
11.703	0	1	303	LastDelay	0.906747	906747	1	6
11.703	0	1	303	FullDelay	8.51165	8.51165e+06	3	6
11.7139	0	1	304	LastDelay	0.91084	910840	1	6
11.7139	0	1	304	FullDelay	8.51575	8.51575e+06	3	6
11.7282	0	1	305	LastDelay	0.91832	918320	1	6
11.7282	0	1	305	FullDelay	8.52323	8.52323e+06	3	6
11.7374	0	1	306	LastDelay	0.92064	920640	1	6
11.7374	0	1	306	FullDelay	8.52555	8.52555e+06	3	6
11.7527	0	1	307	LastDelay	0.929098	929098	1	6
11.7527	0	1	307	FullDelay	8.534	8.534e+06	3	6
11.773	0	1	308	LastDelay	0.942586	942586	1	6
11.773	0	1	308	FullDelay	8.54749	8.54749e+06	3	6
11.789	0	1	309	LastDelay	0.95178	951780	1	6
11.789	0	1	309	FullDelay	8.55669	8.55669e+06	3	6
11.7981	0	1	310	LastDelay	0.954019	954019	1	6
11.7981	0	1	310	FullDelay	8.55893	8.55893e+06	3	6
11.8105	0	1	311	LastDelay	0.959608	959608	1	6
11.8105	0	1	311	FullDelay	8.56451	8.56451e+06	3	6
11.829	0	1	312	LastDelay	0.971285	971285	1	6
11.829	0	1	312	FullDelay	8.57619	8.57619e+06	3	6
11.84	0	1	313	LastDelay	0.975439	975439	1	6
11.84	0	1	313	FullDelay	8.58035	8.58035e+06	3	6
11.8517	0	1	314	LastDelay	0.980333	980333	1	6
11.8517	0	1	314	FullDelay	8.58524	8.58524e+06	3	6
11.8618	0	1	315	LastDelay	0.983603	983603	1	6
11.8618	0	1	315	FullDelay	8.58851	8.58851e+06	3	6
11.8748	0	1	316	LastDelay	0.989809	989809	1	6
11.8748	0	1	316	FullDelay	8.59472	8.59472e+06	3	6
11.8848	0	1	317	LastDelay	0.992997	992997	1	6
11.8848	0	1	317	FullDelay	8.5979	8.5979e+06	3	6
11.9051	0	1	318	LastDelay	1.00639	1.00639e+06	1	6
11.9051	0	1	318	FullDelay	8.6113	8.6113e+06	3	6
11.9142	0	1	319	LastDelay	1.00869	1.00869e+06	1	6
11.9142	0	1	319	FullDelay	8.6136	8.6136e+06	3	6
11.9359	0	1	321	LastDelay	1.01674	1.01674e+06	1	6
11.9359	0	1	321	FullDelay	8.62164	8.62164e+06	3	6
11.9502	0	1	322	LastDelay	1.02421	1.02421e+06	1	6
11.9502	0	1	322	FullDelay	8.62911	8.62911e+06	3	6
11.9727	0	1	324	LastDelay	1.03311	1.03311e+06	1	6
11.9727	0	1	324	FullDelay	8.63802	8.63802e+06	3	6
12.0054	0	1	326	LastDelay	1.05211	1.05211e+06	1	6
12.0054	0	1	326	FullDelay	8.65702	8.65702e+06	3	6
12.0164	0	1	327	LastDelay	1.05633	1.05633e+06	1	6
12.0164	0	1	327	FullDelay	8.66123	8.66123e+06	3	6
12.0267	0	1	328	LastDelay	1.05974	1.05974e+06	1	6
12.0267	0	1	328	FullDelay	8.66465	8.66465e+06	3	6
12.0384	0	1	329	LastDelay	1.06464	1.06464e+06	1	6
12.0384	0	1	329	FullDelay	8.66955	8.66955e+06	3	6
12.0521	0	1	330	LastDelay	1.0715	1.0715e+06	1	6
12.0521	0	1	330	FullDelay	8.6764	8.6764e+06	3	6
12.0641	0	1	331	LastDelay	1.07672	1.07672e+06	1	6
12.0641	0	1	331	FullDelay	8.68163	8.68163e+06	3	6
12.0758	0	1	332	LastDelay	1.08154	1.08154e+06	1	6
12.0758	0	1	332	FullDelay	8.68645	8.68645e+06	3	6
12.0914	0	1	333	LastDelay	1.09038	1.09038e+06	1	6
12.0914	0	1	333	FullDelay	8.69529	8.69529e+06	3	6
12.1047	0	1	334	LastDelay	1.09677	1.09677e+06	1	6
12.1047	0	1	334	FullDelay	8.70168	8.70168e+06	3	6
12.1185	0	1	335	LastDelay	1.10375	1.10375e+06	1	6
12.1185	0	1	335	FullDelay	8.70866	8.70866e+06	3	6
12.1299	0	1	336	LastDelay	1.10839	1.10839e+06	1	6
12.1299	0	1	336	FullDelay	8.71329	8.71329e+06	3	6
12.1645	0	1	338	LastDelay	1.12925	1.12925e+06	1	6
12.1645	0	1	338	FullDelay	8.73416	8.73416e+06	3	6
12.1735	0	1	339	LastDelay	1.13149	1.13149e+06	1	6
12.1735	0	1	339	FullDelay	8.7364	8.7364e+06	3	6
12.1827	0	1	340	LastDelay	1.13381	1.13381e+06	1	6
12.1827	0	1	340	FullDelay	8.73872	8.73872e+06	3	6
12.2019	0	1	342	LastDelay	1.13938	1.13938e+06	1	6
12.2019	0	1	342	FullDelay	8.74428	8.74428e+06	3	6
12.2139	0	1	343	LastDelay	1.14458	1.14458e+06	1	6
12.2139	0	1	343	FullDelay	8.74949	8.74949e+06	3	6
12.2375	0	1	345	LastDelay	1.15454	1.15454e+06	1	6
12.2375	0	1	345	FullDelay	8.75945	8.75945e+06	3	6
