Time	Node	AppId	SeqNo	Type	DelayS	DelayUS	RetxCount	HopCount
1.02468	0	1	0	LastDelay	0.0246836	24683.6	1	4
1.02468	0	1	0	FullDelay	0.0246836	24683.6	1	4
1.04282	0	1	1	LastDelay	0.0359884	35988.4	1	4
1.04282	0	1	1	FullDelay	0.0359884	35988.4	1	4
1.06408	0	1	2	LastDelay	0.0504247	50424.7	1	4
1.06408	0	1	2	FullDelay	0.0504247	50424.7	1	4
1.09492	0	1	4	LastDelay	0.0676117	67611.7	1	4
1.09492	0	1	4	FullDelay	0.0676117	67611.7	1	4
1.11373	0	1	5	LastDelay	0.0795992	79599.2	1	4
1.11373	0	1	5	FullDelay	0.0795992	79599.2	1	4
1.14148	0	1	7	LastDelay	0.0936933	93693.3	1	4
1.14148	0	1	7	FullDelay	0.0936933	93693.3	1	4
1.15568	0	1	8	LastDelay	0.101068	101068	1	4
1.15568	0	1	8	FullDelay	0.101068	101068	1	4
1.20896	0	1	11	LastDelay	0.133871	133871	1	4
1.20896	0	1	11	FullDelay	0.133871	133871	1	4
1.22273	0	1	12	LastDelay	0.14081	140810	1	4
1.22273	0	1	12	FullDelay	0.14081	140810	1	4
1.28833	0	1	15	LastDelay	0.185927	185927	1	4
1.28833	0	1	15	FullDelay	0.185927	185927	1	4
1.29994	0	1	16	LastDelay	0.190714	190714	1	4
1.29994	0	1	16	FullDelay	0.190714	190714	1	4
1.31917	0	1	17	LastDelay	0.203119	203119	1	4
1.31917	0	1	17	FullDelay	0.203119	203119	1	4
1.36001	0	1	19	LastDelay	0.230307	230307	1	4
1.36001	0	1	19	FullDelay	0.230307	230307	1	4
1.40175	0	1	21	LastDelay	0.258392	258392	1	4
1.40175	0	1	21	FullDelay	0.258392	258392	1	4
1.41085	0	1	22	LastDelay	0.260663	260663	1	4
1.41085	0	1	22	FullDelay	0.260663	260663	1	4
1.43562	0	1	23	LastDelay	0.278607	278607	1	4
1.43562	0	1	23	FullDelay	0.278607	278607	1	4
1.44828	0	1	24	LastDelay	0.284438	284438	1	4
1.44828	0	1	24	FullDelay	0.284438	284438	1	4
1.45738	0	1	25	LastDelay	0.28671	286710	1	4
1.45738	0	1	25	FullDelay	0.28671	286710	1	4
1.51111	0	1	27	LastDelay	0.326788	326788	1	4
1.51111	0	1	27	FullDelay	0.326788	326788	1	4
1.55652	0	1	29	LastDelay	0.358544	358544	1	4
1.55652	0	1	29	FullDelay	0.358544	358544	1	4
1.56804	0	1	30	LastDelay	0.363235	363235	1	4
1.56804	0	1	30	FullDelay	0.363235	363235	1	4
1.59396	0	1	31	LastDelay	0.38233	382330	1	4
1.59396	0	1	31	FullDelay	0.38233	382330	1	4
1.60659	0	1	32	LastDelay	0.388135	388135	1	4
1.60659	0	1	32	FullDelay	0.388135	388135	1	4
1.61976	0	1	33	LastDelay	0.394483	394483	1	4
1.61976	0	1	33	FullDelay	0.394483	394483	1	4
1.64795	0	1	35	LastDelay	0.409013	409013	1	4
1.64795	0	1	35	FullDelay	0.409013	409013	1	4
1.6798	0	1	36	LastDelay	0.434043	434043	1	4
1.6798	0	1	36	FullDelay	0.434043	434043	1	4
1.69431	0	1	37	LastDelay	0.441722	441722	1	4
1.69431	0	1	37	FullDelay	0.441722	441722	1	4
1.73519	0	1	39	LastDelay	0.468952	468952	1	4
1.73519	0	1	39	FullDelay	0.468952	468952	1	4
1.7609	0	1	41	LastDelay	0.481008	481008	1	4
1.7609	0	1	41	FullDelay	0.481008	481008	1	4
1.77084	0	1	42	LastDelay	0.484117	484117	1	4
1.77084	0	1	42	FullDelay	0.484117	484117	1	4
1.79148	0	1	43	LastDelay	0.497937	497937	1	4
1.79148	0	1	43	FullDelay	0.497937	497937	1	4
1.8164	0	1	44	LastDelay	0.516023	516023	1	4
1.8164	0	1	44	FullDelay	0.516023	516023	1	4
1.83156	0	1	45	LastDelay	0.524365	524365	1	4
1.83156	0	1	45	FullDelay	0.524365	524365	1	4
1.86817	0	1	47	LastDelay	0.547314	547314	1	4
1.86817	0	1	47	FullDelay	0.547314	547314	1	4
1.87986	0	1	48	LastDelay	0.552182	552182	1	4
1.87986	0	1	48	FullDelay	0.552182	552182	1	4
1.89247	0	1	49	LastDelay	0.557968	557968	1	4
1.89247	0	1	49	FullDelay	0.557968	557968	1	4
1.90766	0	1	50	LastDelay	0.56633	566330	1	4
1.90766	0	1	50	FullDelay	0.56633	566330	1	4
1.94589	0	1	52	LastDelay	0.590908	590908	1	4
1.94589	0	1	52	FullDelay	0.590908	590908	1	4
1.96946	0	1	53	LastDelay	0.607644	607644	1	4
1.96946	0	1	53	FullDelay	0.607644	607644	1	4
1.98063	0	1	54	LastDelay	0.611986	611986	1	4
1.98063	0	1	54	FullDelay	0.611986	611986	1	4
1.9947	0	1	55	LastDelay	0.619238	619238	1	4
1.9947	0	1	55	FullDelay	0.619238	619238	1	4
2.01176	0	1	56	LastDelay	0.629471	629471	1	4
2.01176	0	1	56	FullDelay	0.629471	629471	1	4
2.0433	0	1	58	LastDelay	0.647351	647351	1	4
2.0433	0	1	58	FullDelay	0.647351	647351	1	4
2.07306	0	1	59	LastDelay	0.670291	670291	1	4
2.07306	0	1	59	FullDelay	0.670291	670291	1	4
2.09871	0	1	60	LastDelay	0.689115	689115	1	4
2.09871	0	1	60	FullDelay	0.689115	689115	1	4
2.10779	0	1	61	LastDelay	0.691366	691366	1	4
2.10779	0	1	61	FullDelay	0.691366	691366	1	4
2.12319	0	1	62	LastDelay	0.69994	699940	1	4
2.12319	0	1	62	FullDelay	0.69994	699940	1	4
2.13426	0	1	63	LastDelay	0.704182	704182	1	4
2.13426	0	1	63	FullDelay	0.704182	704182	1	4
2.20169	0	1	65	LastDelay	0.757956	757956	1	4
2.20169	0	1	65	FullDelay	0.757956	757956	1	4
2.22107	0	1	66	LastDelay	0.770512	770512	1	4
2.22107	0	1	66	FullDelay	0.770512	770512	1	4
2.23438	0	1	67	LastDelay	0.776996	776996	1	4
2.23438	0	1	67	FullDelay	0.776996	776996	1	4
2.2577	0	1	68	LastDelay	0.793491	793491	1	4
2.2577	0	1	68	FullDelay	0.793491	793491	1	4
2.27969	0	1	69	LastDelay	0.808653	808653	1	4
2.27969	0	1	69	FullDelay	0.808653	808653	1	4
2.29785	0	1	70	LastDelay	0.819983	819983	1	4
2.29785	0	1	70	FullDelay	0.819983	819983	1	4
2.33026	0	1	71	LastDelay	0.845565	845565	1	4
2.33026	0	1	71	FullDelay	0.845565	845565	1	4
2.34139	0	1	72	LastDelay	0.849867	849867	1	4
2.34139	0	1	72	FullDelay	0.849867	849867	1	4
2.35049	0	1	73	LastDelay	0.852139	852139	1	4
2.35049	0	1	73	FullDelay	0.852139	852139	1	4
2.36122	0	1	74	LastDelay	0.856048	856048	1	4
2.36122	0	1	74	FullDelay	0.856048	856048	1	4
2.38062	0	1	75	LastDelay	0.868622	868622	1	4
2.38062	0	1	75	FullDelay	0.868622	868622	1	4
2.43038	0	1	76	LastDelay	0.911554	911554	1	4
2.43038	0	1	76	FullDelay	0.911554	911554	1	4
2.44325	0	1	77	LastDelay	0.917593	917593	1	4
2.44325	0	1	77	FullDelay	0.917593	917593	1	4
2.45886	0	1	78	LastDelay	0.926384	926384	1	4
2.45886	0	1	78	FullDelay	0.926384	926384	1	4
2.49723	0	1	79	LastDelay	0.957919	957919	1	4
2.49723	0	1	79	FullDelay	0.957919	957919	1	4
2.55342	0	1	80	LastDelay	1.00729	1.00729e+06	1	4
2.55342	0	1	80	FullDelay	1.00729	1.00729e+06	1	4
2.57022	0	1	81	LastDelay	1.01726	1.01726e+06	1	4
2.57022	0	1	81	FullDelay	1.01726	1.01726e+06	1	4
2.59317	0	1	82	LastDelay	1.03339	1.03339e+06	1	4
2.59317	0	1	82	FullDelay	1.03339	1.03339e+06	1	4
2.60413	0	1	83	LastDelay	1.03752	1.03752e+06	1	4
2.60413	0	1	83	FullDelay	1.03752	1.03752e+06	1	4
2.62863	0	1	84	LastDelay	1.05519	1.05519e+06	1	4
2.62863	0	1	84	FullDelay	1.05519	1.05519e+06	1	4
2.64611	0	1	85	LastDelay	1.06584	1.06584e+06	1	4
2.64611	0	1	85	FullDelay	1.06584	1.06584e+06	1	4
2.66201	0	1	86	LastDelay	1.07492	1.07492e+06	1	4
2.66201	0	1	86	FullDelay	1.07492	1.07492e+06	1	4
2.68462	0	1	87	LastDelay	1.0907	1.0907e+06	1	4
2.68462	0	1	87	FullDelay	1.0907	1.0907e+06	1	4
2.70655	0	1	88	LastDelay	1.10581	1.10581e+06	1	4
2.70655	0	1	88	FullDelay	1.10581	1.10581e+06	1	4
2.73353	0	1	89	LastDelay	1.12596	1.12596e+06	1	4
2.73353	0	1	89	FullDelay	1.12596	1.12596e+06	1	4
2.74845	0	1	90	LastDelay	1.13405	1.13405e+06	1	4
2.74845	0	1	90	FullDelay	1.13405	1.13405e+06	1	4
2.75751	0	1	91	LastDelay	1.13628	1.13628e+06	1	4
2.75751	0	1	91	FullDelay	1.13628	1.13628e+06	1	4
2.78335	0	1	92	LastDelay	1.15529	1.15529e+06	1	4
2.78335	0	1	92	FullDelay	1.15529	1.15529e+06	1	4
2.7942	0	1	93	LastDelay	1.15932	1.15932e+06	1	4
2.7942	0	1	93	FullDelay	1.15932	1.15932e+06	1	4
2.80503	0	1	94	LastDelay	1.16332	1.16332e+06	1	4
2.80503	0	1	94	FullDelay	1.16332	1.16332e+06	1	4
2.82974	0	1	95	LastDelay	1.18121	1.18121e+06	1	4
2.82974	0	1	95	FullDelay	1.18121	1.18121e+06	1	4
2.84055	0	1	96	LastDelay	1.18519	1.18519e+06	1	4
2.84055	0	1	96	FullDelay	1.18519	1.18519e+06	1	4
2.85671	0	1	97	LastDelay	1.19453	1.19453e+06	1	4
2.85671	0	1	97	FullDelay	1.19453	1.19453e+06	1	4
2.88405	0	1	98	LastDelay	1.21504	1.21504e+06	1	4
2.88405	0	1	98	FullDelay	1.21504	1.21504e+06	1	4
2.9091	0	1	99	LastDelay	1.23326	1.23326e+06	1	4
2.9091	0	1	99	FullDelay	1.23326	1.23326e+06	1	4
2.96009	0	1	101	LastDelay	1.2706	1.2706e+06	1	4
2.96009	0	1	101	FullDelay	1.2706	1.2706e+06	1	4
2.97251	0	1	102	LastDelay	1.27619	1.27619e+06	1	4
2.97251	0	1	102	FullDelay	1.27619	1.27619e+06	1	4
2.99763	0	1	103	LastDelay	1.29448	1.29448e+06	1	4
2.99763	0	1	103	FullDelay	1.29448	1.29448e+06	1	4
3.02309	0	1	104	LastDelay	1.31312	1.31312e+06	1	4
3.02309	0	1	104	FullDelay	1.31312	1.31312e+06	1	4
3.0357	0	1	105	LastDelay	1.3189	1.3189e+06	1	4
3.0357	0	1	105	FullDelay	1.3189	1.3189e+06	1	4
3.05295	0	1	106	LastDelay	1.32932	1.32932e+06	1	4
3.05295	0	1	106	FullDelay	1.32932	1.32932e+06	1	4
3.06207	0	1	107	LastDelay	1.33161	1.33161e+06	1	4
3.06207	0	1	107	FullDelay	1.33161	1.33161e+06	1	4
3.07328	0	1	108	LastDelay	1.336	1.336e+06	1	4
3.07328	0	1	108	FullDelay	1.336	1.336e+06	1	4
3.08327	0	1	109	LastDelay	1.33916	1.33916e+06	1	4
3.08327	0	1	109	FullDelay	1.33916	1.33916e+06	1	4
3.11497	0	1	110	LastDelay	1.36403	1.36403e+06	1	4
3.11497	0	1	110	FullDelay	1.36403	1.36403e+06	1	4
3.12604	0	1	111	LastDelay	1.36828	1.36828e+06	1	4
3.12604	0	1	111	FullDelay	1.36828	1.36828e+06	1	4
3.16103	0	1	113	LastDelay	1.38962	1.38962e+06	1	4
3.16103	0	1	113	FullDelay	1.38962	1.38962e+06	1	4
3.17524	0	1	114	LastDelay	1.397	1.397e+06	1	4
3.17524	0	1	114	FullDelay	1.397	1.397e+06	1	4
3.20584	0	1	115	LastDelay	1.42077	1.42077e+06	1	4
3.20584	0	1	115	FullDelay	1.42077	1.42077e+06	1	4
3.24109	0	1	118	LastDelay	1.43555	1.43555e+06	1	4
3.24109	0	1	118	FullDelay	1.43555	1.43555e+06	1	4
3.25118	0	1	119	LastDelay	1.43881	1.43881e+06	1	4
3.25118	0	1	119	FullDelay	1.43881	1.43881e+06	1	4
3.2751	0	1	120	LastDelay	1.4559	1.4559e+06	1	4
3.2751	0	1	120	FullDelay	1.4559	1.4559e+06	1	4
3.3143	0	1	121	LastDelay	1.48827	1.48827e+06	1	4
3.3143	0	1	121	FullDelay	1.48827	1.48827e+06	1	4
3.32781	0	1	122	LastDelay	1.49495	1.49495e+06	1	4
3.32781	0	1	122	FullDelay	1.49495	1.49495e+06	1	4
3.34479	0	1	123	LastDelay	1.50511	1.50511e+06	1	4
3.34479	0	1	123	FullDelay	1.50511	1.50511e+06	1	4
3.35476	0	1	124	LastDelay	1.50825	1.50825e+06	1	4
3.35476	0	1	124	FullDelay	1.50825	1.50825e+06	1	4
3.36651	0	1	125	LastDelay	1.51318	1.51318e+06	1	4
3.36651	0	1	125	FullDelay	1.51318	1.51318e+06	1	4
3.38844	0	1	126	LastDelay	1.52828	1.52828e+06	1	4
3.38844	0	1	126	FullDelay	1.52828	1.52828e+06	1	4
3.4426	0	1	128	LastDelay	1.56879	1.56879e+06	1	4
3.4426	0	1	128	FullDelay	1.56879	1.56879e+06	1	4
5.37098	0	1	590	LastDelay	0.220371	220371	1	4
5.37098	0	1	590	FullDelay	0.220371	220371	1	4
5.41866	0	1	592	LastDelay	0.254397	254397	1	4
5.41866	0	1	592	FullDelay	0.254397	254397	1	4
5.47122	0	1	594	LastDelay	0.293299	293299	1	4
5.47122	0	1	594	FullDelay	0.293299	293299	1	4
5.48408	0	1	595	LastDelay	0.29933	299330	1	4
5.48408	0	1	595	FullDelay	0.29933	299330	1	4
5.55942	0	1	596	LastDelay	0.367843	367843	1	4
5.55942	0	1	596	FullDelay	0.367843	367843	1	4
5.59511	0	1	597	LastDelay	0.396711	396711	1	4
5.59511	0	1	597	FullDelay	0.396711	396711	1	4
5.60424	0	1	598	LastDelay	0.39901	399010	1	4
5.60424	0	1	598	FullDelay	0.39901	399010	1	4
5.62239	0	1	599	LastDelay	0.410335	410335	1	4
5.62239	0	1	599	FullDelay	0.410335	410335	1	4
5.63263	0	1	600	LastDelay	0.413755	413755	1	4
5.63263	0	1	600	FullDelay	0.413755	413755	1	4
5.67376	0	1	601	LastDelay	0.448049	448049	1	4
5.67376	0	1	601	FullDelay	0.448049	448049	1	4
5.72458	0	1	602	LastDelay	0.492051	492051	1	4
5.72458	0	1	602	FullDelay	0.492051	492051	1	4
5.74885	0	1	603	LastDelay	0.50949	509490	1	4
5.74885	0	1	603	FullDelay	0.50949	509490	1	4
5.76774	0	1	604	LastDelay	0.521557	521557	1	4
5.76774	0	1	604	FullDelay	0.521557	521557	1	4
5.77949	0	1	605	LastDelay	0.526476	526476	1	4
5.77949	0	1	605	FullDelay	0.526476	526476	1	4
5.81201	0	1	607	LastDelay	0.545348	545348	1	4
5.81201	0	1	607	FullDelay	0.545348	545348	1	4
5.83944	0	1	608	LastDelay	0.565948	565948	1	4
5.83944	0	1	608	FullDelay	0.565948	565948	1	4
5.85028	0	1	609	LastDelay	0.56996	569960	1	4
5.85028	0	1	609	FullDelay	0.56996	569960	1	4
5.8751	0	1	610	LastDelay	0.587949	587949	1	4
5.8751	0	1	610	FullDelay	0.587949	587949	1	4
5.90043	0	1	611	LastDelay	0.606455	606455	1	4
5.90043	0	1	611	FullDelay	0.606455	606455	1	4
5.91127	0	1	612	LastDelay	0.610465	610465	1	4
5.91127	0	1	612	FullDelay	0.610465	610465	1	4
5.9299	0	1	613	LastDelay	0.622273	622273	1	4
5.9299	0	1	613	FullDelay	0.622273	622273	1	4
5.96745	0	1	614	LastDelay	0.653002	653002	1	4
5.96745	0	1	614	FullDelay	0.653002	653002	1	4
5.99162	0	1	615	LastDelay	0.670338	670338	1	4
5.99162	0	1	615	FullDelay	0.670338	670338	1	4
6.00157	0	1	616	LastDelay	0.673464	673464	1	4
6.00157	0	1	616	FullDelay	0.673464	673464	1	4
6.0638	0	1	617	LastDelay	0.728868	728868	1	4
6.0638	0	1	617	FullDelay	0.728868	728868	1	4
6.09596	0	1	618	LastDelay	0.754196	754196	1	4
6.09596	0	1	618	FullDelay	0.754196	754196	1	4
6.1336	0	1	619	LastDelay	0.785016	785016	1	4
6.1336	0	1	619	FullDelay	0.785016	785016	1	4
6.16809	0	1	621	LastDelay	0.805851	805851	1	4
6.16809	0	1	621	FullDelay	0.805851	805851	1	4
6.24803	0	1	623	LastDelay	0.872137	872137	1	4
6.24803	0	1	623	FullDelay	0.872137	872137	1	4
6.30516	0	1	624	LastDelay	0.922442	922442	1	4
6.30516	0	1	624	FullDelay	0.922442	922442	1	4
6.31852	0	1	625	LastDelay	0.928973	928973	1	4
6.31852	0	1	625	FullDelay	0.928973	928973	1	4
6.36356	0	1	626	LastDelay	0.967183	967183	1	4
6.36356	0	1	626	FullDelay	0.967183	967183	1	4
6.38241	0	1	3	LastDelay	0.979214	979214	1	4
6.38241	0	1	3	FullDelay	5.36193	5.36193e+06	3	4
6.40983	0	1	6	LastDelay	0.999801	999801	1	4
6.40983	0	1	6	FullDelay	5.36887	5.36887e+06	3	4
6.42443	0	1	9	LastDelay	1.00758	1.00758e+06	1	4
6.42443	0	1	9	FullDelay	5.36299	5.36299e+06	3	4
6.44693	0	1	10	LastDelay	1.02325	1.02325e+06	1	4
6.44693	0	1	10	FullDelay	5.37866	5.37866e+06	3	4
6.47204	0	1	13	LastDelay	1.04154	1.04154e+06	1	4
6.47204	0	1	13	FullDelay	5.3833	5.3833e+06	3	4
6.49658	0	1	14	LastDelay	1.05925	1.05925e+06	1	4
6.49658	0	1	14	FullDelay	5.40101	5.40101e+06	3	4
6.50937	0	1	18	LastDelay	1.06521	1.06521e+06	1	4
6.50937	0	1	18	FullDelay	5.38649	5.38649e+06	3	4
6.54205	0	1	26	LastDelay	1.08424	1.08424e+06	1	4
6.54205	0	1	26	FullDelay	5.36456	5.36456e+06	3	4
6.62186	0	1	116	LastDelay	1.15039	1.15039e+06	1	4
6.62186	0	1	116	FullDelay	4.82997	4.82997e+06	2	4
6.64756	0	1	117	LastDelay	1.16927	1.16927e+06	1	4
6.64756	0	1	117	FullDelay	4.84884	4.84884e+06	2	4
6.65751	0	1	127	LastDelay	1.17239	1.17239e+06	1	4
6.65751	0	1	127	FullDelay	4.79052	4.79052e+06	2	4
6.70379	0	1	129	LastDelay	1.21184	1.21184e+06	1	4
6.70379	0	1	129	FullDelay	4.82315	4.82315e+06	2	4
6.71578	0	1	130	LastDelay	1.21701	1.21701e+06	1	4
6.71578	0	1	130	FullDelay	4.82832	4.82832e+06	2	4
6.80861	0	1	132	LastDelay	1.29618	1.29618e+06	1	4
6.80861	0	1	132	FullDelay	4.90749	4.90749e+06	2	4
6.83028	0	1	133	LastDelay	1.31102	1.31102e+06	1	4
6.83028	0	1	133	FullDelay	4.92233	4.92233e+06	2	4
6.86014	0	1	134	LastDelay	1.33406	1.33406e+06	1	4
6.86014	0	1	134	FullDelay	4.94537	4.94537e+06	2	4
6.87134	0	1	135	LastDelay	1.33843	1.33843e+06	1	4
6.87134	0	1	135	FullDelay	4.94974	4.94974e+06	2	4
6.88251	0	1	136	LastDelay	1.34277	1.34277e+06	1	4
6.88251	0	1	136	FullDelay	4.95408	4.95408e+06	2	4
6.92115	0	1	137	LastDelay	1.37459	1.37459e+06	1	4
6.92115	0	1	137	FullDelay	4.98589	4.98589e+06	2	4
6.93883	0	1	138	LastDelay	1.38545	1.38545e+06	1	4
6.93883	0	1	138	FullDelay	4.99675	4.99675e+06	2	4
6.95574	0	1	139	LastDelay	1.39553	1.39553e+06	1	4
6.95574	0	1	139	FullDelay	5.00684	5.00684e+06	2	4
6.98698	0	1	140	LastDelay	1.41994	1.41994e+06	1	4
6.98698	0	1	140	FullDelay	5.02442	5.02442e+06	2	4
7.02968	0	1	142	LastDelay	1.44899	1.44899e+06	1	4
7.02968	0	1	142	FullDelay	5.05347	5.05347e+06	2	4
7.08469	0	1	144	LastDelay	1.49035	1.49035e+06	1	4
7.08469	0	1	144	FullDelay	5.09483	5.09483e+06	2	4
7.13976	0	1	145	LastDelay	1.53859	1.53859e+06	1	4
7.13976	0	1	145	FullDelay	5.14307	5.14307e+06	2	4
7.1512	0	1	146	LastDelay	1.5432	1.5432e+06	1	4
7.1512	0	1	146	FullDelay	5.14085	5.14085e+06	2	4
7.16492	0	1	147	LastDelay	1.55009	1.55009e+06	1	4
7.16492	0	1	147	FullDelay	5.14774	5.14774e+06	2	4
7.22584	0	1	149	LastDelay	1.59736	1.59736e+06	1	4
7.22584	0	1	149	FullDelay	5.19502	5.19502e+06	2	4
7.24939	0	1	150	LastDelay	1.61409	1.61409e+06	1	4
7.24939	0	1	150	FullDelay	5.21174	5.21174e+06	2	4
7.2733	0	1	151	LastDelay	1.63117	1.63117e+06	1	4
7.2733	0	1	151	FullDelay	5.22882	5.22882e+06	2	4
7.32261	0	1	152	LastDelay	1.67365	1.67365e+06	1	4
7.32261	0	1	152	FullDelay	5.25765	5.25765e+06	2	4
7.34518	0	1	34	LastDelay	1.68256	1.68256e+06	1	4
7.34518	0	1	34	FullDelay	6.11307	6.11307e+06	3	4
7.39275	0	1	38	LastDelay	1.72331	1.72331e+06	1	4
7.39275	0	1	38	FullDelay	6.13333	6.13333e+06	3	4
7.40267	0	1	40	LastDelay	1.72641	1.72641e+06	1	4
7.40267	0	1	40	FullDelay	6.12961	6.12961e+06	3	4
7.47008	0	1	51	LastDelay	1.78016	1.78016e+06	1	4
7.47008	0	1	51	FullDelay	6.12192	6.12192e+06	3	4
7.48312	0	1	57	LastDelay	1.78638	1.78638e+06	1	4
7.48312	0	1	57	FullDelay	6.094	6.094e+06	3	4
7.494	0	1	64	LastDelay	1.79042	1.79042e+06	1	4
7.494	0	1	64	FullDelay	6.05709	6.05709e+06	3	4
7.53049	0	1	153	LastDelay	1.82009	1.82009e+06	1	4
7.53049	0	1	153	FullDelay	5.4587	5.4587e+06	2	4
7.54213	0	1	154	LastDelay	1.8249	1.8249e+06	1	4
7.54213	0	1	154	FullDelay	5.46351	5.46351e+06	2	4
7.56018	0	1	155	LastDelay	1.83613	1.83613e+06	1	4
7.56018	0	1	155	FullDelay	5.47474	5.47474e+06	2	4
7.57016	0	1	156	LastDelay	1.83928	1.83928e+06	1	4
7.57016	0	1	156	FullDelay	5.4779	5.4779e+06	2	4
7.59431	0	1	157	LastDelay	1.8566	1.8566e+06	1	4
7.59431	0	1	157	FullDelay	5.49522	5.49522e+06	2	4
7.60345	0	1	158	LastDelay	1.85891	1.85891e+06	1	4
7.60345	0	1	158	FullDelay	5.49753	5.49753e+06	2	4
7.61686	0	1	100	LastDelay	1.8655	1.8655e+06	1	4
7.61686	0	1	100	FullDelay	5.93419	5.93419e+06	3	4
7.63589	0	1	159	LastDelay	1.87771	1.87771e+06	1	4
7.63589	0	1	159	FullDelay	5.52315	5.52315e+06	2	4
7.64935	0	1	160	LastDelay	1.88434	1.88434e+06	1	4
7.64935	0	1	160	FullDelay	5.52977	5.52977e+06	2	4
7.66238	0	1	161	LastDelay	1.89055	1.89055e+06	1	4
7.66238	0	1	161	FullDelay	5.53598	5.53598e+06	2	4
7.74036	0	1	163	LastDelay	1.95486	1.95486e+06	1	4
7.74036	0	1	163	FullDelay	5.6003	5.6003e+06	2	4
7.7504	0	1	164	LastDelay	1.95808	1.95808e+06	1	4
7.7504	0	1	164	FullDelay	5.60352	5.60352e+06	2	4
7.7905	0	1	166	LastDelay	1.98453	1.98453e+06	1	4
7.7905	0	1	166	FullDelay	5.61631	5.61631e+06	2	4
7.81122	0	1	167	LastDelay	1.99842	1.99842e+06	1	4
7.81122	0	1	167	FullDelay	5.6302	5.6302e+06	2	4
11.7656	0	1	1034	LastDelay	0.252557	252557	1	4
11.7656	0	1	1034	FullDelay	0.252557	252557	1	4
11.8264	0	1	1036	LastDelay	0.299726	299726	1	4
11.8264	0	1	1036	FullDelay	0.299726	299726	1	4
11.8597	0	1	1037	LastDelay	0.326197	326197	1	4
11.8597	0	1	1037	FullDelay	0.326197	326197	1	4
11.9087	0	1	1038	LastDelay	0.36834	368340	1	4
11.9087	0	1	1038	FullDelay	0.36834	368340	1	4
11.9188	0	1	1039	LastDelay	0.371606	371606	1	4
11.9188	0	1	1039	FullDelay	0.371606	371606	1	4
11.9851	0	1	1041	LastDelay	0.424234	424234	1	4
11.9851	0	1	1041	FullDelay	0.424234	424234	1	4
11.9951	0	1	1042	LastDelay	0.42746	427460	1	4
11.9951	0	1	1042	FullDelay	0.42746	427460	1	4
12.0212	0	1	1043	LastDelay	0.446676	446676	1	4
12.0212	0	1	1043	FullDelay	0.446676	446676	1	4
12.0404	0	1	1044	LastDelay	0.459043	459043	1	4
12.0404	0	1	1044	FullDelay	0.459043	459043	1	4
12.0538	0	1	1045	LastDelay	0.465647	465647	1	4
12.0538	0	1	1045	FullDelay	0.465647	465647	1	4
12.0768	0	1	1046	LastDelay	0.481843	481843	1	4
12.0768	0	1	1046	FullDelay	0.481843	481843	1	4
12.1026	0	1	1047	LastDelay	0.500771	500771	1	4
12.1026	0	1	1047	FullDelay	0.500771	500771	1	4
12.1117	0	1	1048	LastDelay	0.50307	503070	1	4
12.1117	0	1	1048	FullDelay	0.50307	503070	1	4
12.197	0	1	1051	LastDelay	0.567864	567864	1	4
12.197	0	1	1051	FullDelay	0.567864	567864	1	4
12.2087	0	1	1052	LastDelay	0.572722	572722	1	4
12.2087	0	1	1052	FullDelay	0.572722	572722	1	4
12.2434	0	1	1053	LastDelay	0.600668	600668	1	4
12.2434	0	1	1053	FullDelay	0.600668	600668	1	4
12.2693	0	1	1054	LastDelay	0.61968	619680	1	4
12.2693	0	1	1054	FullDelay	0.61968	619680	1	4
12.289	0	1	1055	LastDelay	0.632551	632551	1	4
12.289	0	1	1055	FullDelay	0.632551	632551	1	4
12.3042	0	1	1056	LastDelay	0.640912	640912	1	4
12.3042	0	1	1056	FullDelay	0.640912	640912	1	4
12.3133	0	1	1057	LastDelay	0.643192	643192	1	4
12.3133	0	1	1057	FullDelay	0.643192	643192	1	4
12.3367	0	1	1059	LastDelay	0.652968	652968	1	4
12.3367	0	1	1059	FullDelay	0.652968	652968	1	4
12.3492	0	1	1060	LastDelay	0.658654	658654	1	4
12.3492	0	1	1060	FullDelay	0.658654	658654	1	4
12.3903	0	1	1061	LastDelay	0.692896	692896	1	4
12.3903	0	1	1061	FullDelay	0.692896	692896	1	4
12.403	0	1	1062	LastDelay	0.698803	698803	1	4
12.403	0	1	1062	FullDelay	0.698803	698803	1	4
12.4502	0	1	1064	LastDelay	0.732306	732306	1	4
12.4502	0	1	1064	FullDelay	0.732306	732306	1	4
12.5299	0	1	1066	LastDelay	0.798409	798409	1	4
12.5299	0	1	1066	FullDelay	0.798409	798409	1	4
12.631	0	1	1067	LastDelay	0.892609	892609	1	4
12.631	0	1	1067	FullDelay	0.892609	892609	1	4
12.6433	0	1	1068	LastDelay	0.898099	898099	1	4
12.6433	0	1	1068	FullDelay	0.898099	898099	1	4
12.6629	0	1	1069	LastDelay	0.910881	910881	1	4
12.6629	0	1	1069	FullDelay	0.910881	910881	1	4
12.6758	0	1	1070	LastDelay	0.916992	916992	1	4
12.6758	0	1	1070	FullDelay	0.916992	916992	1	4
12.7265	0	1	1072	LastDelay	0.954034	954034	1	4
12.7265	0	1	1072	FullDelay	0.954034	954034	1	4
12.7729	0	1	1073	LastDelay	0.993568	993568	1	4
12.7729	0	1	1073	FullDelay	0.993568	993568	1	4
12.8034	0	1	1074	LastDelay	1.01727	1.01727e+06	1	4
12.8034	0	1	1074	FullDelay	1.01727	1.01727e+06	1	4
12.8226	0	1	1075	LastDelay	1.02966	1.02966e+06	1	4
12.8226	0	1	1075	FullDelay	1.02966	1.02966e+06	1	4
12.9018	0	1	20	LastDelay	1.09521	1.09521e+06	1	4
12.9018	0	1	20	FullDelay	11.7653	1.17653e+07	4	4
12.9268	0	1	28	LastDelay	1.1134	1.1134e+06	1	4
12.9268	0	1	28	FullDelay	11.7357	1.17357e+07	4	4
12.9388	0	1	46	LastDelay	1.11855	1.11855e+06	1	4
12.9388	0	1	46	FullDelay	11.6248	1.16248e+07	4	4
12.9479	0	1	112	LastDelay	1.12078	1.12078e+06	1	4
12.9479	0	1	112	FullDelay	11.1833	1.11833e+07	3	4
12.9863	0	1	131	LastDelay	1.15236	1.15236e+06	1	4
12.9863	0	1	131	FullDelay	11.092	1.1092e+07	3	4
13.0058	0	1	141	LastDelay	1.16501	1.16501e+06	1	4
13.0058	0	1	141	FullDelay	11.0364	1.10364e+07	3	4
13.0765	0	1	143	LastDelay	1.22895	1.22895e+06	1	4
13.0765	0	1	143	FullDelay	11.0935	1.10935e+07	3	4
13.1148	0	1	148	LastDelay	1.26036	1.26036e+06	1	4
13.1148	0	1	148	FullDelay	11.0908	1.10908e+07	3	4
13.2091	0	1	165	LastDelay	1.341	1.341e+06	1	4
13.2091	0	1	165	FullDelay	11.0417	1.10417e+07	3	4
13.2327	0	1	168	LastDelay	1.35785	1.35785e+06	1	4
13.2327	0	1	168	FullDelay	11.0449	1.10449e+07	3	4
13.2665	0	1	169	LastDelay	1.3848	1.3848e+06	1	4
13.2665	0	1	169	FullDelay	11.0718	1.10718e+07	3	4
13.3284	0	1	171	LastDelay	1.43306	1.43306e+06	1	4
13.3284	0	1	171	FullDelay	11.1201	1.11201e+07	3	4
13.3752	0	1	172	LastDelay	1.47297	1.47297e+06	1	4
13.3752	0	1	172	FullDelay	11.16	1.116e+07	3	4
13.4014	0	1	173	LastDelay	1.49236	1.49236e+06	1	4
13.4014	0	1	173	FullDelay	11.1794	1.11794e+07	3	4
13.4209	0	1	174	LastDelay	1.50504	1.50504e+06	1	4
13.4209	0	1	174	FullDelay	11.1921	1.11921e+07	3	4
13.4385	0	1	175	LastDelay	1.51584	1.51584e+06	1	4
13.4385	0	1	175	FullDelay	11.2029	1.12029e+07	3	4
13.476	0	1	176	LastDelay	1.54654	1.54654e+06	1	4
13.476	0	1	176	FullDelay	11.2336	1.12336e+07	3	4
13.4863	0	1	177	LastDelay	1.54996	1.54996e+06	1	4
13.4863	0	1	177	FullDelay	11.237	1.1237e+07	3	4
13.5333	0	1	178	LastDelay	1.59011	1.59011e+06	1	4
13.5333	0	1	178	FullDelay	11.2771	1.12771e+07	3	4
13.5541	0	1	180	LastDelay	1.59731	1.59731e+06	1	4
13.5541	0	1	180	FullDelay	11.2843	1.12843e+07	3	4
13.5868	0	1	181	LastDelay	1.6232	1.6232e+06	1	4
13.5868	0	1	181	FullDelay	11.3102	1.13102e+07	3	4
13.6023	0	1	182	LastDelay	1.63185	1.63185e+06	1	4
13.6023	0	1	182	FullDelay	11.3189	1.13189e+07	3	4
13.652	0	1	183	LastDelay	1.67473	1.67473e+06	1	4
13.652	0	1	183	FullDelay	11.3618	1.13618e+07	3	4
16.7814	0	1	874	LastDelay	0.30539	305390	1	4
16.7814	0	1	874	FullDelay	6.36064	6.36064e+06	2	4
16.7949	0	1	875	LastDelay	0.312043	312043	1	4
16.7949	0	1	875	FullDelay	6.3673	6.3673e+06	2	4
16.8162	0	1	876	LastDelay	0.326488	326488	1	4
16.8162	0	1	876	FullDelay	6.38174	6.38174e+06	2	4
16.8866	0	1	879	LastDelay	0.376445	376445	1	4
16.8866	0	1	879	FullDelay	6.4317	6.4317e+06	2	4
16.9928	0	1	884	LastDelay	0.448529	448529	1	4
16.9928	0	1	884	FullDelay	6.50378	6.50378e+06	2	4
17.0045	0	1	885	LastDelay	0.453389	453389	1	4
17.0045	0	1	885	FullDelay	6.50864	6.50864e+06	2	4
17.0136	0	1	886	LastDelay	0.455648	455648	1	4
17.0136	0	1	886	FullDelay	6.5109	6.5109e+06	2	4
17.1092	0	1	889	LastDelay	0.530798	530798	1	4
17.1092	0	1	889	FullDelay	6.58605	6.58605e+06	2	4
17.1183	0	1	890	LastDelay	0.533057	533057	1	4
17.1183	0	1	890	FullDelay	6.58831	6.58831e+06	2	4
17.174	0	1	891	LastDelay	0.581852	581852	1	4
17.174	0	1	891	FullDelay	6.63711	6.63711e+06	2	4
17.1966	0	1	893	LastDelay	0.590804	590804	1	4
17.1966	0	1	893	FullDelay	6.64606	6.64606e+06	2	4
17.3217	0	1	894	LastDelay	0.709129	709129	1	4
17.3217	0	1	894	FullDelay	6.76438	6.76438e+06	2	4
17.3373	0	1	895	LastDelay	0.7179	717900	1	4
17.3373	0	1	895	FullDelay	6.77315	6.77315e+06	2	4
17.3672	0	1	897	LastDelay	0.734153	734153	1	4
17.3672	0	1	897	FullDelay	6.78941	6.78941e+06	2	4
17.3763	0	1	898	LastDelay	0.736412	736412	1	4
17.3763	0	1	898	FullDelay	6.79166	6.79166e+06	2	4
17.4021	0	1	899	LastDelay	0.75538	755380	1	4
17.4021	0	1	899	FullDelay	6.81063	6.81063e+06	2	4
17.4156	0	1	900	LastDelay	0.762011	762011	1	4
17.4156	0	1	900	FullDelay	6.81726	6.81726e+06	2	4
17.4354	0	1	901	LastDelay	0.775009	775009	1	4
17.4354	0	1	901	FullDelay	6.83026	6.83026e+06	2	4
17.4508	0	1	902	LastDelay	0.78364	783640	1	4
17.4508	0	1	902	FullDelay	6.83889	6.83889e+06	2	4
17.4931	0	1	903	LastDelay	0.819086	819086	1	4
17.4931	0	1	903	FullDelay	6.87434	6.87434e+06	2	4
17.5107	0	1	904	LastDelay	0.829833	829833	1	4
17.5107	0	1	904	FullDelay	6.88509	6.88509e+06	2	4
17.5428	0	1	905	LastDelay	0.855097	855097	1	4
17.5428	0	1	905	FullDelay	6.91035	6.91035e+06	2	4
17.6051	0	1	907	LastDelay	0.903796	903796	1	4
17.6051	0	1	907	FullDelay	6.95905	6.95905e+06	2	4
17.672	0	1	909	LastDelay	0.956977	956977	1	4
17.672	0	1	909	FullDelay	7.01223	7.01223e+06	2	4
17.6819	0	1	910	LastDelay	0.960102	960102	1	4
17.6819	0	1	910	FullDelay	7.01535	7.01535e+06	2	4
17.6993	0	1	911	LastDelay	0.970687	970687	1	4
17.6993	0	1	911	FullDelay	7.02594	7.02594e+06	2	4
17.7268	0	1	912	LastDelay	0.991298	991298	1	4
17.7268	0	1	912	FullDelay	7.04655	7.04655e+06	2	4
18.0924	0	1	913	LastDelay	1.3501	1.3501e+06	1	4
18.0924	0	1	913	FullDelay	7.40535	7.40535e+06	2	4
18.1247	0	1	914	LastDelay	1.37559	1.37559e+06	1	4
18.1247	0	1	914	FullDelay	7.43084	7.43084e+06	2	4
18.1597	0	1	915	LastDelay	1.40375	1.40375e+06	1	4
18.1597	0	1	915	FullDelay	7.45901	7.45901e+06	2	4
18.1695	0	1	916	LastDelay	1.40673	1.40673e+06	1	4
18.1695	0	1	916	FullDelay	7.46199	7.46199e+06	2	4
18.1973	0	1	917	LastDelay	1.42768	1.42768e+06	1	4
18.1973	0	1	917	FullDelay	7.48294	7.48294e+06	2	4
18.2063	0	1	918	LastDelay	1.42992	1.42992e+06	1	4
18.2063	0	1	918	FullDelay	7.48517	7.48517e+06	2	4
18.2198	0	1	919	LastDelay	1.43658	1.43658e+06	1	4
18.2198	0	1	919	FullDelay	7.49183	7.49183e+06	2	4
18.2355	0	1	920	LastDelay	1.44538	1.44538e+06	1	4
18.2355	0	1	920	FullDelay	7.50063	7.50063e+06	2	4
18.2445	0	1	921	LastDelay	1.44764	1.44764e+06	1	4
18.2445	0	1	921	FullDelay	7.50289	7.50289e+06	2	4
18.2884	0	1	924	LastDelay	1.47097	1.47097e+06	1	4
18.2884	0	1	924	FullDelay	7.52623	7.52623e+06	2	4
18.3115	0	1	925	LastDelay	1.48733	1.48733e+06	1	4
18.3115	0	1	925	FullDelay	7.54258	7.54258e+06	2	4
18.3224	0	1	926	LastDelay	1.4914	1.4914e+06	1	4
18.3224	0	1	926	FullDelay	7.54665	7.54665e+06	2	4
18.3325	0	1	927	LastDelay	1.49465	1.49465e+06	1	4
18.3325	0	1	927	FullDelay	7.5499	7.5499e+06	2	4
18.3846	0	1	929	LastDelay	1.53313	1.53313e+06	1	4
18.3846	0	1	929	FullDelay	7.58838	7.58838e+06	2	4
18.3954	0	1	930	LastDelay	1.53708	1.53708e+06	1	4
18.3954	0	1	930	FullDelay	7.59234	7.59234e+06	2	4
18.4318	0	1	932	LastDelay	1.55975	1.55975e+06	1	4
18.4318	0	1	932	FullDelay	7.61501	7.61501e+06	2	4
18.5029	0	1	934	LastDelay	1.61728	1.61728e+06	1	4
18.5029	0	1	934	FullDelay	7.67253	7.67253e+06	2	4
18.5129	0	1	935	LastDelay	1.62038	1.62038e+06	1	4
18.5129	0	1	935	FullDelay	7.67564	7.67564e+06	2	4
18.5254	0	1	936	LastDelay	1.62607	1.62607e+06	1	4
18.5254	0	1	936	FullDelay	7.68132	7.68132e+06	2	4
18.5786	0	1	939	LastDelay	1.65883	1.65883e+06	1	4
18.5786	0	1	939	FullDelay	7.71408	7.71408e+06	2	4
18.6151	0	1	940	LastDelay	1.68847	1.68847e+06	1	4
18.6151	0	1	940	FullDelay	7.74372	7.74372e+06	2	4
18.64	0	1	941	LastDelay	1.7066	1.7066e+06	1	4
18.64	0	1	941	FullDelay	7.76185	7.76185e+06	2	4
18.6543	0	1	942	LastDelay	1.71404	1.71404e+06	1	4
18.6543	0	1	942	FullDelay	7.76929	7.76929e+06	2	4
18.6828	0	1	944	LastDelay	1.7289	1.7289e+06	1	4
18.6828	0	1	944	FullDelay	7.78415	7.78415e+06	2	4
18.7072	0	1	945	LastDelay	1.74648	1.74648e+06	1	4
18.7072	0	1	945	FullDelay	7.80174	7.80174e+06	2	4
18.7345	0	1	947	LastDelay	1.76005	1.76005e+06	1	4
18.7345	0	1	947	FullDelay	7.81531	7.81531e+06	2	4
18.7584	0	1	948	LastDelay	1.77719	1.77719e+06	1	4
18.7584	0	1	948	FullDelay	7.83245	7.83245e+06	2	4
18.7718	0	1	949	LastDelay	1.78373	1.78373e+06	1	4
18.7718	0	1	949	FullDelay	7.83898	7.83898e+06	2	4
18.8065	0	1	951	LastDelay	1.80481	1.80481e+06	1	4
18.8065	0	1	951	FullDelay	7.86006	7.86006e+06	2	4
18.8208	0	1	952	LastDelay	1.81229	1.81229e+06	1	4
18.8208	0	1	952	FullDelay	7.86754	7.86754e+06	2	4
18.8316	0	1	953	LastDelay	1.81628	1.81628e+06	1	4
18.8316	0	1	953	FullDelay	7.87154	7.87154e+06	2	4
18.8673	0	1	954	LastDelay	1.84513	1.84513e+06	1	4
18.8673	0	1	954	FullDelay	7.90039	7.90039e+06	2	4
18.8848	0	1	955	LastDelay	1.8558	1.8558e+06	1	4
18.8848	0	1	955	FullDelay	7.91105	7.91105e+06	2	4
18.8975	0	1	956	LastDelay	1.86164	1.86164e+06	1	4
18.8975	0	1	956	FullDelay	7.9169	7.9169e+06	2	4
18.9066	0	1	957	LastDelay	1.8639	1.8639e+06	1	4
18.9066	0	1	957	FullDelay	7.91916	7.91916e+06	2	4
18.9398	0	1	958	LastDelay	1.89031	1.89031e+06	1	4
18.9398	0	1	958	FullDelay	7.94556	7.94556e+06	2	4
18.9674	0	1	959	LastDelay	1.91109	1.91109e+06	1	4
18.9674	0	1	959	FullDelay	7.96634	7.96634e+06	2	4
18.9839	0	1	960	LastDelay	1.92072	1.92072e+06	1	4
18.9839	0	1	960	FullDelay	7.97597	7.97597e+06	2	4
19.0082	0	1	962	LastDelay	1.93135	1.93135e+06	1	4
19.0082	0	1	962	FullDelay	7.98661	7.98661e+06	2	4
19.0199	0	1	963	LastDelay	1.93631	1.93631e+06	1	4
19.0199	0	1	963	FullDelay	7.99156	7.99156e+06	2	4
19.04	0	1	964	LastDelay	1.94958	1.94958e+06	1	4
19.04	0	1	964	FullDelay	8.00483	8.00483e+06	2	4
19.0541	0	1	965	LastDelay	1.9568	1.9568e+06	1	4
19.0541	0	1	965	FullDelay	8.01205	8.01205e+06	2	4
19.0699	0	1	966	LastDelay	1.96584	1.96584e+06	1	4
19.0699	0	1	966	FullDelay	8.02109	8.02109e+06	2	4
19.079	0	1	967	LastDelay	1.96812	1.96812e+06	1	4
19.079	0	1	967	FullDelay	8.02337	8.02337e+06	2	4
19.0915	0	1	968	LastDelay	1.97374	1.97374e+06	1	4
19.0915	0	1	968	FullDelay	8.02899	8.02899e+06	2	4
19.104	0	1	969	LastDelay	1.97946	1.97946e+06	1	4
19.104	0	1	969	FullDelay	8.03471	8.03471e+06	2	4
19.1245	0	1	970	LastDelay	1.99305	1.99305e+06	1	4
19.1245	0	1	970	FullDelay	8.0483	8.0483e+06	2	4
