Time	Node	AppId	SeqNo	Type	DelayS	DelayUS	RetxCount	HopCount
1.02468	0	1	0	LastDelay	0.0246835	24683.5	1	4
1.02468	0	1	0	FullDelay	0.0246835	24683.5	1	4
1.04282	0	1	1	LastDelay	0.0359884	35988.4	1	4
1.04282	0	1	1	FullDelay	0.0359884	35988.4	1	4
1.06408	0	1	2	LastDelay	0.0504247	50424.7	1	4
1.06408	0	1	2	FullDelay	0.0504247	50424.7	1	4
1.09492	0	1	4	LastDelay	0.0676118	67611.8	1	4
1.09492	0	1	4	FullDelay	0.0676118	67611.8	1	4
1.11373	0	1	5	LastDelay	0.0795992	79599.2	1	4
1.11373	0	1	5	FullDelay	0.0795992	79599.2	1	4
1.14148	0	1	7	LastDelay	0.0936933	93693.3	1	4
1.14148	0	1	7	FullDelay	0.0936933	93693.3	1	4
1.15568	0	1	8	LastDelay	0.101068	101068	1	4
1.15568	0	1	8	FullDelay	0.101068	101068	1	4
1.19077	0	1	10	LastDelay	0.122507	122507	1	4
1.19077	0	1	10	FullDelay	0.122507	122507	1	4
1.20591	0	1	11	LastDelay	0.130816	130816	1	4
1.20591	0	1	11	FullDelay	0.130816	130816	1	4
1.22068	0	1	12	LastDelay	0.138764	138764	1	4
1.22068	0	1	12	FullDelay	0.138764	138764	1	4
1.2373	0	1	13	LastDelay	0.148552	148552	1	4
1.2373	0	1	13	FullDelay	0.148552	148552	1	4
1.26174	0	1	14	LastDelay	0.166163	166163	1	4
1.26174	0	1	14	FullDelay	0.166163	166163	1	4
1.27903	0	1	15	LastDelay	0.176626	176626	1	4
1.27903	0	1	15	FullDelay	0.176626	176626	1	4
1.289	0	1	16	LastDelay	0.179775	179775	1	4
1.289	0	1	16	FullDelay	0.179775	179775	1	4
1.31076	0	1	17	LastDelay	0.19471	194710	1	4
1.31076	0	1	17	FullDelay	0.19471	194710	1	4
1.31984	0	1	18	LastDelay	0.196961	196961	1	4
1.31984	0	1	18	FullDelay	0.196961	196961	1	4
1.33869	0	1	19	LastDelay	0.208983	208983	1	4
1.33869	0	1	19	FullDelay	0.208983	208983	1	4
1.36739	0	1	20	LastDelay	0.230853	230853	1	4
1.36739	0	1	20	FullDelay	0.230853	230853	1	4
1.3773	0	1	21	LastDelay	0.233943	233943	1	4
1.3773	0	1	21	FullDelay	0.233943	233943	1	4
1.39555	0	1	22	LastDelay	0.245365	245365	1	4
1.39555	0	1	22	FullDelay	0.245365	245365	1	4
1.43139	0	1	24	LastDelay	0.267548	267548	1	4
1.43139	0	1	24	FullDelay	0.267548	267548	1	4
1.4546	0	1	25	LastDelay	0.28393	283930	1	4
1.4546	0	1	25	FullDelay	0.28393	283930	1	4
1.46877	0	1	26	LastDelay	0.291276	291276	1	4
1.46877	0	1	26	FullDelay	0.291276	291276	1	4
1.49272	0	1	27	LastDelay	0.308396	308396	1	4
1.49272	0	1	27	FullDelay	0.308396	308396	1	4
1.55532	0	1	30	LastDelay	0.350519	350519	1	4
1.55532	0	1	30	FullDelay	0.350519	350519	1	4
1.5655	0	1	31	LastDelay	0.35387	353870	1	4
1.5655	0	1	31	FullDelay	0.35387	353870	1	4
1.61358	0	1	34	LastDelay	0.381472	381472	1	4
1.61358	0	1	34	FullDelay	0.381472	381472	1	4
1.62354	0	1	35	LastDelay	0.384602	384602	1	4
1.62354	0	1	35	FullDelay	0.384602	384602	1	4
1.65482	0	1	36	LastDelay	0.409061	409061	1	4
1.65482	0	1	36	FullDelay	0.409061	409061	1	4
1.67222	0	1	37	LastDelay	0.419632	419632	1	4
1.67222	0	1	37	FullDelay	0.419632	419632	1	4
1.68245	0	1	38	LastDelay	0.423039	423039	1	4
1.68245	0	1	38	FullDelay	0.423039	423039	1	4
1.72191	0	1	40	LastDelay	0.448839	448839	1	4
1.72191	0	1	40	FullDelay	0.448839	448839	1	4
1.73372	0	1	41	LastDelay	0.453826	453826	1	4
1.73372	0	1	41	FullDelay	0.453826	453826	1	4
1.75872	0	1	42	LastDelay	0.472001	472001	1	4
1.75872	0	1	42	FullDelay	0.472001	472001	1	4
1.78203	0	1	44	LastDelay	0.48166	481660	1	4
1.78203	0	1	44	FullDelay	0.48166	481660	1	4
1.79383	0	1	45	LastDelay	0.486628	486628	1	4
1.79383	0	1	45	FullDelay	0.486628	486628	1	4
1.80601	0	1	46	LastDelay	0.491979	491979	1	4
1.80601	0	1	46	FullDelay	0.491979	491979	1	4
1.83313	0	1	47	LastDelay	0.512279	512279	1	4
1.83313	0	1	47	FullDelay	0.512279	512279	1	4
1.84223	0	1	48	LastDelay	0.51455	514550	1	4
1.84223	0	1	48	FullDelay	0.51455	514550	1	4
1.89292	0	1	50	LastDelay	0.551585	551585	1	4
1.89292	0	1	50	FullDelay	0.551585	551585	1	4
1.90459	0	1	51	LastDelay	0.556433	556433	1	4
1.90459	0	1	51	FullDelay	0.556433	556433	1	4
1.92049	0	1	52	LastDelay	0.565503	565503	1	4
1.92049	0	1	52	FullDelay	0.565503	565503	1	4
1.93248	0	1	53	LastDelay	0.570667	570667	1	4
1.93248	0	1	53	FullDelay	0.570667	570667	1	4
1.94187	0	1	54	LastDelay	0.573234	573234	1	4
1.94187	0	1	54	FullDelay	0.573234	573234	1	4
1.95938	0	1	55	LastDelay	0.583911	583911	1	4
1.95938	0	1	55	FullDelay	0.583911	583911	1	4
2.00052	0	1	56	LastDelay	0.618222	618222	1	4
2.00052	0	1	56	FullDelay	0.618222	618222	1	4
2.01113	0	1	57	LastDelay	0.622014	622014	1	4
2.01113	0	1	57	FullDelay	0.622014	622014	1	4
2.04097	0	1	59	LastDelay	0.638201	638201	1	4
2.04097	0	1	59	FullDelay	0.638201	638201	1	4
2.07648	0	1	61	LastDelay	0.660055	660055	1	4
2.07648	0	1	61	FullDelay	0.660055	660055	1	4
2.0864	0	1	62	LastDelay	0.663146	663146	1	4
2.0864	0	1	62	FullDelay	0.663146	663146	1	4
2.09636	0	1	63	LastDelay	0.666275	666275	1	4
2.09636	0	1	63	FullDelay	0.666275	666275	1	4
2.10719	0	1	64	LastDelay	0.670284	670284	1	4
2.10719	0	1	64	FullDelay	0.670284	670284	1	4
2.1399	0	1	65	LastDelay	0.696165	696165	1	4
2.1399	0	1	65	FullDelay	0.696165	696165	1	4
2.16198	0	1	66	LastDelay	0.711418	711418	1	4
2.16198	0	1	66	FullDelay	0.711418	711418	1	4
2.17395	0	1	67	LastDelay	0.71656	716560	1	4
2.17395	0	1	67	FullDelay	0.71656	716560	1	4
2.1897	0	1	68	LastDelay	0.72549	725490	1	4
2.1897	0	1	68	FullDelay	0.72549	725490	1	4
2.22093	0	1	69	LastDelay	0.749894	749894	1	4
2.22093	0	1	69	FullDelay	0.749894	749894	1	4
2.23328	0	1	70	LastDelay	0.755409	755409	1	4
2.23328	0	1	70	FullDelay	0.755409	755409	1	4
2.24747	0	1	71	LastDelay	0.762774	762774	1	4
2.24747	0	1	71	FullDelay	0.762774	762774	1	4
2.27304	0	1	72	LastDelay	0.78152	781520	1	4
2.27304	0	1	72	FullDelay	0.78152	781520	1	4
2.29166	0	1	73	LastDelay	0.793318	793318	1	4
2.29166	0	1	73	FullDelay	0.793318	793318	1	4
2.31563	0	1	74	LastDelay	0.810457	810457	1	4
2.31563	0	1	74	FullDelay	0.810457	810457	1	4
2.33051	0	1	75	LastDelay	0.818507	818507	1	4
2.33051	0	1	75	FullDelay	0.818507	818507	1	4
2.34591	0	1	76	LastDelay	0.827084	827084	1	4
2.34591	0	1	76	FullDelay	0.827084	827084	1	4
2.37189	0	1	77	LastDelay	0.846235	846235	1	4
2.37189	0	1	77	FullDelay	0.846235	846235	1	4
2.38557	0	1	78	LastDelay	0.853092	853092	1	4
2.38557	0	1	78	FullDelay	0.853092	853092	1	4
2.39846	0	1	79	LastDelay	0.859151	859151	1	4
2.39846	0	1	79	FullDelay	0.859151	859151	1	4
2.45803	0	1	80	LastDelay	0.911896	911896	1	4
2.45803	0	1	80	FullDelay	0.911896	911896	1	4
2.47578	0	1	81	LastDelay	0.922817	922817	1	4
2.47578	0	1	81	FullDelay	0.922817	922817	1	4
2.48662	0	1	82	LastDelay	0.926833	926833	1	4
2.48662	0	1	82	FullDelay	0.926833	926833	1	4
2.51402	0	1	83	LastDelay	0.947404	947404	1	4
2.51402	0	1	83	FullDelay	0.947404	947404	1	4
2.54108	0	1	84	LastDelay	0.967643	967643	1	4
2.54108	0	1	84	FullDelay	0.967643	967643	1	4
2.5526	0	1	85	LastDelay	0.972334	972334	1	4
2.5526	0	1	85	FullDelay	0.972334	972334	1	4
2.57684	0	1	86	LastDelay	0.989743	989743	1	4
2.57684	0	1	86	FullDelay	0.989743	989743	1	4
2.61464	0	1	87	LastDelay	1.02072	1.02072e+06	1	4
2.61464	0	1	87	FullDelay	1.02072	1.02072e+06	1	4
2.62831	0	1	88	LastDelay	1.02756	1.02756e+06	1	4
2.62831	0	1	88	FullDelay	1.02756	1.02756e+06	1	4
2.65403	0	1	90	LastDelay	1.03963	1.03963e+06	1	4
2.65403	0	1	90	FullDelay	1.03963	1.03963e+06	1	4
2.67457	0	1	91	LastDelay	1.05334	1.05334e+06	1	4
2.67457	0	1	91	FullDelay	1.05334	1.05334e+06	1	4
2.69098	0	1	92	LastDelay	1.06292	1.06292e+06	1	4
2.69098	0	1	92	FullDelay	1.06292	1.06292e+06	1	4
2.71701	0	1	94	LastDelay	1.0753	1.0753e+06	1	4
2.71701	0	1	94	FullDelay	1.0753	1.0753e+06	1	4
2.77377	0	1	97	LastDelay	1.11159	1.11159e+06	1	4
2.77377	0	1	97	FullDelay	1.11159	1.11159e+06	1	4
2.78285	0	1	98	LastDelay	1.11384	1.11384e+06	1	4
2.78285	0	1	98	FullDelay	1.11384	1.11384e+06	1	4
2.801	0	1	99	LastDelay	1.12516	1.12516e+06	1	4
2.801	0	1	99	FullDelay	1.12516	1.12516e+06	1	4
2.84802	0	1	101	LastDelay	1.15853	1.15853e+06	1	4
2.84802	0	1	101	FullDelay	1.15853	1.15853e+06	1	4
2.85995	0	1	102	LastDelay	1.16363	1.16363e+06	1	4
2.85995	0	1	102	FullDelay	1.16363	1.16363e+06	1	4
2.88027	0	1	103	LastDelay	1.17712	1.17712e+06	1	4
2.88027	0	1	103	FullDelay	1.17712	1.17712e+06	1	4
2.89937	0	1	105	LastDelay	1.18257	1.18257e+06	1	4
2.89937	0	1	105	FullDelay	1.18257	1.18257e+06	1	4
2.92427	0	1	106	LastDelay	1.20065	1.20065e+06	1	4
2.92427	0	1	106	FullDelay	1.20065	1.20065e+06	1	4
2.94392	0	1	107	LastDelay	1.21346	1.21346e+06	1	4
2.94392	0	1	107	FullDelay	1.21346	1.21346e+06	1	4
2.95568	0	1	108	LastDelay	1.2184	1.2184e+06	1	4
2.95568	0	1	108	FullDelay	1.2184	1.2184e+06	1	4
3.01919	0	1	110	LastDelay	1.26826	1.26826e+06	1	4
3.01919	0	1	110	FullDelay	1.26826	1.26826e+06	1	4
3.03348	0	1	111	LastDelay	1.27572	1.27572e+06	1	4
3.03348	0	1	111	FullDelay	1.27572	1.27572e+06	1	4
3.07294	0	1	113	LastDelay	1.30153	1.30153e+06	1	4
3.07294	0	1	113	FullDelay	1.30153	1.30153e+06	1	4
3.08383	0	1	114	LastDelay	1.30559	1.30559e+06	1	4
3.08383	0	1	114	FullDelay	1.30559	1.30559e+06	1	4
3.09289	0	1	115	LastDelay	1.30783	1.30783e+06	1	4
3.09289	0	1	115	FullDelay	1.30783	1.30783e+06	1	4
3.1145	0	1	116	LastDelay	1.32261	1.32261e+06	1	4
3.1145	0	1	116	FullDelay	1.32261	1.32261e+06	1	4
3.14146	0	1	118	LastDelay	1.33592	1.33592e+06	1	4
3.14146	0	1	118	FullDelay	1.33592	1.33592e+06	1	4
3.16201	0	1	119	LastDelay	1.34964	1.34964e+06	1	4
3.16201	0	1	119	FullDelay	1.34964	1.34964e+06	1	4
3.17717	0	1	120	LastDelay	1.35797	1.35797e+06	1	4
3.17717	0	1	120	FullDelay	1.35797	1.35797e+06	1	4
3.19338	0	1	121	LastDelay	1.36736	1.36736e+06	1	4
3.19338	0	1	121	FullDelay	1.36736	1.36736e+06	1	4
3.20603	0	1	122	LastDelay	1.37318	1.37318e+06	1	4
3.20603	0	1	122	FullDelay	1.37318	1.37318e+06	1	4
3.25073	0	1	125	LastDelay	1.3974	1.3974e+06	1	4
3.25073	0	1	125	FullDelay	1.3974	1.3974e+06	1	4
3.2978	0	1	126	LastDelay	1.43764	1.43764e+06	1	4
3.2978	0	1	126	FullDelay	1.43764	1.43764e+06	1	4
3.31455	0	1	127	LastDelay	1.44757	1.44757e+06	1	4
3.31455	0	1	127	FullDelay	1.44757	1.44757e+06	1	4
3.32367	0	1	128	LastDelay	1.44986	1.44986e+06	1	4
3.32367	0	1	128	FullDelay	1.44986	1.44986e+06	1	4
3.33575	0	1	129	LastDelay	1.45511	1.45511e+06	1	4
3.33575	0	1	129	FullDelay	1.45511	1.45511e+06	1	4
3.37066	0	1	130	LastDelay	1.4832	1.4832e+06	1	4
3.37066	0	1	130	FullDelay	1.4832	1.4832e+06	1	4
3.38568	0	1	131	LastDelay	1.49139	1.49139e+06	1	4
3.38568	0	1	131	FullDelay	1.49139	1.49139e+06	1	4
3.4104	0	1	132	LastDelay	1.50245	1.50245e+06	1	4
3.4104	0	1	132	FullDelay	1.50245	1.50245e+06	1	4
3.4373	0	1	134	LastDelay	1.5157	1.5157e+06	1	4
3.4373	0	1	134	FullDelay	1.5157	1.5157e+06	1	4
3.46695	0	1	136	LastDelay	1.53169	1.53169e+06	1	4
3.46695	0	1	136	FullDelay	1.53169	1.53169e+06	1	4
3.48371	0	1	137	LastDelay	1.54163	1.54163e+06	1	4
3.48371	0	1	137	FullDelay	1.54163	1.54163e+06	1	4
3.49906	0	1	6	LastDelay	1.54332	1.54332e+06	1	2
3.49906	0	1	6	FullDelay	2.4581	2.4581e+06	2	2
3.51249	0	1	138	LastDelay	1.56358	1.56358e+06	1	4
3.51249	0	1	138	FullDelay	1.56358	1.56358e+06	1	4
3.53919	0	1	139	LastDelay	1.57663	1.57663e+06	1	4
3.53919	0	1	139	FullDelay	1.57663	1.57663e+06	1	4
3.58568	0	1	142	LastDelay	1.60264	1.60264e+06	1	4
3.58568	0	1	142	FullDelay	1.60264	1.60264e+06	1	4
3.61486	0	1	143	LastDelay	1.625	1.625e+06	1	4
3.61486	0	1	143	FullDelay	1.625	1.625e+06	1	4
3.6389	0	1	9	LastDelay	1.63538	1.63538e+06	1	2
3.6389	0	1	9	FullDelay	2.57746	2.57746e+06	2	2
3.65974	0	1	144	LastDelay	1.66305	1.66305e+06	1	4
3.65974	0	1	144	FullDelay	1.66305	1.66305e+06	1	4
3.67238	0	1	145	LastDelay	1.66203	1.66203e+06	1	4
3.67238	0	1	145	FullDelay	1.66203	1.66203e+06	1	4
3.68542	0	1	146	LastDelay	1.66824	1.66824e+06	1	4
3.68542	0	1	146	FullDelay	1.66824	1.66824e+06	1	4
3.71554	0	1	147	LastDelay	1.69154	1.69154e+06	1	4
3.71554	0	1	147	FullDelay	1.69154	1.69154e+06	1	4
3.74072	0	1	149	LastDelay	1.70306	1.70306e+06	1	4
3.74072	0	1	149	FullDelay	1.70306	1.70306e+06	1	4
3.75416	0	1	150	LastDelay	1.70968	1.70968e+06	1	4
3.75416	0	1	150	FullDelay	1.70968	1.70968e+06	1	4
3.7659	0	1	151	LastDelay	1.71459	1.71459e+06	1	4
3.7659	0	1	151	FullDelay	1.71459	1.71459e+06	1	4
3.77499	0	1	152	LastDelay	1.71686	1.71686e+06	1	4
3.77499	0	1	152	FullDelay	1.71686	1.71686e+06	1	4
3.8094	0	1	154	LastDelay	1.73761	1.73761e+06	1	4
3.8094	0	1	154	FullDelay	1.73761	1.73761e+06	1	4
3.82053	0	1	155	LastDelay	1.74192	1.74192e+06	1	4
3.82053	0	1	155	FullDelay	1.74192	1.74192e+06	1	4
3.83615	0	1	156	LastDelay	1.75071	1.75071e+06	1	4
3.83615	0	1	156	FullDelay	1.75071	1.75071e+06	1	4
3.86114	0	1	157	LastDelay	1.76887	1.76887e+06	1	4
3.86114	0	1	157	FullDelay	1.76887	1.76887e+06	1	4
3.88881	0	1	159	LastDelay	1.78289	1.78289e+06	1	4
3.88881	0	1	159	FullDelay	1.78289	1.78289e+06	1	4
3.90143	0	1	160	LastDelay	1.78868	1.78868e+06	1	4
3.90143	0	1	160	FullDelay	1.78868	1.78868e+06	1	4
3.91573	0	1	161	LastDelay	1.79616	1.79616e+06	1	4
3.91573	0	1	161	FullDelay	1.79616	1.79616e+06	1	4
3.95017	0	1	162	LastDelay	1.82377	1.82377e+06	1	4
3.95017	0	1	162	FullDelay	1.82377	1.82377e+06	1	4
3.97325	0	1	164	LastDelay	1.83319	1.83319e+06	1	4
3.97325	0	1	164	FullDelay	1.83319	1.83319e+06	1	4
3.99402	0	1	166	LastDelay	1.84031	1.84031e+06	1	4
3.99402	0	1	166	FullDelay	1.84031	1.84031e+06	1	4
4.03471	0	1	168	LastDelay	1.86735	1.86735e+06	1	4
4.03471	0	1	168	FullDelay	1.86735	1.86735e+06	1	4
4.0481	0	1	169	LastDelay	1.87391	1.87391e+06	1	4
4.0481	0	1	169	FullDelay	1.87391	1.87391e+06	1	4
4.05895	0	1	170	LastDelay	1.87794	1.87794e+06	1	4
4.05895	0	1	170	FullDelay	1.87794	1.87794e+06	1	4
4.07163	0	1	171	LastDelay	1.88379	1.88379e+06	1	4
4.07163	0	1	171	FullDelay	1.88379	1.88379e+06	1	4
4.10533	0	1	23	LastDelay	1.90383	1.90383e+06	1	2
4.10533	0	1	23	FullDelay	2.94831	2.94831e+06	2	2
4.13202	0	1	173	LastDelay	1.9237	1.9237e+06	1	4
4.13202	0	1	173	FullDelay	1.9237	1.9237e+06	1	4
4.15729	0	1	174	LastDelay	1.94214	1.94214e+06	1	4
4.15729	0	1	174	FullDelay	1.94214	1.94214e+06	1	4
4.17397	0	1	175	LastDelay	1.952	1.952e+06	1	4
4.17397	0	1	175	FullDelay	1.952	1.952e+06	1	4
4.19509	0	1	176	LastDelay	1.96629	1.96629e+06	1	4
4.19509	0	1	176	FullDelay	1.96629	1.96629e+06	1	4
4.21034	0	1	177	LastDelay	1.97472	1.97472e+06	1	4
4.21034	0	1	177	FullDelay	1.97472	1.97472e+06	1	4
4.22899	0	1	178	LastDelay	1.98653	1.98653e+06	1	4
4.22899	0	1	178	FullDelay	1.98653	1.98653e+06	1	4
4.23978	0	1	179	LastDelay	1.9905	1.9905e+06	1	4
4.23978	0	1	179	FullDelay	1.9905	1.9905e+06	1	4
4.25497	0	1	180	LastDelay	1.99886	1.99886e+06	1	4
4.25497	0	1	180	FullDelay	1.99886	1.99886e+06	1	4
4.27027	0	1	181	LastDelay	2.00734	2.00734e+06	1	4
4.27027	0	1	181	FullDelay	2.00734	2.00734e+06	1	4
4.27933	0	1	182	LastDelay	2.00957	2.00957e+06	1	4
4.27933	0	1	182	FullDelay	2.00957	2.00957e+06	1	4
4.30395	0	1	183	LastDelay	2.02737	2.02737e+06	1	4
4.30395	0	1	183	FullDelay	2.02737	2.02737e+06	1	4
4.34796	0	1	186	LastDelay	2.0509	2.0509e+06	1	4
4.34796	0	1	186	FullDelay	2.0509	2.0509e+06	1	4
4.41354	0	1	187	LastDelay	2.09599	2.09599e+06	1	4
4.41354	0	1	187	FullDelay	2.09599	2.09599e+06	1	4
4.43412	0	1	188	LastDelay	2.10975	2.10975e+06	1	4
4.43412	0	1	188	FullDelay	2.10975	2.10975e+06	1	4
4.44501	0	1	189	LastDelay	2.11381	2.11381e+06	1	4
4.44501	0	1	189	FullDelay	2.11381	2.11381e+06	1	4
4.46416	0	1	190	LastDelay	2.12613	2.12613e+06	1	4
4.46416	0	1	190	FullDelay	2.12613	2.12613e+06	1	4
4.47584	0	1	191	LastDelay	2.13098	2.13098e+06	1	4
4.47584	0	1	191	FullDelay	2.13098	2.13098e+06	1	4
4.51149	0	1	192	LastDelay	2.15981	2.15981e+06	1	4
4.51149	0	1	192	FullDelay	2.15981	2.15981e+06	1	4
4.56881	0	1	194	LastDelay	2.20348	2.20348e+06	1	4
4.56881	0	1	194	FullDelay	2.20348	2.20348e+06	1	4
4.59822	0	1	195	LastDelay	2.22606	2.22606e+06	1	4
4.59822	0	1	195	FullDelay	2.22606	2.22606e+06	1	4
4.61499	0	1	196	LastDelay	2.236	2.236e+06	1	4
4.61499	0	1	196	FullDelay	2.236	2.236e+06	1	4
4.62679	0	1	197	LastDelay	2.24098	2.24098e+06	1	4
4.62679	0	1	197	FullDelay	2.24098	2.24098e+06	1	4
4.63764	0	1	198	LastDelay	2.245	2.245e+06	1	4
4.63764	0	1	198	FullDelay	2.245	2.245e+06	1	4
4.64769	0	1	199	LastDelay	2.24822	2.24822e+06	1	4
4.64769	0	1	199	FullDelay	2.24822	2.24822e+06	1	4
4.67775	0	1	200	LastDelay	2.25781	2.25781e+06	1	4
4.67775	0	1	200	FullDelay	2.25781	2.25781e+06	1	4
4.68856	0	1	201	LastDelay	2.26179	2.26179e+06	1	4
4.68856	0	1	201	FullDelay	2.26179	2.26179e+06	1	4
4.72012	0	1	202	LastDelay	2.28652	2.28652e+06	1	4
4.72012	0	1	202	FullDelay	2.28652	2.28652e+06	1	4
4.74172	0	1	203	LastDelay	2.3013	2.3013e+06	1	4
4.74172	0	1	203	FullDelay	2.3013	2.3013e+06	1	4
4.75167	0	1	204	LastDelay	2.30442	2.30442e+06	1	4
4.75167	0	1	204	FullDelay	2.30442	2.30442e+06	1	4
4.76664	0	1	205	LastDelay	2.31256	2.31256e+06	1	4
4.76664	0	1	205	FullDelay	2.31256	2.31256e+06	1	4
4.78257	0	1	206	LastDelay	2.32167	2.32167e+06	1	4
4.78257	0	1	206	FullDelay	2.32167	2.32167e+06	1	4
4.81719	0	1	208	LastDelay	2.34263	2.34263e+06	1	4
4.81719	0	1	208	FullDelay	2.34263	2.34263e+06	1	4
4.84976	0	1	209	LastDelay	2.36837	2.36837e+06	1	4
4.84976	0	1	209	FullDelay	2.36837	2.36837e+06	1	4
4.88465	0	1	210	LastDelay	2.39644	2.39644e+06	1	4
4.88465	0	1	210	FullDelay	2.39644	2.39644e+06	1	4
4.89637	0	1	211	LastDelay	2.40133	2.40133e+06	1	4
4.89637	0	1	211	FullDelay	2.40133	2.40133e+06	1	4
4.91857	0	1	212	LastDelay	2.41671	2.41671e+06	1	4
4.91857	0	1	212	FullDelay	2.41671	2.41671e+06	1	4
4.93055	0	1	213	LastDelay	2.42186	2.42186e+06	1	4
4.93055	0	1	213	FullDelay	2.42186	2.42186e+06	1	4
4.94683	0	1	214	LastDelay	2.43131	2.43131e+06	1	4
4.94683	0	1	214	FullDelay	2.43131	2.43131e+06	1	4
4.96527	0	1	215	LastDelay	2.44293	2.44293e+06	1	4
4.96527	0	1	215	FullDelay	2.44293	2.44293e+06	1	4
4.97851	0	1	216	LastDelay	2.44934	2.44934e+06	1	4
4.97851	0	1	216	FullDelay	2.44934	2.44934e+06	1	4
5.0227	0	1	219	LastDelay	2.47305	2.47305e+06	1	4
5.0227	0	1	219	FullDelay	2.47305	2.47305e+06	1	4
5.03176	0	1	220	LastDelay	2.47528	2.47528e+06	1	4
5.03176	0	1	220	FullDelay	2.47528	2.47528e+06	1	4
5.12684	0	1	222	LastDelay	2.55671	2.55671e+06	1	4
5.12684	0	1	222	FullDelay	2.55671	2.55671e+06	1	4
5.14726	0	1	223	LastDelay	2.5703	2.5703e+06	1	4
5.14726	0	1	223	FullDelay	2.5703	2.5703e+06	1	4
5.18176	0	1	225	LastDelay	2.59115	2.59115e+06	1	4
5.18176	0	1	225	FullDelay	2.59115	2.59115e+06	1	4
5.19912	0	1	226	LastDelay	2.60168	2.60168e+06	1	4
5.19912	0	1	226	FullDelay	2.60168	2.60168e+06	1	4
5.21262	0	1	227	LastDelay	2.60835	2.60835e+06	1	4
5.21262	0	1	227	FullDelay	2.60835	2.60835e+06	1	4
5.22168	0	1	228	LastDelay	2.61059	2.61059e+06	1	4
5.22168	0	1	228	FullDelay	2.61059	2.61059e+06	1	4
5.23881	0	1	229	LastDelay	2.62089	2.62089e+06	1	4
5.23881	0	1	229	FullDelay	2.62089	2.62089e+06	1	4
5.24914	0	1	230	LastDelay	2.62439	2.62439e+06	1	4
5.24914	0	1	230	FullDelay	2.62439	2.62439e+06	1	4
5.29324	0	1	232	LastDelay	2.65484	2.65484e+06	1	4
5.29324	0	1	232	FullDelay	2.65484	2.65484e+06	1	4
5.31673	0	1	233	LastDelay	2.6715	2.6715e+06	1	4
5.31673	0	1	233	FullDelay	2.6715	2.6715e+06	1	4
5.35665	0	1	236	LastDelay	2.69094	2.69094e+06	1	4
5.35665	0	1	236	FullDelay	2.69094	2.69094e+06	1	4
5.38683	0	1	237	LastDelay	2.7143	2.7143e+06	1	4
5.38683	0	1	237	FullDelay	2.7143	2.7143e+06	1	4
7.44839	0	1	892	LastDelay	0.085933	85933	1	4
7.44839	0	1	892	FullDelay	0.085933	85933	1	4
7.47262	0	1	893	LastDelay	0.103343	103343	1	4
7.47262	0	1	893	FullDelay	0.103343	103343	1	4
7.50659	0	1	894	LastDelay	0.130486	130486	1	4
7.50659	0	1	894	FullDelay	0.130486	130486	1	4
7.53756	0	1	895	LastDelay	0.154627	154627	1	4
7.53756	0	1	895	FullDelay	0.154627	154627	1	4
7.60605	0	1	897	LastDelay	0.209464	209464	1	4
7.60605	0	1	897	FullDelay	0.209464	209464	1	4
7.6372	0	1	898	LastDelay	0.233788	233788	1	4
7.6372	0	1	898	FullDelay	0.233788	233788	1	4
7.65648	0	1	899	LastDelay	0.246245	246245	1	4
7.65648	0	1	899	FullDelay	0.246245	246245	1	4
7.71581	0	1	900	LastDelay	0.298745	298745	1	4
7.71581	0	1	900	FullDelay	0.298745	298745	1	4
7.72574	0	1	901	LastDelay	0.30185	301850	1	4
7.72574	0	1	901	FullDelay	0.30185	301850	1	4
7.74148	0	1	902	LastDelay	0.310759	310759	1	4
7.74148	0	1	902	FullDelay	0.310759	310759	1	4
7.76805	0	1	903	LastDelay	0.330502	330502	1	4
7.76805	0	1	903	FullDelay	0.330502	330502	1	4
7.78684	0	1	904	LastDelay	0.342463	342463	1	4
7.78684	0	1	904	FullDelay	0.342463	342463	1	4
7.85555	0	1	905	LastDelay	0.404346	404346	1	4
7.85555	0	1	905	FullDelay	0.404346	404346	1	4
7.8663	0	1	906	LastDelay	0.408273	408273	1	4
7.8663	0	1	906	FullDelay	0.408273	408273	1	4
7.91115	0	1	907	LastDelay	0.446302	446302	1	4
7.91115	0	1	907	FullDelay	0.446302	446302	1	4
7.92484	0	1	908	LastDelay	0.453161	453161	1	4
7.92484	0	1	908	FullDelay	0.453161	453161	1	4
7.9407	0	1	909	LastDelay	0.462194	462194	1	4
7.9407	0	1	909	FullDelay	0.462194	462194	1	4
7.96261	0	1	910	LastDelay	0.477281	477281	1	4
7.96261	0	1	910	FullDelay	0.477281	477281	1	4
7.97762	0	1	911	LastDelay	0.485458	485458	1	4
7.97762	0	1	911	FullDelay	0.485458	485458	1	4
7.98842	0	1	912	LastDelay	0.48943	489430	1	4
7.98842	0	1	912	FullDelay	0.48943	489430	1	4
8.08037	0	1	915	LastDelay	0.560907	560907	1	4
8.08037	0	1	915	FullDelay	0.560907	560907	1	4
8.13429	0	1	916	LastDelay	0.607996	607996	1	4
8.13429	0	1	916	FullDelay	0.607996	607996	1	4
8.15898	0	1	918	LastDelay	0.619031	619031	1	4
8.15898	0	1	918	FullDelay	0.619031	619031	1	4
8.19616	0	1	919	LastDelay	0.649387	649387	1	4
8.19616	0	1	919	FullDelay	0.649387	649387	1	4
8.21685	0	1	920	LastDelay	0.663249	663249	1	4
8.21685	0	1	920	FullDelay	0.663249	663249	1	4
8.2877	0	1	921	LastDelay	0.727273	727273	1	4
8.2877	0	1	921	FullDelay	0.727273	727273	1	4
8.31931	0	1	922	LastDelay	0.752057	752057	1	4
8.31931	0	1	922	FullDelay	0.752057	752057	1	4
8.33452	0	1	923	LastDelay	0.760442	760442	1	4
8.33452	0	1	923	FullDelay	0.760442	760442	1	4
8.35547	0	1	924	LastDelay	0.774567	774567	1	4
8.35547	0	1	924	FullDelay	0.774567	774567	1	4
8.43287	0	1	926	LastDelay	0.838316	838316	1	4
8.43287	0	1	926	FullDelay	0.838316	838316	1	4
8.44641	0	1	927	LastDelay	0.845028	845028	1	4
8.44641	0	1	927	FullDelay	0.845028	845028	1	4
8.48485	0	1	928	LastDelay	0.876638	876638	1	4
8.48485	0	1	928	FullDelay	0.876638	876638	1	4
8.49561	0	1	929	LastDelay	0.88057	880570	1	4
8.49561	0	1	929	FullDelay	0.88057	880570	1	4
8.54818	0	1	930	LastDelay	0.926313	926313	1	4
8.54818	0	1	930	FullDelay	0.926313	926313	1	4
8.5624	0	1	931	LastDelay	0.933709	933709	1	4
8.5624	0	1	931	FullDelay	0.933709	933709	1	4
8.5878	0	1	932	LastDelay	0.95228	952280	1	4
8.5878	0	1	932	FullDelay	0.95228	952280	1	4
8.64536	0	1	933	LastDelay	1.00301	1.00301e+06	1	4
8.64536	0	1	933	FullDelay	1.00301	1.00301e+06	1	4
8.65533	0	1	934	LastDelay	1.00616	1.00616e+06	1	4
8.65533	0	1	934	FullDelay	1.00616	1.00616e+06	1	4
8.66679	0	1	935	LastDelay	1.01079	1.01079e+06	1	4
8.66679	0	1	935	FullDelay	1.01079	1.01079e+06	1	4
8.6944	0	1	936	LastDelay	1.03158	1.03158e+06	1	4
8.6944	0	1	936	FullDelay	1.03158	1.03158e+06	1	4
8.71595	0	1	937	LastDelay	1.0463	1.0463e+06	1	4
8.71595	0	1	937	FullDelay	1.0463	1.0463e+06	1	4
8.73119	0	1	938	LastDelay	1.05471	1.05471e+06	1	4
8.73119	0	1	938	FullDelay	1.05471	1.05471e+06	1	4
8.74916	0	1	939	LastDelay	1.06585	1.06585e+06	1	4
8.74916	0	1	939	FullDelay	1.06585	1.06585e+06	1	4
8.77814	0	1	940	LastDelay	1.08801	1.08801e+06	1	4
8.77814	0	1	940	FullDelay	1.08801	1.08801e+06	1	4
8.78966	0	1	941	LastDelay	1.0927	1.0927e+06	1	4
8.78966	0	1	941	FullDelay	1.0927	1.0927e+06	1	4
8.80366	0	1	942	LastDelay	1.09988	1.09988e+06	1	4
8.80366	0	1	942	FullDelay	1.09988	1.09988e+06	1	4
8.84197	0	1	943	LastDelay	1.13136	1.13136e+06	1	4
8.84197	0	1	943	FullDelay	1.13136	1.13136e+06	1	4
8.8693	0	1	944	LastDelay	1.15186	1.15186e+06	1	4
8.8693	0	1	944	FullDelay	1.15186	1.15186e+06	1	4
8.90882	0	1	945	LastDelay	1.18455	1.18455e+06	1	4
8.90882	0	1	945	FullDelay	1.18455	1.18455e+06	1	4
8.92955	0	1	946	LastDelay	1.19845	1.19845e+06	1	4
8.92955	0	1	946	FullDelay	1.19845	1.19845e+06	1	4
8.93867	0	1	947	LastDelay	1.20075	1.20075e+06	1	4
8.93867	0	1	947	FullDelay	1.20075	1.20075e+06	1	4
8.96831	0	1	948	LastDelay	1.22356	1.22356e+06	1	4
8.96831	0	1	948	FullDelay	1.22356	1.22356e+06	1	4
9.00494	0	1	32	LastDelay	1.25336	1.25336e+06	1	4
9.00494	0	1	32	FullDelay	7.78648	7.78648e+06	3	4
9.0233	0	1	33	LastDelay	1.2649	1.2649e+06	1	4
9.0233	0	1	33	FullDelay	7.79802	7.79802e+06	3	4
9.03633	0	1	39	LastDelay	1.27111	1.27111e+06	1	4
9.03633	0	1	39	FullDelay	7.77009	7.77009e+06	3	4
9.08329	0	1	49	LastDelay	1.30441	1.30441e+06	1	4
9.08329	0	1	49	FullDelay	7.74878	7.74878e+06	3	4
9.10793	0	1	58	LastDelay	1.32222	1.32222e+06	1	4
9.10793	0	1	58	FullDelay	7.71198	7.71198e+06	3	4
9.13316	0	1	60	LastDelay	1.34062	1.34062e+06	1	4
9.13316	0	1	60	FullDelay	7.72356	7.72356e+06	3	4
9.15221	0	1	193	LastDelay	1.35285	1.35285e+06	1	4
9.15221	0	1	193	FullDelay	6.7937	6.7937e+06	2	4
9.16196	0	1	3	LastDelay	1.35577	1.35577e+06	1	4
9.16196	0	1	3	FullDelay	8.14148	8.14148e+06	4	4
9.1719	0	1	89	LastDelay	1.35889	1.35889e+06	1	4
9.1719	0	1	89	FullDelay	7.56433	7.56433e+06	3	4
9.19056	0	1	93	LastDelay	1.37072	1.37072e+06	1	4
9.19056	0	1	93	FullDelay	7.55568	7.55568e+06	3	4
9.20054	0	1	95	LastDelay	1.37387	1.37387e+06	1	4
9.20054	0	1	95	FullDelay	7.55201	7.55201e+06	3	4
9.21405	0	1	96	LastDelay	1.38056	1.38056e+06	1	4
9.21405	0	1	96	FullDelay	7.55869	7.55869e+06	3	4
9.29751	0	1	100	LastDelay	1.45719	1.45719e+06	1	4
9.29751	0	1	100	FullDelay	7.61485	7.61485e+06	3	4
9.3229	0	1	109	LastDelay	1.46893	1.46893e+06	1	4
9.3229	0	1	109	FullDelay	7.57879	7.57879e+06	3	4
9.37712	0	1	117	LastDelay	1.50949	1.50949e+06	1	4
9.37712	0	1	117	FullDelay	7.5784	7.5784e+06	3	4
9.40769	0	1	123	LastDelay	1.53324	1.53324e+06	1	4
9.40769	0	1	123	FullDelay	7.56801	7.56801e+06	3	4
9.42874	0	1	124	LastDelay	1.54746	1.54746e+06	1	4
9.42874	0	1	124	FullDelay	7.58224	7.58224e+06	3	4
9.4552	0	1	207	LastDelay	1.5671	1.5671e+06	1	4
9.4552	0	1	207	FullDelay	6.98747	6.98747e+06	2	4
9.48037	0	1	133	LastDelay	1.57861	1.57861e+06	1	4
9.48037	0	1	133	FullDelay	7.5656	7.5656e+06	3	4
9.50235	0	1	135	LastDelay	1.59377	1.59377e+06	1	4
9.50235	0	1	135	FullDelay	7.57393	7.57393e+06	3	4
9.51141	0	1	140	LastDelay	1.596	1.596e+06	1	4
9.51141	0	1	140	FullDelay	7.54202	7.54202e+06	3	4
9.53723	0	1	141	LastDelay	1.61499	1.61499e+06	1	4
9.53723	0	1	141	FullDelay	7.56101	7.56101e+06	3	4
9.60456	0	1	153	LastDelay	1.66866	1.66866e+06	1	4
9.60456	0	1	153	FullDelay	7.5396	7.5396e+06	3	4
9.73055	0	1	29	LastDelay	1.76735	1.76735e+06	1	4
9.73055	0	1	29	FullDelay	8.53257	8.53257e+06	4	4
9.74554	0	1	165	LastDelay	1.77551	1.77551e+06	1	4
9.74554	0	1	165	FullDelay	7.59866	7.59866e+06	3	4
9.75463	0	1	167	LastDelay	1.77778	1.77778e+06	1	4
9.75463	0	1	167	FullDelay	7.5941	7.5941e+06	3	4
9.89829	0	1	172	LastDelay	1.91461	1.91461e+06	1	4
9.89829	0	1	172	FullDelay	7.70362	7.70362e+06	3	4
9.93354	0	1	185	LastDelay	1.9362	1.9362e+06	1	4
9.93354	0	1	185	FullDelay	7.6433	7.6433e+06	3	4
9.94263	0	1	218	LastDelay	1.93847	1.93847e+06	1	4
9.94263	0	1	218	FullDelay	7.39981	7.39981e+06	2	4
9.95819	0	1	221	LastDelay	1.9472	1.9472e+06	1	4
9.95819	0	1	221	FullDelay	7.39488	7.39488e+06	2	4
9.9807	0	1	224	LastDelay	1.96289	1.96289e+06	1	4
9.9807	0	1	224	FullDelay	7.39691	7.39691e+06	2	4
9.9926	0	1	231	LastDelay	1.96796	1.96796e+06	1	4
9.9926	0	1	231	FullDelay	7.36103	7.36103e+06	2	4
10.0044	0	1	234	LastDelay	1.97295	1.97295e+06	1	4
10.0044	0	1	234	FullDelay	7.35237	7.35237e+06	2	4
10.0151	0	1	235	LastDelay	1.97685	1.97685e+06	1	4
10.0151	0	1	235	FullDelay	7.35626	7.35626e+06	2	4
10.0355	0	1	238	LastDelay	1.99042	1.99042e+06	1	4
10.0355	0	1	238	FullDelay	7.35618	7.35618e+06	2	4
18.3162	0	1	1773	LastDelay	0.201728	201728	1	4
18.3162	0	1	1773	FullDelay	0.201728	201728	1	4
18.3353	0	1	1774	LastDelay	0.21403	214030	1	4
18.3353	0	1	1774	FullDelay	0.21403	214030	1	4
18.3999	0	1	1776	LastDelay	0.26498	264980	1	4
18.3999	0	1	1776	FullDelay	0.26498	264980	1	4
18.4099	0	1	1777	LastDelay	0.268187	268187	1	4
18.4099	0	1	1777	FullDelay	0.268187	268187	1	4
18.4577	0	1	1778	LastDelay	0.309139	309139	1	4
18.4577	0	1	1778	FullDelay	0.309139	309139	1	4
18.488	0	1	1779	LastDelay	0.332577	332577	1	4
18.488	0	1	1779	FullDelay	0.332577	332577	1	4
18.5086	0	1	1781	LastDelay	0.33957	339570	1	4
18.5086	0	1	1781	FullDelay	0.33957	339570	1	4
18.603	0	1	1784	LastDelay	0.413489	413489	1	4
18.603	0	1	1784	FullDelay	0.413489	413489	1	4
18.6248	0	1	1785	LastDelay	0.428382	428382	1	4
18.6248	0	1	1785	FullDelay	0.428382	428382	1	4
18.6492	0	1	1786	LastDelay	0.446008	446008	1	4
18.6492	0	1	1786	FullDelay	0.446008	446008	1	4
18.6602	0	1	1787	LastDelay	0.450142	450142	1	4
18.6602	0	1	1787	FullDelay	0.450142	450142	1	4
18.6816	0	1	1788	LastDelay	0.464743	464743	1	4
18.6816	0	1	1788	FullDelay	0.464743	464743	1	4
18.7025	0	1	1789	LastDelay	0.478847	478847	1	4
18.7025	0	1	1789	FullDelay	0.478847	478847	1	4
18.7116	0	1	1790	LastDelay	0.481086	481086	1	4
18.7116	0	1	1790	FullDelay	0.481086	481086	1	4
18.7432	0	1	1791	LastDelay	0.505854	505854	1	4
18.7432	0	1	1791	FullDelay	0.505854	505854	1	4
18.7647	0	1	1792	LastDelay	0.520539	520539	1	4
18.7647	0	1	1792	FullDelay	0.520539	520539	1	4
18.7807	0	1	1793	LastDelay	0.529693	529693	1	4
18.7807	0	1	1793	FullDelay	0.529693	529693	1	4
18.7897	0	1	1794	LastDelay	0.531933	531933	1	4
18.7897	0	1	1794	FullDelay	0.531933	531933	1	4
18.8124	0	1	1795	LastDelay	0.547812	547812	1	4
18.8124	0	1	1795	FullDelay	0.547812	547812	1	4
18.8225	0	1	1796	LastDelay	0.551019	551019	1	4
18.8225	0	1	1796	FullDelay	0.551019	551019	1	4
18.8487	0	1	1797	LastDelay	0.570392	570392	1	4
18.8487	0	1	1797	FullDelay	0.570392	570392	1	4
18.8605	0	1	1798	LastDelay	0.575414	575414	1	4
18.8605	0	1	1798	FullDelay	0.575414	575414	1	4
18.8837	0	1	1799	LastDelay	0.591729	591729	1	4
18.8837	0	1	1799	FullDelay	0.591729	591729	1	4
18.8963	0	1	1800	LastDelay	0.597491	597491	1	4
18.8963	0	1	1800	FullDelay	0.597491	597491	1	4
18.9357	0	1	1801	LastDelay	0.630127	630127	1	4
18.9357	0	1	1801	FullDelay	0.630127	630127	1	4
18.9469	0	1	1802	LastDelay	0.634426	634426	1	4
18.9469	0	1	1802	FullDelay	0.634426	634426	1	4
18.9576	0	1	1803	LastDelay	0.638356	638356	1	4
18.9576	0	1	1803	FullDelay	0.638356	638356	1	4
18.98	0	1	1804	LastDelay	0.653946	653946	1	4
18.98	0	1	1804	FullDelay	0.653946	653946	1	4
19.0263	0	1	1805	LastDelay	0.693389	693389	1	4
19.0263	0	1	1805	FullDelay	0.693389	693389	1	4
19.0613	0	1	1806	LastDelay	0.721617	721617	1	4
19.0613	0	1	1806	FullDelay	0.721617	721617	1	4
19.075	0	1	1807	LastDelay	0.72849	728490	1	4
19.075	0	1	1807	FullDelay	0.72849	728490	1	4
19.1005	0	1	28	LastDelay	0.747151	747151	1	4
19.1005	0	1	28	FullDelay	17.9094	1.79094e+07	5	4
19.1108	0	1	43	LastDelay	0.750629	750629	1	4
19.1108	0	1	43	FullDelay	17.8173	1.78173e+07	4	4
19.1233	0	1	104	LastDelay	0.756305	756305	1	4
19.1233	0	1	104	FullDelay	17.4134	1.74134e+07	4	4
19.1502	0	1	112	LastDelay	0.77629	776290	1	4
19.1502	0	1	112	FullDelay	17.3856	1.73856e+07	4	4
19.2031	0	1	158	LastDelay	0.815581	815581	1	4
19.2031	0	1	158	FullDelay	17.104	1.7104e+07	4	4
19.2434	0	1	163	LastDelay	0.849048	849048	1	4
19.2434	0	1	163	FullDelay	17.1102	1.71102e+07	4	4
19.2542	0	1	184	LastDelay	0.853013	853013	1	4
19.2542	0	1	184	FullDelay	16.9708	1.69708e+07	4	4
19.2671	0	1	217	LastDelay	0.859053	859053	1	4
19.2671	0	1	217	FullDelay	16.7311	1.67311e+07	3	4
19.304	0	1	239	LastDelay	0.889154	889154	1	4
19.304	0	1	239	FullDelay	16.6178	1.66178e+07	3	4
19.3661	0	1	240	LastDelay	0.944456	944456	1	4
19.3661	0	1	240	FullDelay	16.6731	1.66731e+07	3	4
19.3774	0	1	241	LastDelay	0.948882	948882	1	4
19.3774	0	1	241	FullDelay	16.6775	1.66775e+07	3	4
19.3909	0	1	242	LastDelay	0.955624	955624	1	4
19.3909	0	1	242	FullDelay	16.6843	1.66843e+07	3	4
19.4089	0	1	243	LastDelay	0.966725	966725	1	4
19.4089	0	1	243	FullDelay	16.6954	1.66954e+07	3	4
19.428	0	1	244	LastDelay	0.97909	979090	1	4
19.428	0	1	244	FullDelay	16.7077	1.67077e+07	3	4
19.5745	0	1	247	LastDelay	1.10505	1.10505e+06	1	4
19.5745	0	1	247	FullDelay	16.8337	1.68337e+07	3	4
19.5976	0	1	248	LastDelay	1.12134	1.12134e+06	1	4
19.5976	0	1	248	FullDelay	16.85	1.685e+07	3	4
19.6391	0	1	250	LastDelay	1.1492	1.1492e+06	1	4
19.6391	0	1	250	FullDelay	16.8642	1.68642e+07	3	4
19.6644	0	1	252	LastDelay	1.1608	1.1608e+06	1	4
19.6644	0	1	252	FullDelay	16.8758	1.68758e+07	3	4
19.703	0	1	254	LastDelay	1.18582	1.18582e+06	1	4
19.703	0	1	254	FullDelay	16.9008	1.69008e+07	3	4
19.7131	0	1	255	LastDelay	1.189	1.189e+06	1	4
19.7131	0	1	255	FullDelay	16.904	1.6904e+07	3	4
19.7451	0	1	256	LastDelay	1.21422	1.21422e+06	1	4
19.7451	0	1	256	FullDelay	16.9292	1.69292e+07	3	4
19.7764	0	1	257	LastDelay	1.2387	1.2387e+06	1	4
19.7764	0	1	257	FullDelay	16.9537	1.69537e+07	3	4
19.8477	0	1	258	LastDelay	1.30315	1.30315e+06	1	4
19.8477	0	1	258	FullDelay	17.0181	1.70181e+07	3	4
19.9034	0	1	260	LastDelay	1.34518	1.34518e+06	1	4
19.9034	0	1	260	FullDelay	17.0602	1.70602e+07	3	4
19.9151	0	1	261	LastDelay	1.35008	1.35008e+06	1	4
19.9151	0	1	261	FullDelay	17.0651	1.70651e+07	3	4
19.9242	0	1	262	LastDelay	1.35234	1.35234e+06	1	4
19.9242	0	1	262	FullDelay	17.0673	1.70673e+07	3	4
19.9474	0	1	263	LastDelay	1.36873	1.36873e+06	1	4
19.9474	0	1	263	FullDelay	17.0837	1.70837e+07	3	4
19.9946	0	1	264	LastDelay	1.40906	1.40906e+06	1	4
19.9946	0	1	264	FullDelay	17.1241	1.71241e+07	3	4
20.0436	0	1	266	LastDelay	1.4445	1.4445e+06	1	4
20.0436	0	1	266	FullDelay	17.1595	1.71595e+07	3	4
20.0661	0	1	267	LastDelay	1.46008	1.46008e+06	1	4
20.0661	0	1	267	FullDelay	17.1751	1.71751e+07	3	4
20.0877	0	1	268	LastDelay	1.47485	1.47485e+06	1	4
20.0877	0	1	268	FullDelay	17.1898	1.71898e+07	3	4
20.0994	0	1	269	LastDelay	1.47979	1.47979e+06	1	4
20.0994	0	1	269	FullDelay	17.1948	1.71948e+07	3	4
20.1185	0	1	270	LastDelay	1.49204	1.49204e+06	1	4
20.1185	0	1	270	FullDelay	17.207	1.7207e+07	3	4
20.1313	0	1	271	LastDelay	1.49803	1.49803e+06	1	4
20.1313	0	1	271	FullDelay	17.213	1.7213e+07	3	4
20.1421	0	1	272	LastDelay	1.50201	1.50201e+06	1	4
20.1421	0	1	272	FullDelay	17.217	1.7217e+07	3	4
20.1698	0	1	273	LastDelay	1.52283	1.52283e+06	1	4
20.1698	0	1	273	FullDelay	17.2378	1.72378e+07	3	4
20.1824	0	1	274	LastDelay	1.52864	1.52864e+06	1	4
20.1824	0	1	274	FullDelay	17.2436	1.72436e+07	3	4
20.2116	0	1	275	LastDelay	1.55101	1.55101e+06	1	4
20.2116	0	1	275	FullDelay	17.266	1.7266e+07	3	4
20.2208	0	1	276	LastDelay	1.55335	1.55335e+06	1	4
20.2208	0	1	276	FullDelay	17.2615	1.72615e+07	3	4
20.2342	0	1	277	LastDelay	1.55995	1.55995e+06	1	4
20.2342	0	1	277	FullDelay	17.2681	1.72681e+07	3	4
20.2539	0	1	278	LastDelay	1.57281	1.57281e+06	1	4
20.2539	0	1	278	FullDelay	17.281	1.7281e+07	3	4
20.2743	0	1	279	LastDelay	1.58641	1.58641e+06	1	4
20.2743	0	1	279	FullDelay	17.2946	1.72946e+07	3	4
20.3027	0	1	280	LastDelay	1.60803	1.60803e+06	1	4
20.3027	0	1	280	FullDelay	17.3162	1.73162e+07	3	4
20.3144	0	1	281	LastDelay	1.61284	1.61284e+06	1	4
20.3144	0	1	281	FullDelay	17.321	1.7321e+07	3	4
20.3421	0	1	282	LastDelay	1.63375	1.63375e+06	1	4
20.3421	0	1	282	FullDelay	17.3283	1.73283e+07	3	4
20.352	0	1	283	LastDelay	1.63679	1.63679e+06	1	4
20.352	0	1	283	FullDelay	17.3313	1.73313e+07	3	4
20.3789	0	1	284	LastDelay	1.65685	1.65685e+06	1	4
20.3789	0	1	284	FullDelay	17.3514	1.73514e+07	3	4
20.4007	0	1	286	LastDelay	1.66501	1.66501e+06	1	4
20.4007	0	1	286	FullDelay	17.3595	1.73595e+07	3	4
20.4106	0	1	287	LastDelay	1.66811	1.66811e+06	1	4
20.4106	0	1	287	FullDelay	17.3626	1.73626e+07	3	4
20.464	0	1	290	LastDelay	1.70101	1.70101e+06	1	4
20.464	0	1	290	FullDelay	17.3955	1.73955e+07	3	4
20.4745	0	1	291	LastDelay	1.70472	1.70472e+06	1	4
20.4745	0	1	291	FullDelay	17.3992	1.73992e+07	3	4
20.4837	0	1	292	LastDelay	1.70702	1.70702e+06	1	4
20.4837	0	1	292	FullDelay	17.4015	1.74015e+07	3	4
20.5075	0	1	293	LastDelay	1.72408	1.72408e+06	1	4
20.5075	0	1	293	FullDelay	17.4186	1.74186e+07	3	4
20.5341	0	1	294	LastDelay	1.74381	1.74381e+06	1	4
20.5341	0	1	294	FullDelay	17.4383	1.74383e+07	3	4
20.5533	0	1	295	LastDelay	1.75613	1.75613e+06	1	4
20.5533	0	1	295	FullDelay	17.4506	1.74506e+07	3	4
20.5782	0	1	296	LastDelay	1.77427	1.77427e+06	1	4
20.5782	0	1	296	FullDelay	17.4688	1.74688e+07	3	4
20.6017	0	1	297	LastDelay	1.79098	1.79098e+06	1	4
20.6017	0	1	297	FullDelay	17.4855	1.74855e+07	3	4
20.6285	0	1	298	LastDelay	1.81092	1.81092e+06	1	4
20.6285	0	1	298	FullDelay	17.5054	1.75054e+07	3	4
20.6669	0	1	299	LastDelay	1.8425	1.8425e+06	1	4
20.6669	0	1	299	FullDelay	17.537	1.7537e+07	3	4
20.6801	0	1	300	LastDelay	1.84882	1.84882e+06	1	4
20.6801	0	1	300	FullDelay	17.5433	1.75433e+07	3	4
20.6963	0	1	301	LastDelay	1.85824	1.85824e+06	1	4
20.6963	0	1	301	FullDelay	17.5527	1.75527e+07	3	4
20.7079	0	1	302	LastDelay	1.86302	1.86302e+06	1	4
20.7079	0	1	302	FullDelay	17.5575	1.75575e+07	3	4
20.7466	0	1	304	LastDelay	1.888	1.888e+06	1	4
20.7466	0	1	304	FullDelay	17.5825	1.75825e+07	3	4
20.7749	0	1	305	LastDelay	1.90952	1.90952e+06	1	4
20.7749	0	1	305	FullDelay	17.604	1.7604e+07	3	4
20.8038	0	1	307	LastDelay	1.92474	1.92474e+06	1	4
20.8038	0	1	307	FullDelay	17.6192	1.76192e+07	3	4
20.814	0	1	308	LastDelay	1.92815	1.92815e+06	1	4
20.814	0	1	308	FullDelay	17.6227	1.76227e+07	3	4
20.882	0	1	310	LastDelay	1.98243	1.98243e+06	1	4
20.882	0	1	310	FullDelay	17.6769	1.76769e+07	3	4
26.6919	0	1	1457	LastDelay	0.310323	310323	1	4
26.6919	0	1	1457	FullDelay	10.7346	1.07346e+07	2	4
26.7138	0	1	1458	LastDelay	0.325469	325469	1	4
26.7138	0	1	1458	FullDelay	10.7498	1.07498e+07	2	4
26.7238	0	1	1459	LastDelay	0.328616	328616	1	4
26.7238	0	1	1459	FullDelay	10.7529	1.07529e+07	2	4
26.7911	0	1	1461	LastDelay	0.382223	382223	1	4
26.7911	0	1	1461	FullDelay	10.8065	1.08065e+07	2	4
26.8011	0	1	1462	LastDelay	0.385409	385409	1	4
26.8011	0	1	1462	FullDelay	10.8097	1.08097e+07	2	4
26.8155	0	1	1463	LastDelay	0.392976	392976	1	4
26.8155	0	1	1463	FullDelay	10.8173	1.08173e+07	2	4
26.8415	0	1	1464	LastDelay	0.412178	412178	1	4
26.8415	0	1	1464	FullDelay	10.8365	1.08365e+07	2	4
26.8721	0	1	1466	LastDelay	0.429162	429162	1	4
26.8721	0	1	1466	FullDelay	10.8535	1.08535e+07	2	4
26.8982	0	1	1467	LastDelay	0.448374	448374	1	4
26.8982	0	1	1467	FullDelay	10.8727	1.08727e+07	2	4
26.9584	0	1	1468	LastDelay	0.501797	501797	1	4
26.9584	0	1	1468	FullDelay	10.9261	1.09261e+07	2	4
26.9687	0	1	1469	LastDelay	0.505249	505249	1	4
26.9687	0	1	1469	FullDelay	10.9296	1.09296e+07	2	4
27.0544	0	1	1470	LastDelay	0.58413	584130	1	4
27.0544	0	1	1470	FullDelay	11.0084	1.10084e+07	2	4
27.1681	0	1	1471	LastDelay	0.691003	691003	1	4
27.1681	0	1	1471	FullDelay	11.1153	1.11153e+07	2	4
27.1831	0	1	1472	LastDelay	0.699109	699109	1	4
27.1831	0	1	1472	FullDelay	11.1234	1.11234e+07	2	4
27.207	0	1	1473	LastDelay	0.716241	716241	1	4
27.207	0	1	1473	FullDelay	11.1406	1.11406e+07	2	4
27.2428	0	1	1474	LastDelay	0.745244	745244	1	4
27.2428	0	1	1474	FullDelay	11.1696	1.11696e+07	2	4
27.2552	0	1	245	LastDelay	0.750806	750806	1	4
27.2552	0	1	245	FullDelay	24.5281	2.45281e+07	4	4
27.2693	0	1	246	LastDelay	0.75804	758040	1	4
27.2693	0	1	246	FullDelay	24.5353	2.45353e+07	4	4
27.2908	0	1	249	LastDelay	0.772727	772727	1	4
27.2908	0	1	249	FullDelay	24.5227	2.45227e+07	4	4
27.3331	0	1	1476	LastDelay	0.801373	801373	1	4
27.3331	0	1	1476	FullDelay	11.2462	1.12462e+07	2	4
27.3974	0	1	1477	LastDelay	0.858804	858804	1	4
27.3974	0	1	1477	FullDelay	11.3036	1.13036e+07	2	4
27.4296	0	1	1479	LastDelay	0.877413	877413	1	4
27.4296	0	1	1479	FullDelay	11.3222	1.13222e+07	2	4
27.4901	0	1	1481	LastDelay	0.924261	924261	1	4
27.4901	0	1	1481	FullDelay	11.3691	1.13691e+07	2	4
27.5242	0	1	1482	LastDelay	0.951533	951533	1	4
27.5242	0	1	1482	FullDelay	11.3963	1.13963e+07	2	4
27.5536	0	1	1483	LastDelay	0.974108	974108	1	4
27.5536	0	1	1483	FullDelay	11.4189	1.14189e+07	2	4
27.5975	0	1	1485	LastDelay	1.00429	1.00429e+06	1	4
27.5975	0	1	1485	FullDelay	11.4491	1.14491e+07	2	4
27.6119	0	1	1486	LastDelay	1.01192	1.01192e+06	1	4
27.6119	0	1	1486	FullDelay	11.4567	1.14567e+07	2	4
27.6671	0	1	1489	LastDelay	1.04659	1.04659e+06	1	4
27.6671	0	1	1489	FullDelay	11.4914	1.14914e+07	2	4
27.7423	0	1	1491	LastDelay	1.10819	1.10819e+06	1	4
27.7423	0	1	1491	FullDelay	11.553	1.1553e+07	2	4
27.7585	0	1	1492	LastDelay	1.11753	1.11753e+06	1	4
27.7585	0	1	1492	FullDelay	11.5623	1.15623e+07	2	4
27.7727	0	1	1493	LastDelay	1.12495	1.12495e+06	1	4
27.7727	0	1	1493	FullDelay	11.5697	1.15697e+07	2	4
27.7925	0	1	1494	LastDelay	1.13794	1.13794e+06	1	4
27.7925	0	1	1494	FullDelay	11.5827	1.15827e+07	2	4
27.8096	0	1	1495	LastDelay	1.14818	1.14818e+06	1	4
27.8096	0	1	1495	FullDelay	11.593	1.1593e+07	2	4
27.8565	0	1	1496	LastDelay	1.18828	1.18828e+06	1	4
27.8565	0	1	1496	FullDelay	11.6331	1.16331e+07	2	4
27.8691	0	1	1497	LastDelay	1.19405	1.19405e+06	1	4
27.8691	0	1	1497	FullDelay	11.6388	1.16388e+07	2	4
27.8967	0	1	1498	LastDelay	1.21478	1.21478e+06	1	4
27.8967	0	1	1498	FullDelay	11.6596	1.16596e+07	2	4
27.9085	0	1	1499	LastDelay	1.21972	1.21972e+06	1	4
27.9085	0	1	1499	FullDelay	11.6645	1.16645e+07	2	4
27.9329	0	1	1501	LastDelay	1.23053	1.23053e+06	1	4
27.9329	0	1	1501	FullDelay	11.6753	1.16753e+07	2	4
28.0009	0	1	1503	LastDelay	1.2849	1.2849e+06	1	4
28.0009	0	1	1503	FullDelay	11.7297	1.17297e+07	2	4
28.0292	0	1	1504	LastDelay	1.30637	1.30637e+06	1	4
28.0292	0	1	1504	FullDelay	11.7512	1.17512e+07	2	4
28.0514	0	1	1505	LastDelay	1.32171	1.32171e+06	1	4
28.0514	0	1	1505	FullDelay	11.7665	1.17665e+07	2	4
28.1168	0	1	1506	LastDelay	1.38032	1.38032e+06	1	4
28.1168	0	1	1506	FullDelay	11.8251	1.18251e+07	2	4
28.1484	0	1	1508	LastDelay	1.39826	1.39826e+06	1	4
28.1484	0	1	1508	FullDelay	11.8431	1.18431e+07	2	4
28.1771	0	1	1509	LastDelay	1.42006	1.42006e+06	1	4
28.1771	0	1	1509	FullDelay	11.8649	1.18649e+07	2	4
28.1984	0	1	1510	LastDelay	1.43457	1.43457e+06	1	4
28.1984	0	1	1510	FullDelay	11.8794	1.18794e+07	2	4
28.263	0	1	1511	LastDelay	1.49232	1.49232e+06	1	4
28.263	0	1	1511	FullDelay	11.9371	1.19371e+07	2	4
28.2879	0	1	1512	LastDelay	1.51045	1.51045e+06	1	4
28.2879	0	1	1512	FullDelay	11.9552	1.19552e+07	2	4
28.297	0	1	1513	LastDelay	1.51271	1.51271e+06	1	4
28.297	0	1	1513	FullDelay	11.9575	1.19575e+07	2	4
28.324	0	1	1514	LastDelay	1.53289	1.53289e+06	1	4
28.324	0	1	1514	FullDelay	11.9777	1.19777e+07	2	4
28.3362	0	1	1515	LastDelay	1.53825	1.53825e+06	1	4
28.3362	0	1	1515	FullDelay	11.983	1.1983e+07	2	4
28.3453	0	1	1516	LastDelay	1.5405	1.5405e+06	1	4
28.3453	0	1	1516	FullDelay	11.9853	1.19853e+07	2	4
28.3661	0	1	1517	LastDelay	1.55445	1.55445e+06	1	4
28.3661	0	1	1517	FullDelay	11.9992	1.19992e+07	2	4
28.3965	0	1	1518	LastDelay	1.57807	1.57807e+06	1	4
28.3965	0	1	1518	FullDelay	12.0229	1.20229e+07	2	4
28.4074	0	1	1519	LastDelay	1.58212	1.58212e+06	1	4
28.4074	0	1	1519	FullDelay	12.0269	1.20269e+07	2	4
28.4464	0	1	1520	LastDelay	1.61428	1.61428e+06	1	4
28.4464	0	1	1520	FullDelay	12.0591	1.20591e+07	2	4
28.4582	0	1	1521	LastDelay	1.61922	1.61922e+06	1	4
28.4582	0	1	1521	FullDelay	12.064	1.2064e+07	2	4
28.4925	0	1	1523	LastDelay	1.63994	1.63994e+06	1	4
28.4925	0	1	1523	FullDelay	12.0847	1.20847e+07	2	4
28.5051	0	1	1524	LastDelay	1.64568	1.64568e+06	1	4
28.5051	0	1	1524	FullDelay	12.0905	1.20905e+07	2	4
28.5328	0	1	1526	LastDelay	1.65973	1.65973e+06	1	4
28.5328	0	1	1526	FullDelay	12.1045	1.21045e+07	2	4
28.5548	0	1	1527	LastDelay	1.67493	1.67493e+06	1	4
28.5548	0	1	1527	FullDelay	12.1197	1.21197e+07	2	4
28.5671	0	1	1528	LastDelay	1.68042	1.68042e+06	1	4
28.5671	0	1	1528	FullDelay	12.1252	1.21252e+07	2	4
28.577	0	1	1529	LastDelay	1.68344	1.68344e+06	1	4
28.577	0	1	1529	FullDelay	12.1282	1.21282e+07	2	4
28.5919	0	1	1530	LastDelay	1.69155	1.69155e+06	1	4
28.5919	0	1	1530	FullDelay	12.1363	1.21363e+07	2	4
28.6049	0	1	1531	LastDelay	1.69767	1.69767e+06	1	4
28.6049	0	1	1531	FullDelay	12.1425	1.21425e+07	2	4
28.632	0	1	1532	LastDelay	1.71793	1.71793e+06	1	4
28.632	0	1	1532	FullDelay	12.1627	1.21627e+07	2	4
28.6562	0	1	1533	LastDelay	1.73533	1.73533e+06	1	4
28.6562	0	1	1533	FullDelay	12.1801	1.21801e+07	2	4
28.6746	0	1	1534	LastDelay	1.74689	1.74689e+06	1	4
28.6746	0	1	1534	FullDelay	12.1917	1.21917e+07	2	4
28.7144	0	1	1535	LastDelay	1.7799	1.7799e+06	1	4
28.7144	0	1	1535	FullDelay	12.2247	1.22247e+07	2	4
28.742	0	1	1537	LastDelay	1.79384	1.79384e+06	1	4
28.742	0	1	1537	FullDelay	12.2386	1.22386e+07	2	4
28.7964	0	1	1539	LastDelay	1.83456	1.83456e+06	1	4
28.7964	0	1	1539	FullDelay	12.2794	1.22794e+07	2	4
28.8295	0	1	1540	LastDelay	1.86088	1.86088e+06	1	4
28.8295	0	1	1540	FullDelay	12.3057	1.23057e+07	2	4
28.8499	0	1	1541	LastDelay	1.8744	1.8744e+06	1	4
28.8499	0	1	1541	FullDelay	12.3192	1.23192e+07	2	4
28.8627	0	1	1542	LastDelay	1.88042	1.88042e+06	1	4
28.8627	0	1	1542	FullDelay	12.3252	1.23252e+07	2	4
28.876	0	1	1543	LastDelay	1.88684	1.88684e+06	1	4
28.876	0	1	1543	FullDelay	12.3316	1.23316e+07	2	4
28.9181	0	1	1545	LastDelay	1.91532	1.91532e+06	1	4
28.9181	0	1	1545	FullDelay	12.3601	1.23601e+07	2	4
28.948	0	1	1547	LastDelay	1.93158	1.93158e+06	1	4
28.948	0	1	1547	FullDelay	12.3764	1.23764e+07	2	4
29.0142	0	1	1549	LastDelay	1.9841	1.9841e+06	1	4
29.0142	0	1	1549	FullDelay	12.4289	1.24289e+07	2	4
29.0234	0	1	1550	LastDelay	1.98647	1.98647e+06	1	4
29.0234	0	1	1550	FullDelay	12.4313	1.24313e+07	2	4
