Time	Node	AppId	SeqNo	Type	DelayS	DelayUS	RetxCount	HopCount
1.03135	0	1	0	LastDelay	0.0313512	31351.2	1	6
1.03135	0	1	0	FullDelay	0.0313512	31351.2	1	6
1.04155	0	1	1	LastDelay	0.0347207	34720.7	1	6
1.04155	0	1	1	FullDelay	0.0347207	34720.7	1	6
1.05494	0	1	2	LastDelay	0.0412872	41287.2	1	6
1.05494	0	1	2	FullDelay	0.0412872	41287.2	1	6
1.06703	0	1	3	LastDelay	0.0465475	46547.5	1	6
1.06703	0	1	3	FullDelay	0.0465475	46547.5	1	6
1.08541	0	1	4	LastDelay	0.0580984	58098.4	1	6
1.08541	0	1	4	FullDelay	0.0580984	58098.4	1	6
1.09572	0	1	5	LastDelay	0.0615819	61581.9	1	6
1.09572	0	1	5	FullDelay	0.0615819	61581.9	1	6
1.1059	0	1	6	LastDelay	0.0649375	64937.5	1	6
1.1059	0	1	6	FullDelay	0.0649375	64937.5	1	6
1.12136	0	1	7	LastDelay	0.073569	73569	1	6
1.12136	0	1	7	FullDelay	0.073569	73569	1	6
1.14305	0	1	9	LastDelay	0.0816063	81606.3	1	6
1.14305	0	1	9	FullDelay	0.0816063	81606.3	1	6
1.15397	0	1	10	LastDelay	0.0857061	85706.1	1	6
1.15397	0	1	10	FullDelay	0.0857061	85706.1	1	6
1.16307	0	1	11	LastDelay	0.0879774	87977.4	1	6
1.16307	0	1	11	FullDelay	0.0879774	87977.4	1	6
1.17395	0	1	12	LastDelay	0.0920254	92025.4	1	6
1.17395	0	1	12	FullDelay	0.0920254	92025.4	1	6
1.18835	0	1	13	LastDelay	0.0995984	99598.4	1	6
1.18835	0	1	13	FullDelay	0.0995984	99598.4	1	6
1.19746	0	1	14	LastDelay	0.10189	101890	1	6
1.19746	0	1	14	FullDelay	0.10189	101890	1	6
1.20844	0	1	15	LastDelay	0.106044	106044	1	6
1.20844	0	1	15	FullDelay	0.106044	106044	1	6
1.23703	0	1	17	LastDelay	0.120974	120974	1	6
1.23703	0	1	17	FullDelay	0.120974	120974	1	6
1.24962	0	1	18	LastDelay	0.126738	126738	1	6
1.24962	0	1	18	FullDelay	0.126738	126738	1	6
1.25878	0	1	19	LastDelay	0.129069	129069	1	6
1.25878	0	1	19	FullDelay	0.129069	129069	1	6
1.27015	0	1	20	LastDelay	0.133621	133621	1	6
1.27015	0	1	20	FullDelay	0.133621	133621	1	6
1.30768	0	1	23	LastDelay	0.150666	150666	1	6
1.30768	0	1	23	FullDelay	0.150666	150666	1	6
1.31768	0	1	24	LastDelay	0.153836	153836	1	6
1.31768	0	1	24	FullDelay	0.153836	153836	1	6
1.32675	0	1	25	LastDelay	0.156088	156088	1	6
1.32675	0	1	25	FullDelay	0.156088	156088	1	6
1.33653	0	1	26	LastDelay	0.159039	159039	1	6
1.33653	0	1	26	FullDelay	0.159039	159039	1	6
1.35284	0	1	27	LastDelay	0.168516	168516	1	6
1.35284	0	1	27	FullDelay	0.168516	168516	1	6
1.36193	0	1	28	LastDelay	0.170787	170787	1	6
1.36193	0	1	28	FullDelay	0.170787	170787	1	6
1.37111	0	1	29	LastDelay	0.173138	173138	1	6
1.37111	0	1	29	FullDelay	0.173138	173138	1	6
1.38019	0	1	30	LastDelay	0.17539	175390	1	6
1.38019	0	1	30	FullDelay	0.17539	175390	1	6
1.38943	0	1	31	LastDelay	0.177801	177801	1	6
1.38943	0	1	31	FullDelay	0.177801	177801	1	6
1.39869	0	1	32	LastDelay	0.180232	180232	1	6
1.39869	0	1	32	FullDelay	0.180232	180232	1	6
1.4341	0	1	33	LastDelay	0.208819	208819	1	6
1.4341	0	1	33	FullDelay	0.208819	208819	1	6
1.44563	0	1	34	LastDelay	0.213526	213526	1	6
1.44563	0	1	34	FullDelay	0.213526	213526	1	6
1.45551	0	1	35	LastDelay	0.216579	216579	1	6
1.45551	0	1	35	FullDelay	0.216579	216579	1	6
1.46689	0	1	36	LastDelay	0.22113	221130	1	6
1.46689	0	1	36	FullDelay	0.22113	221130	1	6
1.47599	0	1	37	LastDelay	0.223402	223402	1	6
1.47599	0	1	37	FullDelay	0.223402	223402	1	6
1.48507	0	1	38	LastDelay	0.225653	225653	1	6
1.48507	0	1	38	FullDelay	0.225653	225653	1	6
1.50684	0	1	40	LastDelay	0.233772	233772	1	6
1.50684	0	1	40	FullDelay	0.233772	233772	1	6
1.51598	0	1	41	LastDelay	0.236084	236084	1	6
1.51598	0	1	41	FullDelay	0.236084	236084	1	6
1.5259	0	1	42	LastDelay	0.239176	239176	1	6
1.5259	0	1	42	FullDelay	0.239176	239176	1	6
1.53582	0	1	43	LastDelay	0.242269	242269	1	6
1.53582	0	1	43	FullDelay	0.242269	242269	1	6
1.54645	0	1	44	LastDelay	0.246078	246078	1	6
1.54645	0	1	44	FullDelay	0.246078	246078	1	6
1.56395	0	1	45	LastDelay	0.256746	256746	1	6
1.56395	0	1	45	FullDelay	0.256746	256746	1	6
1.57314	0	1	46	LastDelay	0.259117	259117	1	6
1.57314	0	1	46	FullDelay	0.259117	259117	1	6
1.59602	0	1	48	LastDelay	0.268338	268338	1	6
1.59602	0	1	48	FullDelay	0.268338	268338	1	6
1.6545	0	1	52	LastDelay	0.299513	299513	1	6
1.6545	0	1	52	FullDelay	0.299513	299513	1	6
1.66454	0	1	53	LastDelay	0.302723	302723	1	6
1.66454	0	1	53	FullDelay	0.302723	302723	1	6
1.67574	0	1	54	LastDelay	0.307096	307096	1	6
1.67574	0	1	54	FullDelay	0.307096	307096	1	6
1.68536	0	1	55	LastDelay	0.309896	309896	1	6
1.68536	0	1	55	FullDelay	0.309896	309896	1	6
1.70015	0	1	8	LastDelay	0.297381	297381	1	2
1.70015	0	1	8	FullDelay	0.645541	645541	2	2
1.71139	0	1	56	LastDelay	0.329092	329092	1	6
1.71139	0	1	56	FullDelay	0.329092	329092	1	6
1.72168	0	1	57	LastDelay	0.332558	332558	1	6
1.72168	0	1	57	FullDelay	0.332558	332558	1	6
1.73335	0	1	58	LastDelay	0.337404	337404	1	6
1.73335	0	1	58	FullDelay	0.337404	337404	1	6
1.74272	0	1	59	LastDelay	0.333125	333125	1	6
1.74272	0	1	59	FullDelay	0.333125	333125	1	6
1.75587	0	1	60	LastDelay	0.339442	339442	1	6
1.75587	0	1	60	FullDelay	0.339442	339442	1	6
1.7662	0	1	61	LastDelay	0.342948	342948	1	6
1.7662	0	1	61	FullDelay	0.342948	342948	1	6
1.77869	0	1	62	LastDelay	0.348606	348606	1	6
1.77869	0	1	62	FullDelay	0.348606	348606	1	6
1.78818	0	1	63	LastDelay	0.351274	351274	1	6
1.78818	0	1	63	FullDelay	0.351274	351274	1	6
1.80336	0	1	64	LastDelay	0.359627	359627	1	6
1.80336	0	1	64	FullDelay	0.359627	359627	1	6
1.81581	0	1	65	LastDelay	0.365246	365246	1	6
1.81581	0	1	65	FullDelay	0.365246	365246	1	6
1.82698	0	1	66	LastDelay	0.36959	369590	1	6
1.82698	0	1	66	FullDelay	0.36959	369590	1	6
1.83838	0	1	67	LastDelay	0.374166	374166	1	6
1.83838	0	1	67	FullDelay	0.374166	374166	1	6
1.84948	0	1	68	LastDelay	0.378439	378439	1	6
1.84948	0	1	68	FullDelay	0.378439	378439	1	6
1.86147	0	1	16	LastDelay	0.356299	356299	1	2
1.86147	0	1	16	FullDelay	0.752246	752246	2	2
1.87055	0	1	69	LastDelay	0.392684	392684	1	6
1.87055	0	1	69	FullDelay	0.392684	392684	1	6
1.87965	0	1	70	LastDelay	0.394955	394955	1	6
1.87965	0	1	70	FullDelay	0.394955	394955	1	6
1.88989	0	1	71	LastDelay	0.398369	398369	1	6
1.88989	0	1	71	FullDelay	0.398369	398369	1	6
1.89897	0	1	72	LastDelay	0.400621	400621	1	6
1.89897	0	1	72	FullDelay	0.400621	400621	1	6
1.91297	0	1	73	LastDelay	0.400975	400975	1	6
1.91297	0	1	73	FullDelay	0.400975	400975	1	6
1.92473	0	1	74	LastDelay	0.405901	405901	1	6
1.92473	0	1	74	FullDelay	0.405901	405901	1	6
1.93383	0	1	75	LastDelay	0.408172	408172	1	6
1.93383	0	1	75	FullDelay	0.408172	408172	1	6
1.94588	0	1	76	LastDelay	0.413403	413403	1	6
1.94588	0	1	76	FullDelay	0.413403	413403	1	6
1.95793	0	1	77	LastDelay	0.418619	418619	1	6
1.95793	0	1	77	FullDelay	0.418619	418619	1	6
1.96817	0	1	78	LastDelay	0.422034	422034	1	6
1.96817	0	1	78	FullDelay	0.422034	422034	1	6
1.98262	0	1	21	LastDelay	0.429657	429657	1	2
1.98262	0	1	21	FullDelay	0.839256	839256	2	2
1.99253	0	1	22	LastDelay	0.432746	432746	1	2
1.99253	0	1	22	FullDelay	0.842346	842346	2	2
2.02118	0	1	80	LastDelay	0.447741	447741	1	6
2.02118	0	1	80	FullDelay	0.447741	447741	1	6
2.03403	0	1	81	LastDelay	0.453765	453765	1	6
2.03403	0	1	81	FullDelay	0.453765	453765	1	6
2.0455	0	1	82	LastDelay	0.458403	458403	1	6
2.0455	0	1	82	FullDelay	0.458403	458403	1	6
2.05955	0	1	83	LastDelay	0.465635	465635	1	6
2.05955	0	1	83	FullDelay	0.465635	465635	1	6
2.07352	0	1	84	LastDelay	0.47277	472770	1	6
2.07352	0	1	84	FullDelay	0.47277	472770	1	6
2.08303	0	1	85	LastDelay	0.475454	475454	1	6
2.08303	0	1	85	FullDelay	0.475454	475454	1	6
2.09294	0	1	86	LastDelay	0.478544	478544	1	6
2.09294	0	1	86	FullDelay	0.478544	478544	1	6
2.10322	0	1	87	LastDelay	0.48199	481990	1	6
2.10322	0	1	87	FullDelay	0.48199	481990	1	6
2.11405	0	1	88	LastDelay	0.485997	485997	1	6
2.11405	0	1	88	FullDelay	0.485997	485997	1	6
2.12557	0	1	89	LastDelay	0.490694	490694	1	6
2.12557	0	1	89	FullDelay	0.490694	490694	1	6
2.13532	0	1	90	LastDelay	0.493614	493614	1	6
2.13532	0	1	90	FullDelay	0.493614	493614	1	6
2.14567	0	1	91	LastDelay	0.49714	497140	1	6
2.14567	0	1	91	FullDelay	0.49714	497140	1	6
2.16327	0	1	92	LastDelay	0.507913	507913	1	6
2.16327	0	1	92	FullDelay	0.507913	507913	1	6
2.18572	0	1	94	LastDelay	0.516711	516711	1	6
2.18572	0	1	94	FullDelay	0.516711	516711	1	6
2.19616	0	1	95	LastDelay	0.520321	520321	1	6
2.19616	0	1	95	FullDelay	0.520321	520321	1	6
2.21929	0	1	97	LastDelay	0.529794	529794	1	6
2.21929	0	1	97	FullDelay	0.529794	529794	1	6
2.22942	0	1	98	LastDelay	0.5331	533100	1	6
2.22942	0	1	98	FullDelay	0.5331	533100	1	6
2.23915	0	1	99	LastDelay	0.536	536000	1	6
2.23915	0	1	99	FullDelay	0.536	536000	1	6
2.2558	0	1	100	LastDelay	0.545827	545827	1	6
2.2558	0	1	100	FullDelay	0.545827	545827	1	6
2.27445	0	1	102	LastDelay	0.550822	550822	1	6
2.27445	0	1	102	FullDelay	0.550822	550822	1	6
2.29537	0	1	104	LastDelay	0.55809	558090	1	6
2.29537	0	1	104	FullDelay	0.55809	558090	1	6
2.31217	0	1	105	LastDelay	0.568066	568066	1	6
2.31217	0	1	105	FullDelay	0.568066	568066	1	6
2.33079	0	1	107	LastDelay	0.573029	573029	1	6
2.33079	0	1	107	FullDelay	0.573029	573029	1	6
2.33987	0	1	108	LastDelay	0.575281	575281	1	6
2.33987	0	1	108	FullDelay	0.575281	575281	1	6
2.34895	0	1	109	LastDelay	0.577532	577532	1	6
2.34895	0	1	109	FullDelay	0.577532	577532	1	6
2.36898	0	1	39	LastDelay	0.563437	563437	1	2
2.36898	0	1	39	FullDelay	1.10274	1.10274e+06	2	2
2.37824	0	1	110	LastDelay	0.600001	600001	1	6
2.37824	0	1	110	FullDelay	0.600001	600001	1	6
2.39281	0	1	111	LastDelay	0.607742	607742	1	6
2.39281	0	1	111	FullDelay	0.607742	607742	1	6
2.40293	0	1	112	LastDelay	0.611032	611032	1	6
2.40293	0	1	112	FullDelay	0.611032	611032	1	6
2.41354	0	1	113	LastDelay	0.614823	614823	1	6
2.41354	0	1	113	FullDelay	0.614823	614823	1	6
2.42733	0	1	114	LastDelay	0.61496	614960	1	6
2.42733	0	1	114	FullDelay	0.61496	614960	1	6
2.43675	0	1	115	LastDelay	0.617551	617551	1	6
2.43675	0	1	115	FullDelay	0.617551	617551	1	6
2.45041	0	1	116	LastDelay	0.624385	624385	1	6
2.45041	0	1	116	FullDelay	0.624385	624385	1	6
2.48024	0	1	119	LastDelay	0.633736	633736	1	6
2.48024	0	1	119	FullDelay	0.633736	633736	1	6
2.49118	0	1	47	LastDelay	0.637844	637844	1	2
2.49118	0	1	47	FullDelay	1.17032	1.17032e+06	2	2
2.51582	0	1	121	LastDelay	0.648834	648834	1	6
2.51582	0	1	121	FullDelay	0.648834	648834	1	6
2.5249	0	1	122	LastDelay	0.651085	651085	1	6
2.5249	0	1	122	FullDelay	0.651085	651085	1	6
2.53464	0	1	123	LastDelay	0.653997	653997	1	6
2.53464	0	1	123	FullDelay	0.653997	653997	1	6
2.54885	0	1	49	LastDelay	0.647728	647728	1	2
2.54885	0	1	49	FullDelay	1.21434	1.21434e+06	2	2
2.5601	0	1	124	LastDelay	0.672638	672638	1	6
2.5601	0	1	124	FullDelay	0.672638	672638	1	6
2.58403	0	1	125	LastDelay	0.689737	689737	1	6
2.58403	0	1	125	FullDelay	0.689737	689737	1	6
2.59551	0	1	51	LastDelay	0.680733	680733	1	2
2.59551	0	1	51	FullDelay	1.24735	1.24735e+06	2	2
2.60956	0	1	126	LastDelay	0.687963	687963	1	6
2.60956	0	1	126	FullDelay	0.687963	687963	1	6
2.6196	0	1	127	LastDelay	0.691173	691173	1	6
2.6196	0	1	127	FullDelay	0.691173	691173	1	6
2.62878	0	1	128	LastDelay	0.693524	693524	1	6
2.62878	0	1	128	FullDelay	0.693524	693524	1	6
2.64325	0	1	129	LastDelay	0.70117	701170	1	6
2.64325	0	1	129	FullDelay	0.70117	701170	1	6
2.65845	0	1	130	LastDelay	0.709539	709539	1	6
2.65845	0	1	130	FullDelay	0.709539	709539	1	6
2.67859	0	1	132	LastDelay	0.716029	716029	1	6
2.67859	0	1	132	FullDelay	0.716029	716029	1	6
2.68769	0	1	133	LastDelay	0.7183	718300	1	6
2.68769	0	1	133	FullDelay	0.7183	718300	1	6
2.69787	0	1	134	LastDelay	0.721658	721658	1	6
2.69787	0	1	134	FullDelay	0.721658	721658	1	6
2.71075	0	1	135	LastDelay	0.727711	727711	1	6
2.71075	0	1	135	FullDelay	0.727711	727711	1	6
2.72286	0	1	136	LastDelay	0.732994	732994	1	6
2.72286	0	1	136	FullDelay	0.732994	732994	1	6
2.73386	0	1	137	LastDelay	0.73717	737170	1	6
2.73386	0	1	137	FullDelay	0.73717	737170	1	6
2.75577	0	1	138	LastDelay	0.752252	752252	1	6
2.75577	0	1	138	FullDelay	0.752252	752252	1	6
2.76791	0	1	139	LastDelay	0.75756	757560	1	6
2.76791	0	1	139	FullDelay	0.75756	757560	1	6
2.77698	0	1	140	LastDelay	0.759811	759811	1	6
2.77698	0	1	140	FullDelay	0.759811	759811	1	6
2.78618	0	1	141	LastDelay	0.762183	762183	1	6
2.78618	0	1	141	FullDelay	0.762183	762183	1	6
2.7955	0	1	142	LastDelay	0.764674	764674	1	6
2.7955	0	1	142	FullDelay	0.764674	764674	1	6
2.8067	0	1	143	LastDelay	0.769043	769043	1	6
2.8067	0	1	143	FullDelay	0.769043	769043	1	6
2.81681	0	1	144	LastDelay	0.772333	772333	1	6
2.81681	0	1	144	FullDelay	0.772333	772333	1	6
2.82599	0	1	145	LastDelay	0.774684	774684	1	6
2.82599	0	1	145	FullDelay	0.774684	774684	1	6
2.83753	0	1	146	LastDelay	0.779393	779393	1	6
2.83753	0	1	146	FullDelay	0.779393	779393	1	6
2.862	0	1	148	LastDelay	0.790215	790215	1	6
2.862	0	1	148	FullDelay	0.790215	790215	1	6
2.87315	0	1	149	LastDelay	0.794536	794536	1	6
2.87315	0	1	149	FullDelay	0.794536	794536	1	6
2.8834	0	1	150	LastDelay	0.797963	797963	1	6
2.8834	0	1	150	FullDelay	0.797963	797963	1	6
2.89246	0	1	151	LastDelay	0.800194	800194	1	6
2.89246	0	1	151	FullDelay	0.800194	800194	1	6
2.90744	0	1	152	LastDelay	0.808344	808344	1	6
2.90744	0	1	152	FullDelay	0.808344	808344	1	6
2.91669	0	1	153	LastDelay	0.810771	810771	1	6
2.91669	0	1	153	FullDelay	0.810771	810771	1	6
2.93469	0	1	154	LastDelay	0.821944	821944	1	6
2.93469	0	1	154	FullDelay	0.821944	821944	1	6
2.95476	0	1	156	LastDelay	0.828364	828364	1	6
2.95476	0	1	156	FullDelay	0.828364	828364	1	6
2.96661	0	1	157	LastDelay	0.833382	833382	1	6
2.96661	0	1	157	FullDelay	0.833382	833382	1	6
2.99071	0	1	159	LastDelay	0.843832	843832	1	6
2.99071	0	1	159	FullDelay	0.843832	843832	1	6
2.99991	0	1	160	LastDelay	0.846204	846204	1	6
2.99991	0	1	160	FullDelay	0.846204	846204	1	6
3.01004	0	1	161	LastDelay	0.849506	849506	1	6
3.01004	0	1	161	FullDelay	0.849506	849506	1	6
3.02	0	1	162	LastDelay	0.852636	852636	1	6
3.02	0	1	162	FullDelay	0.852636	852636	1	6
3.03016	0	1	163	LastDelay	0.855978	855978	1	6
3.03016	0	1	163	FullDelay	0.855978	855978	1	6
3.0393	0	1	164	LastDelay	0.858289	858289	1	6
3.0393	0	1	164	FullDelay	0.858289	858289	1	6
3.05733	0	1	165	LastDelay	0.869493	869493	1	6
3.05733	0	1	165	FullDelay	0.869493	869493	1	6
3.0907	0	1	168	LastDelay	0.882382	882382	1	6
3.0907	0	1	168	FullDelay	0.882382	882382	1	6
3.11115	0	1	170	LastDelay	0.889179	889179	1	6
3.11115	0	1	170	FullDelay	0.889179	889179	1	6
3.13245	0	1	79	LastDelay	0.876341	876341	1	2
3.13245	0	1	79	FullDelay	1.56583	1.56583e+06	2	2
3.14182	0	1	172	LastDelay	0.906192	906192	1	6
3.14182	0	1	172	FullDelay	0.906192	906192	1	6
3.15195	0	1	173	LastDelay	0.909494	909494	1	6
3.15195	0	1	173	FullDelay	0.909494	909494	1	6
3.16109	0	1	174	LastDelay	0.911805	911805	1	6
3.16109	0	1	174	FullDelay	0.911805	911805	1	6
3.17706	0	1	175	LastDelay	0.914128	914128	1	6
3.17706	0	1	175	FullDelay	0.914128	914128	1	6
3.19816	0	1	177	LastDelay	0.921578	921578	1	6
3.19816	0	1	177	FullDelay	0.921578	921578	1	6
3.20834	0	1	178	LastDelay	0.924928	924928	1	6
3.20834	0	1	178	FullDelay	0.924928	924928	1	6
3.22958	0	1	179	LastDelay	0.939341	939341	1	6
3.22958	0	1	179	FullDelay	0.939341	939341	1	6
3.24052	0	1	180	LastDelay	0.943449	943449	1	6
3.24052	0	1	180	FullDelay	0.943449	943449	1	6
3.25045	0	1	181	LastDelay	0.946559	946559	1	6
3.25045	0	1	181	FullDelay	0.946559	946559	1	6
3.25951	0	1	182	LastDelay	0.94879	948790	1	6
3.25951	0	1	182	FullDelay	0.94879	948790	1	6
3.26861	0	1	183	LastDelay	0.951062	951062	1	6
3.26861	0	1	183	FullDelay	0.951062	951062	1	6
3.27858	0	1	184	LastDelay	0.954205	954205	1	6
3.27858	0	1	184	FullDelay	0.954205	954205	1	6
3.28885	0	1	185	LastDelay	0.957647	957647	1	6
3.28885	0	1	185	FullDelay	0.957647	957647	1	6
3.2991	0	1	186	LastDelay	0.96107	961070	1	6
3.2991	0	1	186	FullDelay	0.96107	961070	1	6
3.30921	0	1	187	LastDelay	0.96436	964360	1	6
3.30921	0	1	187	FullDelay	0.96436	964360	1	6
3.32047	0	1	188	LastDelay	0.968792	968792	1	6
3.32047	0	1	188	FullDelay	0.968792	968792	1	6
3.3432	0	1	190	LastDelay	0.977867	977867	1	6
3.3432	0	1	190	FullDelay	0.977867	977867	1	6
3.35405	0	1	191	LastDelay	0.981895	981895	1	6
3.35405	0	1	191	FullDelay	0.981895	981895	1	6
3.36593	0	1	192	LastDelay	0.986941	986941	1	6
3.36593	0	1	192	FullDelay	0.986941	986941	1	6
3.37673	0	1	193	LastDelay	0.990912	990912	1	6
3.37673	0	1	193	FullDelay	0.990912	990912	1	6
3.38584	0	1	194	LastDelay	0.993203	993203	1	6
3.38584	0	1	194	FullDelay	0.993203	993203	1	6
3.40053	0	1	195	LastDelay	1.00107	1.00107e+06	1	6
3.40053	0	1	195	FullDelay	1.00107	1.00107e+06	1	6
3.41185	0	1	196	LastDelay	1.00555	1.00555e+06	1	6
3.41185	0	1	196	FullDelay	1.00555	1.00555e+06	1	6
3.42392	0	1	197	LastDelay	1.0108	1.0108e+06	1	6
3.42392	0	1	197	FullDelay	1.0108	1.0108e+06	1	6
3.43562	0	1	93	LastDelay	0.981539	981539	1	2
3.43562	0	1	93	FullDelay	1.77343	1.77343e+06	2	2
3.44661	0	1	198	LastDelay	1.02666	1.02666e+06	1	6
3.44661	0	1	198	FullDelay	1.02666	1.02666e+06	1	6
3.45673	0	1	199	LastDelay	1.02996	1.02996e+06	1	6
3.45673	0	1	199	FullDelay	1.02996	1.02996e+06	1	6
3.46599	0	1	200	LastDelay	1.03239	1.03239e+06	1	6
3.46599	0	1	200	FullDelay	1.03239	1.03239e+06	1	6
3.47513	0	1	201	LastDelay	1.0347	1.0347e+06	1	6
3.47513	0	1	201	FullDelay	1.0347	1.0347e+06	1	6
3.48519	0	1	202	LastDelay	1.03793	1.03793e+06	1	6
3.48519	0	1	202	FullDelay	1.03793	1.03793e+06	1	6
3.49754	0	1	203	LastDelay	1.03663	1.03663e+06	1	6
3.49754	0	1	203	FullDelay	1.03663	1.03663e+06	1	6
3.50783	0	1	204	LastDelay	1.04009	1.04009e+06	1	6
3.50783	0	1	204	FullDelay	1.04009	1.04009e+06	1	6
3.5172	0	1	205	LastDelay	1.04264	1.04264e+06	1	6
3.5172	0	1	205	FullDelay	1.04264	1.04264e+06	1	6
3.53207	0	1	96	LastDelay	1.0302	1.0302e+06	1	2
3.53207	0	1	96	FullDelay	1.8494	1.8494e+06	2	2
3.54693	0	1	206	LastDelay	1.06555	1.06555e+06	1	6
3.54693	0	1	206	FullDelay	1.06555	1.06555e+06	1	6
3.55782	0	1	207	LastDelay	1.06961	1.06961e+06	1	6
3.55782	0	1	207	FullDelay	1.06961	1.06961e+06	1	6
3.58347	0	1	209	LastDelay	1.07478	1.07478e+06	1	6
3.58347	0	1	209	FullDelay	1.07478	1.07478e+06	1	6
3.5948	0	1	210	LastDelay	1.07928	1.07928e+06	1	6
3.5948	0	1	210	FullDelay	1.07928	1.07928e+06	1	6
3.60406	0	1	211	LastDelay	1.08172	1.08172e+06	1	6
3.60406	0	1	211	FullDelay	1.08172	1.08172e+06	1	6
3.61439	0	1	212	LastDelay	1.08521	1.08521e+06	1	6
3.61439	0	1	212	FullDelay	1.08521	1.08521e+06	1	6
3.63807	0	1	214	LastDelay	1.09525	1.09525e+06	1	6
3.63807	0	1	214	FullDelay	1.09525	1.09525e+06	1	6
3.64809	0	1	101	LastDelay	1.09161	1.09161e+06	1	2
3.64809	0	1	101	FullDelay	1.93129	1.93129e+06	2	2
3.65729	0	1	215	LastDelay	1.10763	1.10763e+06	1	6
3.65729	0	1	215	FullDelay	1.10763	1.10763e+06	1	6
3.66722	0	1	103	LastDelay	1.10392	1.10392e+06	1	2
3.66722	0	1	103	FullDelay	1.93677	1.93677e+06	2	2
3.67866	0	1	216	LastDelay	1.10853	1.10853e+06	1	6
3.67866	0	1	216	FullDelay	1.10853	1.10853e+06	1	6
3.69435	0	1	217	LastDelay	1.11739	1.11739e+06	1	6
3.69435	0	1	217	FullDelay	1.11739	1.11739e+06	1	6
3.70439	0	1	218	LastDelay	1.1206	1.1206e+06	1	6
3.70439	0	1	218	FullDelay	1.1206	1.1206e+06	1	6
3.71463	0	1	219	LastDelay	1.12402	1.12402e+06	1	6
3.71463	0	1	219	FullDelay	1.12402	1.12402e+06	1	6
3.72585	0	1	220	LastDelay	1.12841	1.12841e+06	1	6
3.72585	0	1	220	FullDelay	1.12841	1.12841e+06	1	6
3.73578	0	1	221	LastDelay	1.13151	1.13151e+06	1	6
3.73578	0	1	221	FullDelay	1.13151	1.13151e+06	1	6
3.7476	0	1	222	LastDelay	1.13651	1.13651e+06	1	6
3.7476	0	1	222	FullDelay	1.13651	1.13651e+06	1	6
3.76245	0	1	223	LastDelay	1.14453	1.14453e+06	1	6
3.76245	0	1	223	FullDelay	1.14453	1.14453e+06	1	6
3.77373	0	1	224	LastDelay	1.14898	1.14898e+06	1	6
3.77373	0	1	224	FullDelay	1.14898	1.14898e+06	1	6
3.78637	0	1	225	LastDelay	1.15479	1.15479e+06	1	6
3.78637	0	1	225	FullDelay	1.15479	1.15479e+06	1	6
3.79629	0	1	226	LastDelay	1.15789	1.15789e+06	1	6
3.79629	0	1	226	FullDelay	1.15789	1.15789e+06	1	6
3.80662	0	1	106	LastDelay	1.15457	1.15457e+06	1	2
3.80662	0	1	106	FullDelay	2.05569	2.05569e+06	2	2
3.81597	0	1	227	LastDelay	1.17074	1.17074e+06	1	6
3.81597	0	1	227	FullDelay	1.17074	1.17074e+06	1	6
3.82992	0	1	228	LastDelay	1.17104	1.17104e+06	1	6
3.82992	0	1	228	FullDelay	1.17104	1.17104e+06	1	6
3.83904	0	1	229	LastDelay	1.17333	1.17333e+06	1	6
3.83904	0	1	229	FullDelay	1.17333	1.17333e+06	1	6
3.84822	0	1	230	LastDelay	1.17568	1.17568e+06	1	6
3.84822	0	1	230	FullDelay	1.17568	1.17568e+06	1	6
3.86062	0	1	231	LastDelay	1.18126	1.18126e+06	1	6
3.86062	0	1	231	FullDelay	1.18126	1.18126e+06	1	6
3.87111	0	1	232	LastDelay	1.18492	1.18492e+06	1	6
3.87111	0	1	232	FullDelay	1.18492	1.18492e+06	1	6
3.88446	0	1	233	LastDelay	1.19145	1.19145e+06	1	6
3.88446	0	1	233	FullDelay	1.19145	1.19145e+06	1	6
3.89609	0	1	234	LastDelay	1.19625	1.19625e+06	1	6
3.89609	0	1	234	FullDelay	1.19625	1.19625e+06	1	6
3.90991	0	1	235	LastDelay	1.20324	1.20324e+06	1	6
3.90991	0	1	235	FullDelay	1.20324	1.20324e+06	1	6
3.92213	0	1	236	LastDelay	1.20863	1.20863e+06	1	6
3.92213	0	1	236	FullDelay	1.20863	1.20863e+06	1	6
3.93301	0	1	237	LastDelay	1.21269	1.21269e+06	1	6
3.93301	0	1	237	FullDelay	1.21269	1.21269e+06	1	6
3.94343	0	1	238	LastDelay	1.21628	1.21628e+06	1	6
3.94343	0	1	238	FullDelay	1.21628	1.21628e+06	1	6
3.95562	0	1	239	LastDelay	1.22165	1.22165e+06	1	6
3.95562	0	1	239	FullDelay	1.22165	1.22165e+06	1	6
3.9677	0	1	117	LastDelay	1.21325	1.21325e+06	1	2
3.9677	0	1	117	FullDelay	2.13485	2.13485e+06	2	2
3.98974	0	1	240	LastDelay	1.24894	1.24894e+06	1	6
3.98974	0	1	240	FullDelay	1.24894	1.24894e+06	1	6
3.9991	0	1	241	LastDelay	1.25147	1.25147e+06	1	6
3.9991	0	1	241	FullDelay	1.25147	1.25147e+06	1	6
4.00816	0	1	242	LastDelay	1.24005	1.24005e+06	1	6
4.00816	0	1	242	FullDelay	1.24005	1.24005e+06	1	6
4.02298	0	1	120	LastDelay	1.22074	1.22074e+06	1	2
4.02298	0	1	120	FullDelay	2.16282	2.16282e+06	2	2
4.04032	0	1	243	LastDelay	1.26539	1.26539e+06	1	6
4.04032	0	1	243	FullDelay	1.26539	1.26539e+06	1	6
4.05132	0	1	244	LastDelay	1.26956	1.26956e+06	1	6
4.05132	0	1	244	FullDelay	1.26956	1.26956e+06	1	6
4.06129	0	1	245	LastDelay	1.2727	1.2727e+06	1	6
4.06129	0	1	245	FullDelay	1.2727	1.2727e+06	1	6
4.0716	0	1	246	LastDelay	1.27619	1.27619e+06	1	6
4.0716	0	1	246	FullDelay	1.27619	1.27619e+06	1	6
4.08082	0	1	247	LastDelay	1.27175	1.27175e+06	1	6
4.08082	0	1	247	FullDelay	1.27175	1.27175e+06	1	6
4.0925	0	1	248	LastDelay	1.27661	1.27661e+06	1	6
4.0925	0	1	248	FullDelay	1.27661	1.27661e+06	1	6
4.10162	0	1	249	LastDelay	1.2789	1.2789e+06	1	6
4.10162	0	1	249	FullDelay	1.2789	1.2789e+06	1	6
4.11272	0	1	250	LastDelay	1.28317	1.28317e+06	1	6
4.11272	0	1	250	FullDelay	1.28317	1.28317e+06	1	6
4.12234	0	1	251	LastDelay	1.28596	1.28596e+06	1	6
4.12234	0	1	251	FullDelay	1.28596	1.28596e+06	1	6
4.13449	0	1	50	LastDelay	1.28446	1.28446e+06	1	2
4.13449	0	1	50	FullDelay	2.79315	2.79315e+06	3	2
4.1473	0	1	252	LastDelay	1.3041	1.3041e+06	1	6
4.1473	0	1	252	FullDelay	1.3041	1.3041e+06	1	6
4.15638	0	1	253	LastDelay	1.29953	1.29953e+06	1	6
4.15638	0	1	253	FullDelay	1.29953	1.29953e+06	1	6
4.16936	0	1	254	LastDelay	1.30568	1.30568e+06	1	6
4.16936	0	1	254	FullDelay	1.30568	1.30568e+06	1	6
4.19628	0	1	131	LastDelay	1.29164	1.29164e+06	1	2
4.19628	0	1	131	FullDelay	2.24055	2.24055e+06	2	2
4.20954	0	1	256	LastDelay	1.33221	1.33221e+06	1	6
4.20954	0	1	256	FullDelay	1.33221	1.33221e+06	1	6
4.22769	0	1	258	LastDelay	1.3367	1.3367e+06	1	6
4.22769	0	1	258	FullDelay	1.3367	1.3367e+06	1	6
4.23871	0	1	259	LastDelay	1.3409	1.3409e+06	1	6
4.23871	0	1	259	FullDelay	1.3409	1.3409e+06	1	6
4.25071	0	1	260	LastDelay	1.33924	1.33924e+06	1	6
4.25071	0	1	260	FullDelay	1.33924	1.33924e+06	1	6
4.27099	0	1	262	LastDelay	1.34587	1.34587e+06	1	6
4.27099	0	1	262	FullDelay	1.34587	1.34587e+06	1	6
4.28014	0	1	263	LastDelay	1.34819	1.34819e+06	1	6
4.28014	0	1	263	FullDelay	1.34819	1.34819e+06	1	6
5.42473	0	1	608	LastDelay	0.0420124	42012.4	1	6
5.42473	0	1	608	FullDelay	0.0420124	42012.4	1	6
5.43384	0	1	609	LastDelay	0.0442917	44291.7	1	6
5.43384	0	1	609	FullDelay	0.0442917	44291.7	1	6
5.44391	0	1	610	LastDelay	0.0475377	47537.7	1	6
5.44391	0	1	610	FullDelay	0.0475377	47537.7	1	6
5.48471	0	1	611	LastDelay	0.0815058	81505.8	1	6
5.48471	0	1	611	FullDelay	0.0815058	81505.8	1	6
5.49379	0	1	612	LastDelay	0.0837651	83765.1	1	6
5.49379	0	1	612	FullDelay	0.0837651	83765.1	1	6
5.50378	0	1	613	LastDelay	0.0869311	86931.1	1	6
5.50378	0	1	613	FullDelay	0.0869311	86931.1	1	6
5.5249	0	1	614	LastDelay	0.101223	101223	1	6
5.5249	0	1	614	FullDelay	0.101223	101223	1	6
5.5582	0	1	616	LastDelay	0.120871	120871	1	6
5.5582	0	1	616	FullDelay	0.120871	120871	1	6
5.56727	0	1	617	LastDelay	0.12311	123110	1	6
5.56727	0	1	617	FullDelay	0.12311	123110	1	6
5.57638	0	1	618	LastDelay	0.12539	125390	1	6
5.57638	0	1	618	FullDelay	0.12539	125390	1	6
5.5855	0	1	619	LastDelay	0.127689	127689	1	6
5.5855	0	1	619	FullDelay	0.127689	127689	1	6
5.63801	0	1	620	LastDelay	0.173372	173372	1	6
5.63801	0	1	620	FullDelay	0.173372	173372	1	6
5.65007	0	1	621	LastDelay	0.178604	178604	1	6
5.65007	0	1	621	FullDelay	0.178604	178604	1	6
5.66954	0	1	622	LastDelay	0.191251	191251	1	6
5.66954	0	1	622	FullDelay	0.191251	191251	1	6
5.69435	0	1	623	LastDelay	0.209229	209229	1	6
5.69435	0	1	623	FullDelay	0.209229	209229	1	6
5.72459	0	1	624	LastDelay	0.232648	232648	1	6
5.72459	0	1	624	FullDelay	0.232648	232648	1	6
5.75087	0	1	625	LastDelay	0.252098	252098	1	6
5.75087	0	1	625	FullDelay	0.252098	252098	1	6
5.75998	0	1	626	LastDelay	0.254377	254377	1	6
5.75998	0	1	626	FullDelay	0.254377	254377	1	6
5.7792	0	1	627	LastDelay	0.266771	266771	1	6
5.7792	0	1	627	FullDelay	0.266771	266771	1	6
5.79177	0	1	628	LastDelay	0.27252	272520	1	6
5.79177	0	1	628	FullDelay	0.27252	272520	1	6
5.81615	0	1	629	LastDelay	0.290074	290074	1	6
5.81615	0	1	629	FullDelay	0.290074	290074	1	6
5.8492	0	1	630	LastDelay	0.316293	316293	1	6
5.8492	0	1	630	FullDelay	0.316293	316293	1	6
5.86146	0	1	631	LastDelay	0.321728	321728	1	6
5.86146	0	1	631	FullDelay	0.321728	321728	1	6
5.87127	0	1	632	LastDelay	0.324708	324708	1	6
5.87127	0	1	632	FullDelay	0.324708	324708	1	6
5.90769	0	1	633	LastDelay	0.354306	354306	1	6
5.90769	0	1	633	FullDelay	0.354306	354306	1	6
5.95219	0	1	634	LastDelay	0.391977	391977	1	6
5.95219	0	1	634	FullDelay	0.391977	391977	1	6
5.9652	0	1	635	LastDelay	0.398161	398161	1	6
5.9652	0	1	635	FullDelay	0.398161	398161	1	6
5.98383	0	1	636	LastDelay	0.409968	409968	1	6
5.98383	0	1	636	FullDelay	0.409968	409968	1	6
5.99408	0	1	637	LastDelay	0.41339	413390	1	6
5.99408	0	1	637	FullDelay	0.41339	413390	1	6
6.02203	0	1	638	LastDelay	0.434515	434515	1	6
6.02203	0	1	638	FullDelay	0.434515	434515	1	6
6.03314	0	1	639	LastDelay	0.438796	438796	1	6
6.03314	0	1	639	FullDelay	0.438796	438796	1	6
6.04507	0	1	147	LastDelay	0.443894	443894	1	4
6.04507	0	1	147	FullDelay	3.98011	3.98011e+06	3	4
6.0856	0	1	158	LastDelay	0.470775	470775	1	4
6.0856	0	1	158	FullDelay	3.94555	3.94555e+06	3	4
6.1139	0	1	166	LastDelay	0.492248	492248	1	4
6.1139	0	1	166	FullDelay	3.91923	3.91923e+06	3	4
6.16409	0	1	169	LastDelay	0.528783	528783	1	4
6.16409	0	1	169	FullDelay	3.94894	3.94894e+06	3	4
6.18532	0	1	171	LastDelay	0.543188	543188	1	4
6.18532	0	1	171	FullDelay	3.95652	3.95652e+06	3	4
6.21768	0	1	176	LastDelay	0.568725	568725	1	4
6.21768	0	1	176	FullDelay	3.94792	3.94792e+06	3	4
6.23677	0	1	189	LastDelay	0.580982	580982	1	4
6.23677	0	1	189	FullDelay	3.87826	3.87826e+06	3	4
6.24983	0	1	261	LastDelay	0.58722	587220	1	4
6.24983	0	1	261	FullDelay	3.33154	3.33154e+06	2	4
6.26148	0	1	264	LastDelay	0.592043	592043	1	4
6.26148	0	1	264	FullDelay	3.32271	3.32271e+06	2	4
6.27315	0	1	265	LastDelay	0.596885	596885	1	4
6.27315	0	1	265	FullDelay	3.32755	3.32755e+06	2	4
6.29136	0	1	266	LastDelay	0.608271	608271	1	4
6.29136	0	1	266	FullDelay	3.33894	3.33894e+06	2	4
6.32091	0	1	267	LastDelay	0.63099	630990	1	4
6.32091	0	1	267	FullDelay	3.36166	3.36166e+06	2	4
6.38633	0	1	208	LastDelay	0.675932	675932	1	4
6.38633	0	1	208	FullDelay	3.89129	3.89129e+06	3	4
6.39607	0	1	213	LastDelay	0.678842	678842	1	4
6.39607	0	1	213	FullDelay	3.86007	3.86007e+06	3	4
6.44993	0	1	255	LastDelay	0.725872	725872	1	4
6.44993	0	1	255	FullDelay	3.57942	3.57942e+06	3	4
6.46898	0	1	257	LastDelay	0.738104	738104	1	4
6.46898	0	1	257	FullDelay	3.58482	3.58482e+06	3	4
6.47815	0	1	269	LastDelay	0.740444	740444	1	4
6.47815	0	1	269	FullDelay	3.50524	3.50524e+06	2	4
6.48942	0	1	270	LastDelay	0.74489	744890	1	4
6.48942	0	1	270	FullDelay	3.50969	3.50969e+06	2	4
6.50481	0	1	271	LastDelay	0.753453	753453	1	4
6.50481	0	1	271	FullDelay	3.51825	3.51825e+06	2	4
6.51967	0	1	272	LastDelay	0.761489	761489	1	4
6.51967	0	1	272	FullDelay	3.52629	3.52629e+06	2	4
6.52945	0	1	273	LastDelay	0.764438	764438	1	4
6.52945	0	1	273	FullDelay	3.52924	3.52924e+06	2	4
6.57724	0	1	274	LastDelay	0.805398	805398	1	4
6.57724	0	1	274	FullDelay	3.5702	3.5702e+06	2	4
6.58634	0	1	275	LastDelay	0.807677	807677	1	4
6.58634	0	1	275	FullDelay	3.57248	3.57248e+06	2	4
6.65003	0	1	277	LastDelay	0.857715	857715	1	4
6.65003	0	1	277	FullDelay	3.62251	3.62251e+06	2	4
6.65942	0	1	278	LastDelay	0.860271	860271	1	4
6.65942	0	1	278	FullDelay	3.62507	3.62507e+06	2	4
6.69325	0	1	280	LastDelay	0.880455	880455	1	4
6.69325	0	1	280	FullDelay	3.64525	3.64525e+06	2	4
6.71174	0	1	281	LastDelay	0.892117	892117	1	4
6.71174	0	1	281	FullDelay	3.65692	3.65692e+06	2	4
6.7534	0	1	282	LastDelay	0.926944	926944	1	4
6.7534	0	1	282	FullDelay	3.69174	3.69174e+06	2	4
6.76436	0	1	283	LastDelay	0.931076	931076	1	4
6.76436	0	1	283	FullDelay	3.69588	3.69588e+06	2	4
6.78397	0	1	284	LastDelay	0.943861	943861	1	4
6.78397	0	1	284	FullDelay	3.70866	3.70866e+06	2	4
6.82174	0	1	285	LastDelay	0.974803	974803	1	4
6.82174	0	1	285	FullDelay	3.7396	3.7396e+06	2	4
6.83175	0	1	286	LastDelay	0.977989	977989	1	4
6.83175	0	1	286	FullDelay	3.74279	3.74279e+06	2	4
6.84738	0	1	287	LastDelay	0.986796	986796	1	4
6.84738	0	1	287	FullDelay	3.7516	3.7516e+06	2	4
6.87653	0	1	288	LastDelay	1.00912	1.00912e+06	1	4
6.87653	0	1	288	FullDelay	3.76709	3.76709e+06	2	4
6.88684	0	1	289	LastDelay	1.0126	1.0126e+06	1	4
6.88684	0	1	289	FullDelay	3.77057	3.77057e+06	2	4
6.89741	0	1	290	LastDelay	1.01634	1.01634e+06	1	4
6.89741	0	1	290	FullDelay	3.77431	3.77431e+06	2	4
6.92937	0	1	291	LastDelay	1.04147	1.04147e+06	1	4
6.92937	0	1	291	FullDelay	3.79945	3.79945e+06	2	4
6.952	0	1	292	LastDelay	1.05728	1.05728e+06	1	4
6.952	0	1	292	FullDelay	3.81526	3.81526e+06	2	4
6.97028	0	1	293	LastDelay	1.06873	1.06873e+06	1	4
6.97028	0	1	293	FullDelay	3.8267	3.8267e+06	2	4
7.03929	0	1	295	LastDelay	1.12409	1.12409e+06	1	4
7.03929	0	1	295	FullDelay	3.88207	3.88207e+06	2	4
7.04908	0	1	296	LastDelay	1.12705	1.12705e+06	1	4
7.04908	0	1	296	FullDelay	3.88502	3.88502e+06	2	4
7.06934	0	1	297	LastDelay	1.14049	1.14049e+06	1	4
7.06934	0	1	297	FullDelay	3.89846	3.89846e+06	2	4
7.08012	0	1	298	LastDelay	1.14444	1.14444e+06	1	4
7.08012	0	1	298	FullDelay	3.90241	3.90241e+06	2	4
7.09833	0	1	299	LastDelay	1.15583	1.15583e+06	1	4
7.09833	0	1	299	FullDelay	3.9138	3.9138e+06	2	4
7.13272	0	1	300	LastDelay	1.18338	1.18338e+06	1	4
7.13272	0	1	300	FullDelay	3.94136	3.94136e+06	2	4
7.14303	0	1	301	LastDelay	1.18687	1.18687e+06	1	4
7.14303	0	1	301	FullDelay	3.94484	3.94484e+06	2	4
7.15287	0	1	302	LastDelay	1.18989	1.18989e+06	1	4
7.15287	0	1	302	FullDelay	3.94786	3.94786e+06	2	4
7.16283	0	1	303	LastDelay	1.19301	1.19301e+06	1	4
7.16283	0	1	303	FullDelay	3.95099	3.95099e+06	2	4
7.17193	0	1	304	LastDelay	1.19529	1.19529e+06	1	4
7.17193	0	1	304	FullDelay	3.95327	3.95327e+06	2	4
7.19197	0	1	305	LastDelay	1.20851	1.20851e+06	1	4
7.19197	0	1	305	FullDelay	3.96648	3.96648e+06	2	4
7.23401	0	1	307	LastDelay	1.23689	1.23689e+06	1	4
7.23401	0	1	307	FullDelay	3.99487	3.99487e+06	2	4
7.27488	0	1	308	LastDelay	1.27094	1.27094e+06	1	4
7.27488	0	1	308	FullDelay	4.02891	4.02891e+06	2	4
7.28399	0	1	309	LastDelay	1.27322	1.27322e+06	1	4
7.28399	0	1	309	FullDelay	4.01753	4.01753e+06	2	4
7.29305	0	1	310	LastDelay	1.27545	1.27545e+06	1	4
7.29305	0	1	310	FullDelay	4.01977	4.01977e+06	2	4
7.3387	0	1	311	LastDelay	1.31428	1.31428e+06	1	4
7.3387	0	1	311	FullDelay	4.0586	4.0586e+06	2	4
7.38547	0	1	312	LastDelay	1.35422	1.35422e+06	1	4
7.38547	0	1	312	FullDelay	4.09854	4.09854e+06	2	4
7.39596	0	1	313	LastDelay	1.35789	1.35789e+06	1	4
7.39596	0	1	313	FullDelay	4.10221	4.10221e+06	2	4
7.40662	0	1	314	LastDelay	1.36172	1.36172e+06	1	4
7.40662	0	1	314	FullDelay	4.09238	4.09238e+06	2	4
7.42486	0	1	316	LastDelay	1.3663	1.3663e+06	1	4
7.42486	0	1	316	FullDelay	4.09696	4.09696e+06	2	4
7.4361	0	1	317	LastDelay	1.37071	1.37071e+06	1	4
7.4361	0	1	317	FullDelay	4.10138	4.10138e+06	2	4
7.44825	0	1	318	LastDelay	1.37604	1.37604e+06	1	4
7.44825	0	1	318	FullDelay	4.10671	4.10671e+06	2	4
7.46746	0	1	319	LastDelay	1.38842	1.38842e+06	1	4
7.46746	0	1	319	FullDelay	4.11909	4.11909e+06	2	4
7.48978	0	1	321	LastDelay	1.39709	1.39709e+06	1	4
7.48978	0	1	321	FullDelay	4.1141	4.1141e+06	2	4
7.51891	0	1	322	LastDelay	1.41939	1.41939e+06	1	4
7.51891	0	1	322	FullDelay	4.1364	4.1364e+06	2	4
7.5296	0	1	323	LastDelay	1.42326	1.42326e+06	1	4
7.5296	0	1	323	FullDelay	4.14027	4.14027e+06	2	4
7.54257	0	1	324	LastDelay	1.4294	1.4294e+06	1	4
7.54257	0	1	324	FullDelay	4.14641	4.14641e+06	2	4
7.56745	0	1	325	LastDelay	1.44745	1.44745e+06	1	4
7.56745	0	1	325	FullDelay	4.15763	4.15763e+06	2	4
7.57669	0	1	326	LastDelay	1.44987	1.44987e+06	1	4
7.57669	0	1	326	FullDelay	4.16005	4.16005e+06	2	4
7.59491	0	1	328	LastDelay	1.45443	1.45443e+06	1	4
7.59491	0	1	328	FullDelay	4.16461	4.16461e+06	2	4
7.60403	0	1	329	LastDelay	1.45672	1.45672e+06	1	4
7.60403	0	1	329	FullDelay	4.16691	4.16691e+06	2	4
7.61367	0	1	330	LastDelay	1.45954	1.45954e+06	1	4
7.61367	0	1	330	FullDelay	4.16972	4.16972e+06	2	4
7.62918	0	1	331	LastDelay	1.46822	1.46822e+06	1	4
7.62918	0	1	331	FullDelay	4.17841	4.17841e+06	2	4
7.64034	0	1	332	LastDelay	1.47255	1.47255e+06	1	4
7.64034	0	1	332	FullDelay	4.18274	4.18274e+06	2	4
7.6525	0	1	333	LastDelay	1.47789	1.47789e+06	1	4
7.6525	0	1	333	FullDelay	4.18808	4.18808e+06	2	4
7.66597	0	1	334	LastDelay	1.48453	1.48453e+06	1	4
7.66597	0	1	334	FullDelay	4.19472	4.19472e+06	2	4
7.67653	0	1	335	LastDelay	1.48826	1.48826e+06	1	4
7.67653	0	1	335	FullDelay	4.19845	4.19845e+06	2	4
7.68585	0	1	336	LastDelay	1.49076	1.49076e+06	1	4
7.68585	0	1	336	FullDelay	4.20095	4.20095e+06	2	4
7.70031	0	1	337	LastDelay	1.49839	1.49839e+06	1	4
7.70031	0	1	337	FullDelay	4.20858	4.20858e+06	2	4
7.71117	0	1	338	LastDelay	1.50242	1.50242e+06	1	4
7.71117	0	1	338	FullDelay	4.21261	4.21261e+06	2	4
7.72586	0	1	339	LastDelay	1.51029	1.51029e+06	1	4
7.72586	0	1	339	FullDelay	4.22048	4.22048e+06	2	4
7.73718	0	1	340	LastDelay	1.51478	1.51478e+06	1	4
7.73718	0	1	340	FullDelay	4.22497	4.22497e+06	2	4
7.74748	0	1	341	LastDelay	1.51825	1.51825e+06	1	4
7.74748	0	1	341	FullDelay	4.22844	4.22844e+06	2	4
7.75861	0	1	342	LastDelay	1.52255	1.52255e+06	1	4
7.75861	0	1	342	FullDelay	4.23274	4.23274e+06	2	4
7.77039	0	1	343	LastDelay	1.52751	1.52751e+06	1	4
7.77039	0	1	343	FullDelay	4.2377	4.2377e+06	2	4
7.78154	0	1	344	LastDelay	1.53183	1.53183e+06	1	4
7.78154	0	1	344	FullDelay	4.24202	4.24202e+06	2	4
7.79322	0	1	345	LastDelay	1.53669	1.53669e+06	1	4
7.79322	0	1	345	FullDelay	4.24688	4.24688e+06	2	4
7.80233	0	1	346	LastDelay	1.53897	1.53897e+06	1	4
7.80233	0	1	346	FullDelay	4.24233	4.24233e+06	2	4
7.81589	0	1	347	LastDelay	1.5457	1.5457e+06	1	4
7.81589	0	1	347	FullDelay	4.24906	4.24906e+06	2	4
7.8287	0	1	348	LastDelay	1.55168	1.55168e+06	1	4
7.8287	0	1	348	FullDelay	4.25504	4.25504e+06	2	4
7.83974	0	1	155	LastDelay	1.53542	1.53542e+06	1	2
7.83974	0	1	155	FullDelay	5.72017	5.72017e+06	4	2
7.84917	0	1	349	LastDelay	1.56533	1.56533e+06	1	4
7.84917	0	1	349	FullDelay	4.26869	4.26869e+06	2	4
7.85851	0	1	350	LastDelay	1.56784	1.56784e+06	1	4
7.85851	0	1	350	FullDelay	4.2712	4.2712e+06	2	4
7.86907	0	1	351	LastDelay	1.57157	1.57157e+06	1	4
7.86907	0	1	351	FullDelay	4.27493	4.27493e+06	2	4
7.88046	0	1	352	LastDelay	1.56931	1.56931e+06	1	4
7.88046	0	1	352	FullDelay	4.2795	4.2795e+06	2	4
7.88955	0	1	353	LastDelay	1.57157	1.57157e+06	1	4
7.88955	0	1	353	FullDelay	4.28176	4.28176e+06	2	4
7.90132	0	1	354	LastDelay	1.57652	1.57652e+06	1	4
7.90132	0	1	354	FullDelay	4.28671	4.28671e+06	2	4
7.91053	0	1	355	LastDelay	1.5789	1.5789e+06	1	4
7.91053	0	1	355	FullDelay	4.28909	4.28909e+06	2	4
7.92323	0	1	356	LastDelay	1.58478	1.58478e+06	1	4
7.92323	0	1	356	FullDelay	4.29497	4.29497e+06	2	4
7.93266	0	1	357	LastDelay	1.58738	1.58738e+06	1	4
7.93266	0	1	357	FullDelay	4.29757	4.29757e+06	2	4
7.94224	0	1	358	LastDelay	1.59014	1.59014e+06	1	4
7.94224	0	1	358	FullDelay	4.30032	4.30032e+06	2	4
7.95285	0	1	359	LastDelay	1.59392	1.59392e+06	1	4
7.95285	0	1	359	FullDelay	4.30411	4.30411e+06	2	4
7.96456	0	1	360	LastDelay	1.5988	1.5988e+06	1	4
7.96456	0	1	360	FullDelay	4.30899	4.30899e+06	2	4
7.98562	0	1	362	LastDelay	1.60621	1.60621e+06	1	4
7.98562	0	1	362	FullDelay	4.31639	4.31639e+06	2	4
7.99475	0	1	363	LastDelay	1.60851	1.60851e+06	1	4
7.99475	0	1	363	FullDelay	4.31869	4.31869e+06	2	4
8.00519	0	1	364	LastDelay	1.61213	1.61213e+06	1	4
8.00519	0	1	364	FullDelay	4.32231	4.32231e+06	2	4
8.0155	0	1	365	LastDelay	1.6156	1.6156e+06	1	4
8.0155	0	1	365	FullDelay	4.32579	4.32579e+06	2	4
8.02742	0	1	366	LastDelay	1.6207	1.6207e+06	1	4
8.02742	0	1	366	FullDelay	4.33089	4.33089e+06	2	4
8.03717	0	1	367	LastDelay	1.62363	1.62363e+06	1	4
8.03717	0	1	367	FullDelay	4.33381	4.33381e+06	2	4
8.0504	0	1	368	LastDelay	1.63003	1.63003e+06	1	4
8.0504	0	1	368	FullDelay	4.34021	4.34021e+06	2	4
8.05987	0	1	369	LastDelay	1.63267	1.63267e+06	1	4
8.05987	0	1	369	FullDelay	4.34286	4.34286e+06	2	4
8.0697	0	1	370	LastDelay	1.63567	1.63567e+06	1	4
8.0697	0	1	370	FullDelay	4.34586	4.34586e+06	2	4
8.09094	0	1	372	LastDelay	1.64326	1.64326e+06	1	4
8.09094	0	1	372	FullDelay	4.35345	4.35345e+06	2	4
8.10002	0	1	373	LastDelay	1.64552	1.64552e+06	1	4
8.10002	0	1	373	FullDelay	4.35571	4.35571e+06	2	4
8.11167	0	1	374	LastDelay	1.65033	1.65033e+06	1	4
8.11167	0	1	374	FullDelay	4.36052	4.36052e+06	2	4
8.12079	0	1	375	LastDelay	1.65263	1.65263e+06	1	4
8.12079	0	1	375	FullDelay	4.36282	4.36282e+06	2	4
8.13489	0	1	376	LastDelay	1.65991	1.65991e+06	1	4
8.13489	0	1	376	FullDelay	4.37009	4.37009e+06	2	4
8.14396	0	1	377	LastDelay	1.66215	1.66215e+06	1	4
8.14396	0	1	377	FullDelay	4.37233	4.37233e+06	2	4
8.15326	0	1	378	LastDelay	1.66462	1.66462e+06	1	4
8.15326	0	1	378	FullDelay	4.3748	4.3748e+06	2	4
8.17449	0	1	380	LastDelay	1.67219	1.67219e+06	1	4
8.17449	0	1	380	FullDelay	4.38238	4.38238e+06	2	4
8.18541	0	1	381	LastDelay	1.67629	1.67629e+06	1	4
8.18541	0	1	381	FullDelay	4.38647	4.38647e+06	2	4
8.19767	0	1	382	LastDelay	1.68173	1.68173e+06	1	4
8.19767	0	1	382	FullDelay	4.38509	4.38509e+06	2	4
8.218	0	1	384	LastDelay	1.6884	1.6884e+06	1	4
8.218	0	1	384	FullDelay	4.39176	4.39176e+06	2	4
8.23097	0	1	385	LastDelay	1.69454	1.69454e+06	1	4
8.23097	0	1	385	FullDelay	4.3979	4.3979e+06	2	4
8.24045	0	1	386	LastDelay	1.69719	1.69719e+06	1	4
8.24045	0	1	386	FullDelay	4.40055	4.40055e+06	2	4
8.24977	0	1	387	LastDelay	1.69969	1.69969e+06	1	4
8.24977	0	1	387	FullDelay	4.40305	4.40305e+06	2	4
8.2601	0	1	388	LastDelay	1.70319	1.70319e+06	1	4
8.2601	0	1	388	FullDelay	4.39973	4.39973e+06	2	4
8.27824	0	1	389	LastDelay	1.7145	1.7145e+06	1	4
8.27824	0	1	389	FullDelay	4.41104	4.41104e+06	2	4
8.28734	0	1	390	LastDelay	1.71678	1.71678e+06	1	4
8.28734	0	1	390	FullDelay	4.41332	4.41332e+06	2	4
8.29686	0	1	391	LastDelay	1.71947	1.71947e+06	1	4
8.29686	0	1	391	FullDelay	4.41601	4.41601e+06	2	4
8.3063	0	1	392	LastDelay	1.72209	1.72209e+06	1	4
8.3063	0	1	392	FullDelay	4.41862	4.41862e+06	2	4
8.31537	0	1	393	LastDelay	1.72433	1.72433e+06	1	4
8.31537	0	1	393	FullDelay	4.42086	4.42086e+06	2	4
8.32457	0	1	394	LastDelay	1.72671	1.72671e+06	1	4
8.32457	0	1	394	FullDelay	4.42324	4.42324e+06	2	4
8.33852	0	1	395	LastDelay	1.73383	1.73383e+06	1	4
8.33852	0	1	395	FullDelay	4.43036	4.43036e+06	2	4
8.35927	0	1	397	LastDelay	1.74092	1.74092e+06	1	4
8.35927	0	1	397	FullDelay	4.43745	4.43745e+06	2	4
8.38061	0	1	399	LastDelay	1.74861	1.74861e+06	1	4
8.38061	0	1	399	FullDelay	4.44514	4.44514e+06	2	4
8.39119	0	1	400	LastDelay	1.75237	1.75237e+06	1	4
8.39119	0	1	400	FullDelay	4.4489	4.4489e+06	2	4
8.40454	0	1	401	LastDelay	1.75888	1.75888e+06	1	4
8.40454	0	1	401	FullDelay	4.45542	4.45542e+06	2	4
8.41595	0	1	402	LastDelay	1.76347	1.76347e+06	1	4
8.41595	0	1	402	FullDelay	4.46	4.46e+06	2	4
8.43238	0	1	403	LastDelay	1.77307	1.77307e+06	1	4
8.43238	0	1	403	FullDelay	4.4696	4.4696e+06	2	4
8.45236	0	1	405	LastDelay	1.7794	1.7794e+06	1	4
8.45236	0	1	405	FullDelay	4.47593	4.47593e+06	2	4
8.46237	0	1	406	LastDelay	1.78259	1.78259e+06	1	4
8.46237	0	1	406	FullDelay	4.47912	4.47912e+06	2	4
8.47579	0	1	407	LastDelay	1.78918	1.78918e+06	1	4
8.47579	0	1	407	FullDelay	4.48571	4.48571e+06	2	4
8.48488	0	1	408	LastDelay	1.79144	1.79144e+06	1	4
8.48488	0	1	408	FullDelay	4.48797	4.48797e+06	2	4
8.49813	0	1	409	LastDelay	1.79786	1.79786e+06	1	4
8.49813	0	1	409	FullDelay	4.4944	4.4944e+06	2	4
8.50806	0	1	410	LastDelay	1.80097	1.80097e+06	1	4
8.50806	0	1	410	FullDelay	4.4975	4.4975e+06	2	4
8.51757	0	1	411	LastDelay	1.80365	1.80365e+06	1	4
8.51757	0	1	411	FullDelay	4.50018	4.50018e+06	2	4
8.52666	0	1	412	LastDelay	1.80591	1.80591e+06	1	4
8.52666	0	1	412	FullDelay	4.50244	4.50244e+06	2	4
8.54083	0	1	413	LastDelay	1.81326	1.81326e+06	1	4
8.54083	0	1	413	FullDelay	4.50979	4.50979e+06	2	4
8.5502	0	1	414	LastDelay	1.8158	1.8158e+06	1	4
8.5502	0	1	414	FullDelay	4.51233	4.51233e+06	2	4
8.56227	0	1	415	LastDelay	1.82104	1.82104e+06	1	4
8.56227	0	1	415	FullDelay	4.51757	4.51757e+06	2	4
8.58412	0	1	417	LastDelay	1.82924	1.82924e+06	1	4
8.58412	0	1	417	FullDelay	4.52577	4.52577e+06	2	4
8.59419	0	1	418	LastDelay	1.83248	1.83248e+06	1	4
8.59419	0	1	418	FullDelay	4.52901	4.52901e+06	2	4
8.60353	0	1	419	LastDelay	1.835	1.835e+06	1	4
8.60353	0	1	419	FullDelay	4.53153	4.53153e+06	2	4
8.61363	0	1	420	LastDelay	1.83827	1.83827e+06	1	4
8.61363	0	1	420	FullDelay	4.5348	4.5348e+06	2	4
8.63801	0	1	422	LastDelay	1.849	1.849e+06	1	4
8.63801	0	1	422	FullDelay	4.54554	4.54554e+06	2	4
8.64724	0	1	423	LastDelay	1.8514	1.8514e+06	1	4
8.64724	0	1	423	FullDelay	4.54793	4.54793e+06	2	4
8.65822	0	1	424	LastDelay	1.85555	1.85555e+06	1	4
8.65822	0	1	424	FullDelay	4.55209	4.55209e+06	2	4
8.66914	0	1	425	LastDelay	1.85965	1.85965e+06	1	4
8.66914	0	1	425	FullDelay	4.55618	4.55618e+06	2	4
8.68144	0	1	426	LastDelay	1.86512	1.86512e+06	1	4
8.68144	0	1	426	FullDelay	4.56166	4.56166e+06	2	4
8.70062	0	1	428	LastDelay	1.87065	1.87065e+06	1	4
8.70062	0	1	428	FullDelay	4.56718	4.56718e+06	2	4
8.71298	0	1	429	LastDelay	1.87619	1.87619e+06	1	4
8.71298	0	1	429	FullDelay	4.57272	4.57272e+06	2	4
8.72217	0	1	430	LastDelay	1.87854	1.87854e+06	1	4
8.72217	0	1	430	FullDelay	4.57508	4.57508e+06	2	4
8.73617	0	1	431	LastDelay	1.88571	1.88571e+06	1	4
8.73617	0	1	431	FullDelay	4.58225	4.58225e+06	2	4
8.74817	0	1	432	LastDelay	1.89089	1.89089e+06	1	4
8.74817	0	1	432	FullDelay	4.58743	4.58743e+06	2	4
8.76096	0	1	433	LastDelay	1.89685	1.89685e+06	1	4
8.76096	0	1	433	FullDelay	4.59339	4.59339e+06	2	4
8.77005	0	1	434	LastDelay	1.89911	1.89911e+06	1	4
8.77005	0	1	434	FullDelay	4.59565	4.59565e+06	2	4
8.79674	0	1	436	LastDelay	1.91215	1.91215e+06	1	4
8.79674	0	1	436	FullDelay	4.60868	4.60868e+06	2	4
8.807	0	1	437	LastDelay	1.91559	1.91559e+06	1	4
8.807	0	1	437	FullDelay	4.61212	4.61212e+06	2	4
8.81648	0	1	438	LastDelay	1.91824	1.91824e+06	1	4
8.81648	0	1	438	FullDelay	4.60795	4.60795e+06	2	4
8.82653	0	1	439	LastDelay	1.92147	1.92147e+06	1	4
8.82653	0	1	439	FullDelay	4.61117	4.61117e+06	2	4
8.83562	0	1	440	LastDelay	1.92373	1.92373e+06	1	4
8.83562	0	1	440	FullDelay	4.61343	4.61343e+06	2	4
8.8451	0	1	441	LastDelay	1.92638	1.92638e+06	1	4
8.8451	0	1	441	FullDelay	4.61609	4.61609e+06	2	4
8.86017	0	1	442	LastDelay	1.93462	1.93462e+06	1	4
8.86017	0	1	442	FullDelay	4.62433	4.62433e+06	2	4
8.87016	0	1	443	LastDelay	1.93779	1.93779e+06	1	4
8.87016	0	1	443	FullDelay	4.6275	4.6275e+06	2	4
8.88028	0	1	444	LastDelay	1.94108	1.94108e+06	1	4
8.88028	0	1	444	FullDelay	4.63078	4.63078e+06	2	4
8.89369	0	1	445	LastDelay	1.94766	1.94766e+06	1	4
8.89369	0	1	445	FullDelay	4.63737	4.63737e+06	2	4
8.90557	0	1	446	LastDelay	1.95272	1.95272e+06	1	4
8.90557	0	1	446	FullDelay	4.64242	4.64242e+06	2	4
8.91645	0	1	447	LastDelay	1.95677	1.95677e+06	1	4
8.91645	0	1	447	FullDelay	4.64648	4.64648e+06	2	4
8.92823	0	1	448	LastDelay	1.96172	1.96172e+06	1	4
8.92823	0	1	448	FullDelay	4.65143	4.65143e+06	2	4
8.93771	0	1	449	LastDelay	1.96438	1.96438e+06	1	6
8.93771	0	1	449	FullDelay	4.65409	4.65409e+06	2	6
8.96188	0	1	451	LastDelay	1.9749	1.9749e+06	1	6
8.96188	0	1	451	FullDelay	4.6646	4.6646e+06	2	6
8.97186	0	1	452	LastDelay	1.97804	1.97804e+06	1	6
8.97186	0	1	452	FullDelay	4.66775	4.66775e+06	2	6
8.98189	0	1	167	LastDelay	1.98125	1.98125e+06	1	2
8.98189	0	1	167	FullDelay	6.7804	6.7804e+06	4	2
8.9926	0	1	453	LastDelay	1.98514	1.98514e+06	1	6
8.9926	0	1	453	FullDelay	4.68167	4.68167e+06	2	6
9.00651	0	1	454	LastDelay	1.99222	1.99222e+06	1	6
9.00651	0	1	454	FullDelay	4.68875	4.68875e+06	2	6
9.01558	0	1	455	LastDelay	1.99446	1.99446e+06	1	6
9.01558	0	1	455	FullDelay	4.69099	4.69099e+06	2	6
9.02591	0	1	456	LastDelay	1.99797	1.99797e+06	1	6
9.02591	0	1	456	FullDelay	4.6945	4.6945e+06	2	6
17.2944	0	1	1982	LastDelay	0.0332334	33233.4	1	6
17.2944	0	1	1982	FullDelay	0.0332334	33233.4	1	6
17.3056	0	1	1983	LastDelay	0.0376524	37652.4	1	6
17.3056	0	1	1983	FullDelay	0.0376524	37652.4	1	6
17.3201	0	1	1984	LastDelay	0.0453566	45356.6	1	6
17.3201	0	1	1984	FullDelay	0.0453566	45356.6	1	6
17.3292	0	1	1985	LastDelay	0.047616	47616	1	6
17.3292	0	1	1985	FullDelay	0.047616	47616	1	6
17.3426	0	1	1986	LastDelay	0.0541399	54139.9	1	6
17.3426	0	1	1986	FullDelay	0.0541399	54139.9	1	6
17.3547	0	1	1987	LastDelay	0.0594719	59471.9	1	6
17.3547	0	1	1987	FullDelay	0.0594719	59471.9	1	6
17.3817	0	1	268	LastDelay	0.0728117	72811.7	1	6
17.3817	0	1	268	FullDelay	14.4156	1.44156e+07	4	6
17.3943	0	1	294	LastDelay	0.0785523	78552.3	1	6
17.3943	0	1	294	FullDelay	14.2439	1.42439e+07	3	6
17.4336	0	1	306	LastDelay	0.111047	111047	1	6
17.4336	0	1	306	FullDelay	14.2013	1.42013e+07	3	6
17.4445	0	1	315	LastDelay	0.115103	115103	1	6
17.4445	0	1	315	FullDelay	14.1234	1.41234e+07	3	6
17.4583	0	1	320	LastDelay	0.122041	122041	1	6
17.4583	0	1	320	FullDelay	14.0894	1.40894e+07	3	6
17.4697	0	1	327	LastDelay	0.126693	126693	1	6
17.4697	0	1	327	FullDelay	14.0463	1.40463e+07	3	6
17.4881	0	1	361	LastDelay	0.138212	138212	1	6
17.4881	0	1	361	FullDelay	13.8257	1.38257e+07	3	6
17.4992	0	1	371	LastDelay	0.142469	142469	1	6
17.4992	0	1	371	FullDelay	13.7685	1.37685e+07	3	6
17.5095	0	1	379	LastDelay	0.146001	146001	1	6
17.5095	0	1	379	FullDelay	13.7242	1.37242e+07	3	6
17.532	0	1	396	LastDelay	0.154827	154827	1	6
17.532	0	1	396	FullDelay	13.617	1.3617e+07	3	6
17.5607	0	1	404	LastDelay	0.16989	169890	1	6
17.5607	0	1	404	FullDelay	13.5911	1.35911e+07	3	6
17.5754	0	1	416	LastDelay	0.177743	177743	1	6
17.5754	0	1	416	FullDelay	13.5239	1.35239e+07	3	6
17.5845	0	1	421	LastDelay	0.180022	180022	1	6
17.5845	0	1	421	FullDelay	13.4988	1.34988e+07	3	6
17.5956	0	1	427	LastDelay	0.184328	184328	1	6
17.5956	0	1	427	FullDelay	13.469	1.3469e+07	3	6
17.6047	0	1	435	LastDelay	0.186587	186587	1	6
17.6047	0	1	435	FullDelay	13.4235	1.34235e+07	3	6
17.6206	0	1	450	LastDelay	0.195619	195619	1	6
17.6206	0	1	450	FullDelay	13.3301	1.33301e+07	3	6
17.6399	0	1	457	LastDelay	0.208088	208088	1	6
17.6399	0	1	457	FullDelay	13.3016	1.33016e+07	3	6
17.6489	0	1	458	LastDelay	0.210327	210327	1	6
17.6489	0	1	458	FullDelay	13.3039	1.33039e+07	3	6
17.6588	0	1	459	LastDelay	0.213406	213406	1	6
17.6588	0	1	459	FullDelay	13.307	1.3307e+07	3	6
17.6713	0	1	460	LastDelay	0.219083	219083	1	6
17.6713	0	1	460	FullDelay	13.3126	1.33126e+07	3	6
17.6896	0	1	461	LastDelay	0.230516	230516	1	6
17.6896	0	1	461	FullDelay	13.3241	1.33241e+07	3	6
17.7049	0	1	462	LastDelay	0.239026	239026	1	6
17.7049	0	1	462	FullDelay	13.3326	1.33326e+07	3	6
17.714	0	1	463	LastDelay	0.241305	241305	1	6
17.714	0	1	463	FullDelay	13.3349	1.33349e+07	3	6
17.7422	0	1	464	LastDelay	0.262632	262632	1	6
17.7422	0	1	464	FullDelay	13.3562	1.33562e+07	3	6
17.7525	0	1	465	LastDelay	0.266065	266065	1	6
17.7525	0	1	465	FullDelay	13.3596	1.33596e+07	3	6
17.7661	0	1	466	LastDelay	0.272916	272916	1	6
17.7661	0	1	466	FullDelay	13.3665	1.33665e+07	3	6
17.798	0	1	467	LastDelay	0.29794	297940	1	6
17.798	0	1	467	FullDelay	13.3778	1.33778e+07	3	6
17.8131	0	1	468	LastDelay	0.306202	306202	1	6
17.8131	0	1	468	FullDelay	13.3861	1.33861e+07	3	6
17.8344	0	1	470	LastDelay	0.313866	313866	1	6
17.8344	0	1	470	FullDelay	13.3938	1.33938e+07	3	6
17.8435	0	1	471	LastDelay	0.316145	316145	1	6
17.8435	0	1	471	FullDelay	13.396	1.3396e+07	3	6
17.8526	0	1	472	LastDelay	0.318384	318384	1	6
17.8526	0	1	472	FullDelay	13.3983	1.33983e+07	3	6
17.8799	0	1	473	LastDelay	0.338923	338923	1	6
17.8799	0	1	473	FullDelay	13.4188	1.34188e+07	3	6
17.889	0	1	474	LastDelay	0.341182	341182	1	6
17.889	0	1	474	FullDelay	13.4211	1.34211e+07	3	6
17.9004	0	1	475	LastDelay	0.345727	345727	1	6
17.9004	0	1	475	FullDelay	13.4256	1.34256e+07	3	6
17.9299	0	1	477	LastDelay	0.361553	361553	1	6
17.9299	0	1	477	FullDelay	13.4414	1.34414e+07	3	6
17.9526	0	1	478	LastDelay	0.377452	377452	1	6
17.9526	0	1	478	FullDelay	13.4573	1.34573e+07	3	6
17.9727	0	1	479	LastDelay	0.390703	390703	1	6
17.9727	0	1	479	FullDelay	13.4706	1.34706e+07	3	6
17.9866	0	1	480	LastDelay	0.39783	397830	1	6
17.9866	0	1	480	FullDelay	13.4777	1.34777e+07	3	6
18.0014	0	1	481	LastDelay	0.405741	405741	1	6
18.0014	0	1	481	FullDelay	13.4856	1.34856e+07	3	6
18.015	0	1	482	LastDelay	0.412561	412561	1	6
18.015	0	1	482	FullDelay	13.4925	1.34925e+07	3	6
18.027	0	1	483	LastDelay	0.417768	417768	1	6
18.027	0	1	483	FullDelay	13.4977	1.34977e+07	3	6
18.0382	0	1	484	LastDelay	0.422065	422065	1	6
18.0382	0	1	484	FullDelay	13.502	1.3502e+07	3	6
18.0498	0	1	485	LastDelay	0.42684	426840	1	6
18.0498	0	1	485	FullDelay	13.5067	1.35067e+07	3	6
18.0589	0	1	486	LastDelay	0.429119	429119	1	6
18.0589	0	1	486	FullDelay	13.509	1.3509e+07	3	6
18.083	0	1	487	LastDelay	0.446457	446457	1	6
18.083	0	1	487	FullDelay	13.5263	1.35263e+07	3	6
18.093	0	1	488	LastDelay	0.449555	449555	1	6
18.093	0	1	488	FullDelay	13.5294	1.35294e+07	3	6
18.1053	0	1	489	LastDelay	0.455054	455054	1	6
18.1053	0	1	489	FullDelay	13.5349	1.35349e+07	3	6
18.1283	0	1	491	LastDelay	0.464453	464453	1	6
18.1283	0	1	491	FullDelay	13.5443	1.35443e+07	3	6
18.1396	0	1	492	LastDelay	0.468886	468886	1	6
18.1396	0	1	492	FullDelay	13.5488	1.35488e+07	3	6
18.1528	0	1	493	LastDelay	0.475291	475291	1	6
18.1528	0	1	493	FullDelay	13.5552	1.35552e+07	3	6
18.1761	0	1	495	LastDelay	0.484896	484896	1	6
18.1761	0	1	495	FullDelay	13.5648	1.35648e+07	3	6
18.1852	0	1	496	LastDelay	0.487155	487155	1	6
18.1852	0	1	496	FullDelay	13.567	1.3567e+07	3	6
18.1962	0	1	497	LastDelay	0.491347	491347	1	6
18.1962	0	1	497	FullDelay	13.5712	1.35712e+07	3	6
18.2082	0	1	498	LastDelay	0.496525	496525	1	6
18.2082	0	1	498	FullDelay	13.5764	1.35764e+07	3	6
18.2218	0	1	499	LastDelay	0.503316	503316	1	6
18.2218	0	1	499	FullDelay	13.5832	1.35832e+07	3	6
18.2329	0	1	500	LastDelay	0.507568	507568	1	6
18.2329	0	1	500	FullDelay	13.5875	1.35875e+07	3	6
18.2442	0	1	501	LastDelay	0.51204	512040	1	6
18.2442	0	1	501	FullDelay	13.5919	1.35919e+07	3	6
18.2661	0	1	503	LastDelay	0.520324	520324	1	6
18.2661	0	1	503	FullDelay	13.6002	1.36002e+07	3	6
18.2934	0	1	504	LastDelay	0.540759	540759	1	6
18.2934	0	1	504	FullDelay	13.6207	1.36207e+07	3	6
18.306	0	1	505	LastDelay	0.546495	546495	1	6
18.306	0	1	505	FullDelay	13.6264	1.36264e+07	3	6
18.315	0	1	506	LastDelay	0.548755	548755	1	6
18.315	0	1	506	FullDelay	13.6286	1.36286e+07	3	6
18.3241	0	1	507	LastDelay	0.550994	550994	1	6
18.3241	0	1	507	FullDelay	13.6309	1.36309e+07	3	6
18.3563	0	1	510	LastDelay	0.562702	562702	1	6
18.3563	0	1	510	FullDelay	13.6426	1.36426e+07	3	6
18.379	0	1	512	LastDelay	0.571765	571765	1	6
18.379	0	1	512	FullDelay	13.6517	1.36517e+07	3	6
18.403	0	1	514	LastDelay	0.582142	582142	1	6
18.403	0	1	514	FullDelay	13.662	1.3662e+07	3	6
18.4202	0	1	515	LastDelay	0.592456	592456	1	6
18.4202	0	1	515	FullDelay	13.6723	1.36723e+07	3	6
18.4328	0	1	516	LastDelay	0.598243	598243	1	6
18.4328	0	1	516	FullDelay	13.6781	1.36781e+07	3	6
18.4513	0	1	518	LastDelay	0.603102	603102	1	6
18.4513	0	1	518	FullDelay	13.683	1.3683e+07	3	6
18.4641	0	1	519	LastDelay	0.609026	609026	1	6
18.4641	0	1	519	FullDelay	13.6889	1.36889e+07	3	6
18.4749	0	1	520	LastDelay	0.613031	613031	1	6
18.4749	0	1	520	FullDelay	13.6929	1.36929e+07	3	6
18.4877	0	1	521	LastDelay	0.619036	619036	1	6
18.4877	0	1	521	FullDelay	13.6989	1.36989e+07	3	6
18.4978	0	1	522	LastDelay	0.622302	622302	1	6
18.4978	0	1	522	FullDelay	13.7022	1.37022e+07	3	6
18.5232	0	1	523	LastDelay	0.640903	640903	1	6
18.5232	0	1	523	FullDelay	13.7208	1.37208e+07	3	6
18.5324	0	1	524	LastDelay	0.643263	643263	1	6
18.5324	0	1	524	FullDelay	13.7232	1.37232e+07	3	6
18.5444	0	1	525	LastDelay	0.648415	648415	1	6
18.5444	0	1	525	FullDelay	13.7283	1.37283e+07	3	6
18.5577	0	1	526	LastDelay	0.654867	654867	1	6
18.5577	0	1	526	FullDelay	13.7348	1.37348e+07	3	6
18.5668	0	1	527	LastDelay	0.657107	657107	1	6
18.5668	0	1	527	FullDelay	13.737	1.3737e+07	3	6
18.5804	0	1	528	LastDelay	0.663925	663925	1	6
18.5804	0	1	528	FullDelay	13.7438	1.37438e+07	3	6
18.5896	0	1	529	LastDelay	0.666264	666264	1	6
18.5896	0	1	529	FullDelay	13.7462	1.37462e+07	3	6
18.602	0	1	530	LastDelay	0.671891	671891	1	6
18.602	0	1	530	FullDelay	13.7518	1.37518e+07	3	6
18.6308	0	1	532	LastDelay	0.687047	687047	1	6
18.6308	0	1	532	FullDelay	13.7669	1.37669e+07	3	6
18.6429	0	1	533	LastDelay	0.692299	692299	1	6
18.6429	0	1	533	FullDelay	13.7722	1.37722e+07	3	6
18.6574	0	1	534	LastDelay	0.699988	699988	1	6
18.6574	0	1	534	FullDelay	13.7799	1.37799e+07	3	6
18.6666	0	1	535	LastDelay	0.702327	702327	1	6
18.6666	0	1	535	FullDelay	13.7822	1.37822e+07	3	6
18.6817	0	1	536	LastDelay	0.710652	710652	1	6
18.6817	0	1	536	FullDelay	13.7905	1.37905e+07	3	6
18.7024	0	1	537	LastDelay	0.724474	724474	1	6
18.7024	0	1	537	FullDelay	13.8044	1.38044e+07	3	6
18.7116	0	1	538	LastDelay	0.726834	726834	1	6
18.7116	0	1	538	FullDelay	13.8067	1.38067e+07	3	6
18.7207	0	1	539	LastDelay	0.729153	729153	1	6
18.7207	0	1	539	FullDelay	13.809	1.3809e+07	3	6
18.7317	0	1	540	LastDelay	0.733287	733287	1	6
18.7317	0	1	540	FullDelay	13.8132	1.38132e+07	3	6
18.759	0	1	542	LastDelay	0.746976	746976	1	6
18.759	0	1	542	FullDelay	13.8269	1.38269e+07	3	6
18.7714	0	1	543	LastDelay	0.752477	752477	1	6
18.7714	0	1	543	FullDelay	13.8324	1.38324e+07	3	6
18.7863	0	1	544	LastDelay	0.760547	760547	1	6
18.7863	0	1	544	FullDelay	13.8404	1.38404e+07	3	6
18.8031	0	1	545	LastDelay	0.770537	770537	1	6
18.8031	0	1	545	FullDelay	13.8504	1.38504e+07	3	6
18.8215	0	1	547	LastDelay	0.775296	775296	1	6
18.8215	0	1	547	FullDelay	13.8552	1.38552e+07	3	6
18.8447	0	1	549	LastDelay	0.784906	784906	1	6
18.8447	0	1	549	FullDelay	13.8648	1.38648e+07	3	6
18.8704	0	1	551	LastDelay	0.796866	796866	1	6
18.8704	0	1	551	FullDelay	13.8768	1.38768e+07	3	6
18.8863	0	1	552	LastDelay	0.806018	806018	1	6
18.8863	0	1	552	FullDelay	13.8859	1.38859e+07	3	6
18.8963	0	1	553	LastDelay	0.809184	809184	1	6
18.8963	0	1	553	FullDelay	13.8891	1.38891e+07	3	6
18.9066	0	1	554	LastDelay	0.81259	812590	1	6
18.9066	0	1	554	FullDelay	13.8925	1.38925e+07	3	6
18.9169	0	1	555	LastDelay	0.816096	816096	1	6
18.9169	0	1	555	FullDelay	13.896	1.3896e+07	3	6
18.9291	0	1	556	LastDelay	0.821435	821435	1	6
18.9291	0	1	556	FullDelay	13.9013	1.39013e+07	3	6
18.945	0	1	557	LastDelay	0.830518	830518	1	6
18.945	0	1	557	FullDelay	13.9104	1.39104e+07	3	6
18.9541	0	1	558	LastDelay	0.832778	832778	1	6
18.9541	0	1	558	FullDelay	13.9127	1.39127e+07	3	6
18.9742	0	1	560	LastDelay	0.839289	839289	1	6
18.9742	0	1	560	FullDelay	13.9192	1.39192e+07	3	6
18.9902	0	1	561	LastDelay	0.848419	848419	1	6
18.9902	0	1	561	FullDelay	13.9283	1.39283e+07	3	6
19.0093	0	1	563	LastDelay	0.853925	853925	1	6
19.0093	0	1	563	FullDelay	13.9338	1.39338e+07	3	6
19.0227	0	1	564	LastDelay	0.860449	860449	1	6
19.0227	0	1	564	FullDelay	13.9403	1.39403e+07	3	6
19.0344	0	1	565	LastDelay	0.865363	865363	1	6
19.0344	0	1	565	FullDelay	13.9453	1.39453e+07	3	6
19.0465	0	1	566	LastDelay	0.870622	870622	1	6
19.0465	0	1	566	FullDelay	13.9505	1.39505e+07	3	6
19.0572	0	1	567	LastDelay	0.874468	874468	1	6
19.0572	0	1	567	FullDelay	13.9544	1.39544e+07	3	6
19.0724	0	1	568	LastDelay	0.882825	882825	1	6
19.0724	0	1	568	FullDelay	13.9627	1.39627e+07	3	6
19.0815	0	1	569	LastDelay	0.885164	885164	1	6
19.0815	0	1	569	FullDelay	13.9651	1.39651e+07	3	6
19.0991	0	1	570	LastDelay	0.895903	895903	1	6
19.0991	0	1	570	FullDelay	13.9758	1.39758e+07	3	6
19.1086	0	1	571	LastDelay	0.898543	898543	1	6
19.1086	0	1	571	FullDelay	13.9784	1.39784e+07	3	6
19.1328	0	1	573	LastDelay	0.909124	909124	1	6
19.1328	0	1	573	FullDelay	13.989	1.3989e+07	3	6
19.1446	0	1	574	LastDelay	0.914122	914122	1	6
19.1446	0	1	574	FullDelay	13.994	1.3994e+07	3	6
19.1537	0	1	575	LastDelay	0.916361	916361	1	6
19.1537	0	1	575	FullDelay	13.9963	1.39963e+07	3	6
19.1737	0	1	577	LastDelay	0.9227	922700	1	6
19.1737	0	1	577	FullDelay	14.0026	1.40026e+07	3	6
20.4775	0	1	929	LastDelay	0.0351254	35125.4	1	6
20.4775	0	1	929	FullDelay	10.4185	1.04185e+07	2	6
20.499	0	1	930	LastDelay	0.0498034	49803.4	1	6
20.499	0	1	930	FullDelay	10.4332	1.04332e+07	2	6
20.5302	0	1	931	LastDelay	0.074214	74214	1	6
20.5302	0	1	931	FullDelay	10.4576	1.04576e+07	2	6
20.5632	0	1	932	LastDelay	0.100411	100411	1	6
20.5632	0	1	932	FullDelay	10.4838	1.04838e+07	2	6
20.5962	0	1	933	LastDelay	0.12655	126550	1	6
20.5962	0	1	933	FullDelay	10.5099	1.05099e+07	2	6
